Site,Parameter,Date (LT),Year,Month,Day,Hour,NowCast Conc.,AQI,AQI Category,Raw Conc.,Conc. Unit,Duration,QC Name
Ulaanbaatar,PM2.5 - Principal,2022-01-01 01:00 AM,2022,01,01,01,28.4,85,Moderate,36.0,UG/M3,1 Hr,Valid
Ulaanbaatar,PM2.5 - Principal,2022-01-01 02:00 AM,2022,01,01,02,46.7,129,Unhealthy for Sensitive Groups,65.0,UG/M3,1 Hr,Valid
Ulaanbaatar,PM2.5 - Principal,2022-01-01 03:00 AM,2022,01,01,03,47.3,130,Unhealthy for Sensitive Groups,48.0,UG/M3,1 Hr,Valid
Ulaanbaatar,PM2.5 - Principal,2022-01-01 04:00 AM,2022,01,01,04,69.1,158,Unhealthy,91.0,UG/M3,1 Hr,Valid
Ulaanbaatar,PM2.5 - Principal,2022-01-01 05:00 AM,2022,01,01,05,108.1,178,Unhealthy,147.0,UG/M3,1 Hr,Valid
Ulaanbaatar,PM2.5 - Principal,2022-01-01 06:00 AM,2022,01,01,06,134.5,192,Unhealthy,161.0,UG/M3,1 Hr,Valid
Ulaanbaatar,PM2.5 - Principal,2022-01-01 07:00 AM,2022,01,01,07,104.2,176,Unhealthy,74.0,UG/M3,1 Hr,Valid
Ulaanbaatar,PM2.5 - Principal,2022-01-01 08:00 AM,2022,01,01,08,69.1,158,Unhealthy,34.0,UG/M3,1 Hr,Valid
Ulaanbaatar,PM2.5 - Principal,2022-01-01 09:00 AM,2022,01,01,09,51.5,140,Unhealthy for Sensitive Groups,34.0,UG/M3,1 Hr,Valid
Ulaanbaatar,PM2.5 - Principal,2022-01-01 10:00 AM,2022,01,01,10,55.2,150,Unhealthy for Sensitive Groups,59.0,UG/M3,1 Hr,Valid
Ulaanbaatar,PM2.5 - Principal,2022-01-01 11:00 AM,2022,01,01,11,73.6,160,Unhealthy,92.0,UG/M3,1 Hr,Valid
Ulaanbaatar,PM2.5 - Principal,2022-01-01 12:00 PM,2022,01,01,12,112.3,180,Unhealthy,151.0,UG/M3,1 Hr,Valid
Ulaanbaatar,PM2.5 - Principal,2022-01-01 01:00 PM,2022,01,01,13,79.6,163,Unhealthy,47.0,UG/M3,1 Hr,Valid
Ulaanbaatar,PM2.5 - Principal,2022-01-01 02:00 PM,2022,01,01,14,52.8,144,Unhealthy for Sensitive Groups,26.0,UG/M3,1 Hr,Valid
Ulaanbaatar,PM2.5 - Principal,2022-01-01 03:00 PM,2022,01,01,15,34.4,98,Moderate,16.0,UG/M3,1 Hr,Valid
Ulaanbaatar,PM2.5 - Principal,2022-01-01 04:00 PM,2022,01,01,16,23.6,75,Moderate,13.0,UG/M3,1 Hr,Valid
Ulaanbaatar,PM2.5 - Principal,2022-01-01 05:00 PM,2022,01,01,17,16.3,60,Moderate,9.0,UG/M3,1 Hr,Valid
Ulaanbaatar,PM2.5 - Principal,2022-01-01 06:00 PM,2022,01,01,18,15.6,58,Moderate,15.0,UG/M3,1 Hr,Valid
Ulaanbaatar,PM2.5 - Principal,2022-01-01 07:00 PM,2022,01,01,19,25.3,79,Moderate,35.0,UG/M3,1 Hr,Valid
Ulaanbaatar,PM2.5 - Principal,2022-01-01 08:00 PM,2022,01,01,20,88.6,168,Unhealthy,152.0,UG/M3,1 Hr,Valid
Ulaanbaatar,PM2.5 - Principal,2022-01-01 09:00 PM,2022,01,01,21,92.8,170,Unhealthy,97.0,UG/M3,1 Hr,Valid
Ulaanbaatar,PM2.5 - Principal,2022-01-01 10:00 PM,2022,01,01,22,97.4,173,Unhealthy,102.0,UG/M3,1 Hr,Valid
Ulaanbaatar,PM2.5 - Principal,2022-01-01 11:00 PM,2022,01,01,23,103.7,176,Unhealthy,110.0,UG/M3,1 Hr,Valid
Ulaanbaatar,PM2.5 - Principal,2022-01-02 12:00 AM,2022,01,02,00,108.8,179,Unhealthy,114.0,UG/M3,1 Hr,Valid
Ulaanbaatar,PM2.5 - Principal,2022-01-02 01:00 AM,2022,01,02,01,133.4,191,Unhealthy,158.0,UG/M3,1 Hr,Valid
Ulaanbaatar,PM2.5 - Principal,2022-01-02 02:00 AM,2022,01,02,02,154.7,205,Very Unhealthy,176.0,UG/M3,1 Hr,Valid
Ulaanbaatar,PM2.5 - Principal,2022-01-02 03:00 AM,2022,01,02,03,208.3,258,Very Unhealthy,262.0,UG/M3,1 Hr,Valid
Ulaanbaatar,PM2.5 - Principal,2022-01-02 04:00 AM,2022,01,02,04,186.2,236,Very Unhealthy,164.0,UG/M3,1 Hr,Valid
Ulaanbaatar,PM2.5 - Principal,2022-01-02 05:00 AM,2022,01,02,05,172.1,222,Very Unhealthy,158.0,UG/M3,1 Hr,Valid
Ulaanbaatar,PM2.5 - Principal,2022-01-02 06:00 AM,2022,01,02,06,208.5,258,Very Unhealthy,245.0,UG/M3,1 Hr,Valid
Ulaanbaatar,PM2.5 - Principal,2022-01-02 07:00 AM,2022,01,02,07,203.3,253,Very Unhealthy,198.0,UG/M3,1 Hr,Valid
Ulaanbaatar,PM2.5 - Principal,2022-01-02 08:00 AM,2022,01,02,08,168.6,219,Very Unhealthy,134.0,UG/M3,1 Hr,Valid
Ulaanbaatar,PM2.5 - Principal,2022-01-02 09:00 AM,2022,01,02,09,175.3,226,Very Unhealthy,182.0,UG/M3,1 Hr,Valid
Ulaanbaatar,PM2.5 - Principal,2022-01-02 10:00 AM,2022,01,02,10,211.6,262,Very Unhealthy,248.0,UG/M3,1 Hr,Valid
Ulaanbaatar,PM2.5 - Principal,2022-01-02 11:00 AM,2022,01,02,11,286.3,336,Hazardous,361.0,UG/M3,1 Hr,Valid
Ulaanbaatar,PM2.5 - Principal,2022-01-02 12:00 PM,2022,01,02,12,344.2,394,Hazardous,402.0,UG/M3,1 Hr,Valid
Ulaanbaatar,PM2.5 - Principal,2022-01-02 01:00 PM,2022,01,02,13,215.6,266,Very Unhealthy,87.0,UG/M3,1 Hr,Valid
Ulaanbaatar,PM2.5 - Principal,2022-01-02 02:00 PM,2022,01,02,14,143.2,196,Unhealthy,71.0,UG/M3,1 Hr,Valid
Ulaanbaatar,PM2.5 - Principal,2022-01-02 03:00 PM,2022,01,02,15,107.6,178,Unhealthy,72.0,UG/M3,1 Hr,Valid
Ulaanbaatar,PM2.5 - Principal,2022-01-02 04:00 PM,2022,01,02,16,76.2,162,Unhealthy,45.0,UG/M3,1 Hr,Valid
Ulaanbaatar,PM2.5 - Principal,2022-01-02 05:00 PM,2022,01,02,17,59.1,153,Unhealthy,42.0,UG/M3,1 Hr,Valid
Ulaanbaatar,PM2.5 - Principal,2022-01-02 06:00 PM,2022,01,02,18,48.5,133,Unhealthy for Sensitive Groups,38.0,UG/M3,1 Hr,Valid
Ulaanbaatar,PM2.5 - Principal,2022-01-02 07:00 PM,2022,01,02,19,44.7,124,Unhealthy for Sensitive Groups,41.0,UG/M3,1 Hr,Valid
Ulaanbaatar,PM2.5 - Principal,2022-01-02 08:00 PM,2022,01,02,20,86.8,167,Unhealthy,129.0,UG/M3,1 Hr,Valid
Ulaanbaatar,PM2.5 - Principal,2022-01-02 09:00 PM,2022,01,02,21,183.4,234,Very Unhealthy,280.0,UG/M3,1 Hr,Valid
Ulaanbaatar,PM2.5 - Principal,2022-01-02 10:00 PM,2022,01,02,22,210.2,260,Very Unhealthy,237.0,UG/M3,1 Hr,Valid
Ulaanbaatar,PM2.5 - Principal,2022-01-02 11:00 PM,2022,01,02,23,181.5,232,Very Unhealthy,153.0,UG/M3,1 Hr,Valid
Ulaanbaatar,PM2.5 - Principal,2022-01-03 12:00 AM,2022,01,03,00,160.2,211,Very Unhealthy,139.0,UG/M3,1 Hr,Valid
Ulaanbaatar,PM2.5 - Principal,2022-01-03 01:00 AM,2022,01,03,01,171.1,221,Very Unhealthy,182.0,UG/M3,1 Hr,Valid
Ulaanbaatar,PM2.5 - Principal,2022-01-03 02:00 AM,2022,01,03,02,227.0,277,Very Unhealthy,283.0,UG/M3,1 Hr,Valid
Ulaanbaatar,PM2.5 - Principal,2022-01-03 03:00 AM,2022,01,03,03,237.5,287,Very Unhealthy,248.0,UG/M3,1 Hr,Valid
Ulaanbaatar,PM2.5 - Principal,2022-01-03 04:00 AM,2022,01,03,04,232.3,282,Very Unhealthy,227.0,UG/M3,1 Hr,Valid
Ulaanbaatar,PM2.5 - Principal,2022-01-03 05:00 AM,2022,01,03,05,223.6,273,Very Unhealthy,215.0,UG/M3,1 Hr,Valid
Ulaanbaatar,PM2.5 - Principal,2022-01-03 06:00 AM,2022,01,03,06,173.8,224,Very Unhealthy,124.0,UG/M3,1 Hr,Valid
Ulaanbaatar,PM2.5 - Principal,2022-01-03 07:00 AM,2022,01,03,07,140.9,195,Unhealthy,108.0,UG/M3,1 Hr,Valid
Ulaanbaatar,PM2.5 - Principal,2022-01-03 08:00 AM,2022,01,03,08,134.9,192,Unhealthy,129.0,UG/M3,1 Hr,Valid
Ulaanbaatar,PM2.5 - Principal,2022-01-03 09:00 AM,2022,01,03,09,192.9,243,Very Unhealthy,251.0,UG/M3,1 Hr,Valid
Ulaanbaatar,PM2.5 - Principal,2022-01-03 10:00 AM,2022,01,03,10,268.0,318,Hazardous,343.0,UG/M3,1 Hr,Valid
Ulaanbaatar,PM2.5 - Principal,2022-01-03 11:00 AM,2022,01,03,11,370.0,414,Hazardous,472.0,UG/M3,1 Hr,Valid
Ulaanbaatar,PM2.5 - Principal,2022-01-03 12:00 PM,2022,01,03,12,441.0,461,Hazardous,512.0,UG/M3,1 Hr,Valid
Ulaanbaatar,PM2.5 - Principal,2022-01-03 01:00 PM,2022,01,03,13,251.0,301,Hazardous,61.0,UG/M3,1 Hr,Valid
Ulaanbaatar,PM2.5 - Principal,2022-01-03 02:00 PM,2022,01,03,14,149.9,200,Unhealthy,49.0,UG/M3,1 Hr,Valid
Ulaanbaatar,PM2.5 - Principal,2022-01-03 03:00 PM,2022,01,03,15,95.9,172,Unhealthy,42.0,UG/M3,1 Hr,Valid
Ulaanbaatar,PM2.5 - Principal,2022-01-03 04:00 PM,2022,01,03,16,71.4,159,Unhealthy,47.0,UG/M3,1 Hr,Valid
Ulaanbaatar,PM2.5 - Principal,2022-01-03 05:00 PM,2022,01,03,17,57.2,152,Unhealthy,43.0,UG/M3,1 Hr,Valid
Ulaanbaatar,PM2.5 - Principal,2022-01-03 06:00 PM,2022,01,03,18,64.0,155,Unhealthy,71.0,UG/M3,1 Hr,Valid
Ulaanbaatar,PM2.5 - Principal,2022-01-03 07:00 PM,2022,01,03,19,74.5,161,Unhealthy,85.0,UG/M3,1 Hr,Valid
Ulaanbaatar,PM2.5 - Principal,2022-01-03 08:00 PM,2022,01,03,20,84.2,166,Unhealthy,94.0,UG/M3,1 Hr,Valid
Ulaanbaatar,PM2.5 - Principal,2022-01-03 09:00 PM,2022,01,03,21,202.1,252,Very Unhealthy,320.0,UG/M3,1 Hr,Valid
Ulaanbaatar,PM2.5 - Principal,2022-01-03 10:00 PM,2022,01,03,22,279.0,329,Hazardous,356.0,UG/M3,1 Hr,Valid
Ulaanbaatar,PM2.5 - Principal,2022-01-03 11:00 PM,2022,01,03,23,344.0,394,Hazardous,409.0,UG/M3,1 Hr,Valid
Ulaanbaatar,PM2.5 - Principal,2022-01-04 12:00 AM,2022,01,04,00,329.4,379,Hazardous,315.0,UG/M3,1 Hr,Valid
Ulaanbaatar,PM2.5 - Principal,2022-01-04 01:00 AM,2022,01,04,01,320.2,370,Hazardous,311.0,UG/M3,1 Hr,Valid
Ulaanbaatar,PM2.5 - Principal,2022-01-04 02:00 AM,2022,01,04,02,388.1,426,Hazardous,456.0,UG/M3,1 Hr,Valid
Ulaanbaatar,PM2.5 - Principal,2022-01-04 03:00 AM,2022,01,04,03,353.6,403,Hazardous,319.0,UG/M3,1 Hr,Valid
Ulaanbaatar,PM2.5 - Principal,2022-01-04 04:00 AM,2022,01,04,04,420.3,447,Hazardous,487.0,UG/M3,1 Hr,Valid
Ulaanbaatar,PM2.5 - Principal,2022-01-04 05:00 AM,2022,01,04,05,339.2,389,Hazardous,258.0,UG/M3,1 Hr,Valid
Ulaanbaatar,PM2.5 - Principal,2022-01-04 06:00 AM,2022,01,04,06,349.1,399,Hazardous,359.0,UG/M3,1 Hr,Valid
Ulaanbaatar,PM2.5 - Principal,2022-01-04 07:00 AM,2022,01,04,07,270.0,320,Hazardous,191.0,UG/M3,1 Hr,Valid
Ulaanbaatar,PM2.5 - Principal,2022-01-04 08:00 AM,2022,01,04,08,260.0,310,Hazardous,250.0,UG/M3,1 Hr,Valid
Ulaanbaatar,PM2.5 - Principal,2022-01-04 09:00 AM,2022,01,04,09,276.0,326,Hazardous,292.0,UG/M3,1 Hr,Valid
Ulaanbaatar,PM2.5 - Principal,2022-01-04 10:00 AM,2022,01,04,10,382.0,422,Hazardous,488.0,UG/M3,1 Hr,Valid
Ulaanbaatar,PM2.5 - Principal,2022-01-04 11:00 AM,2022,01,04,11,478.5,486,Hazardous,575.0,UG/M3,1 Hr,Valid
Ulaanbaatar,PM2.5 - Principal,2022-01-04 12:00 PM,2022,01,04,12,315.7,366,Hazardous,153.0,UG/M3,1 Hr,Valid
Ulaanbaatar,PM2.5 - Principal,2022-01-04 01:00 PM,2022,01,04,13,179.3,230,Very Unhealthy,43.0,UG/M3,1 Hr,Valid
Ulaanbaatar,PM2.5 - Principal,2022-01-04 02:00 PM,2022,01,04,14,114.1,181,Unhealthy,49.0,UG/M3,1 Hr,Valid
Ulaanbaatar,PM2.5 - Principal,2022-01-04 03:00 PM,2022,01,04,15,82.5,165,Unhealthy,51.0,UG/M3,1 Hr,Valid
Ulaanbaatar,PM2.5 - Principal,2022-01-04 04:00 PM,2022,01,04,16,70.7,159,Unhealthy,59.0,UG/M3,1 Hr,Valid
Ulaanbaatar,PM2.5 - Principal,2022-01-04 05:00 PM,2022,01,04,17,61.8,154,Unhealthy,53.0,UG/M3,1 Hr,Valid
Ulaanbaatar,PM2.5 - Principal,2022-01-04 06:00 PM,2022,01,04,18,63.8,155,Unhealthy,66.0,UG/M3,1 Hr,Valid
Ulaanbaatar,PM2.5 - Principal,2022-01-04 07:00 PM,2022,01,04,19,67.4,157,Unhealthy,71.0,UG/M3,1 Hr,Valid
Ulaanbaatar,PM2.5 - Principal,2022-01-04 08:00 PM,2022,01,04,20,98.6,173,Unhealthy,130.0,UG/M3,1 Hr,Valid
Ulaanbaatar,PM2.5 - Principal,2022-01-04 09:00 PM,2022,01,04,21,292.8,343,Hazardous,487.0,UG/M3,1 Hr,Valid
Ulaanbaatar,PM2.5 - Principal,2022-01-04 10:00 PM,2022,01,04,22,451.9,468,Hazardous,611.0,UG/M3,1 Hr,Valid
Ulaanbaatar,PM2.5 - Principal,2022-01-04 11:00 PM,2022,01,04,23,534.4,522,Hazardous,617.0,UG/M3,1 Hr,Valid
Ulaanbaatar,PM2.5 - Principal,2022-01-05 12:00 AM,2022,01,05,00,438.2,459,Hazardous,342.0,UG/M3,1 Hr,Valid
Ulaanbaatar,PM2.5 - Principal,2022-01-05 01:00 AM,2022,01,05,01,558.7,539,Hazardous,679.0,UG/M3,1 Hr,Valid
Ulaanbaatar,PM2.5 - Principal,2022-01-05 02:00 AM,2022,01,05,02,507.4,505,Hazardous,456.0,UG/M3,1 Hr,Valid
Ulaanbaatar,PM2.5 - Principal,2022-01-05 03:00 AM,2022,01,05,03,434.7,457,Hazardous,362.0,UG/M3,1 Hr,Valid
Ulaanbaatar,PM2.5 - Principal,2022-01-05 04:00 AM,2022,01,05,04,412.9,442,Hazardous,391.0,UG/M3,1 Hr,Valid
Ulaanbaatar,PM2.5 - Principal,2022-01-05 05:00 AM,2022,01,05,05,387.9,426,Hazardous,363.0,UG/M3,1 Hr,Valid
Ulaanbaatar,PM2.5 - Principal,2022-01-05 06:00 AM,2022,01,05,06,276.0,326,Hazardous,164.0,UG/M3,1 Hr,Valid
Ulaanbaatar,PM2.5 - Principal,2022-01-05 07:00 AM,2022,01,05,07,234.0,284,Very Unhealthy,192.0,UG/M3,1 Hr,Valid
Ulaanbaatar,PM2.5 - Principal,2022-01-05 08:00 AM,2022,01,05,08,226.5,276,Very Unhealthy,219.0,UG/M3,1 Hr,Valid
Ulaanbaatar,PM2.5 - Principal,2022-01-05 09:00 AM,2022,01,05,09,257.7,308,Hazardous,289.0,UG/M3,1 Hr,Valid
Ulaanbaatar,PM2.5 - Principal,2022-01-05 10:00 AM,2022,01,05,10,330.8,381,Hazardous,404.0,UG/M3,1 Hr,Valid
Ulaanbaatar,PM2.5 - Principal,2022-01-05 11:00 AM,2022,01,05,11,463.9,476,Hazardous,597.0,UG/M3,1 Hr,Valid
Ulaanbaatar,PM2.5 - Principal,2022-01-05 12:00 PM,2022,01,05,12,570.5,546,Hazardous,677.0,UG/M3,1 Hr,Valid
Ulaanbaatar,PM2.5 - Principal,2022-01-05 01:00 PM,2022,01,05,13,302.1,352,Hazardous,34.0,UG/M3,1 Hr,Valid
Ulaanbaatar,PM2.5 - Principal,2022-01-05 02:00 PM,2022,01,05,14,165.0,215,Very Unhealthy,28.0,UG/M3,1 Hr,Valid
Ulaanbaatar,PM2.5 - Principal,2022-01-05 03:00 PM,2022,01,05,15,93.9,171,Unhealthy,23.0,UG/M3,1 Hr,Valid
Ulaanbaatar,PM2.5 - Principal,2022-01-05 04:00 PM,2022,01,05,16,59.4,153,Unhealthy,25.0,UG/M3,1 Hr,Valid
Ulaanbaatar,PM2.5 - Principal,2022-01-05 05:00 PM,2022,01,05,17,44.6,123,Unhealthy for Sensitive Groups,30.0,UG/M3,1 Hr,Valid
Ulaanbaatar,PM2.5 - Principal,2022-01-05 06:00 PM,2022,01,05,18,42.3,118,Unhealthy for Sensitive Groups,40.0,UG/M3,1 Hr,Valid
Ulaanbaatar,PM2.5 - Principal,2022-01-05 07:00 PM,2022,01,05,19,44.1,122,Unhealthy for Sensitive Groups,46.0,UG/M3,1 Hr,Valid
Ulaanbaatar,PM2.5 - Principal,2022-01-05 08:00 PM,2022,01,05,20,62.5,155,Unhealthy,81.0,UG/M3,1 Hr,Valid
Ulaanbaatar,PM2.5 - Principal,2022-01-05 09:00 PM,2022,01,05,21,198.2,248,Very Unhealthy,334.0,UG/M3,1 Hr,Valid
Ulaanbaatar,PM2.5 - Principal,2022-01-05 10:00 PM,2022,01,05,22,493.1,495,Hazardous,788.0,UG/M3,1 Hr,Valid
Ulaanbaatar,PM2.5 - Principal,2022-01-05 11:00 PM,2022,01,05,23,568.6,545,Hazardous,644.0,UG/M3,1 Hr,Valid
Ulaanbaatar,PM2.5 - Principal,2022-01-06 12:00 AM,2022,01,06,00,621.2,580,Hazardous,674.0,UG/M3,1 Hr,Valid
Ulaanbaatar,PM2.5 - Principal,2022-01-06 01:00 AM,2022,01,06,01,603.2,568,Hazardous,585.0,UG/M3,1 Hr,Valid
Ulaanbaatar,PM2.5 - Principal,2022-01-06 02:00 AM,2022,01,06,02,641.1,593,Hazardous,679.0,UG/M3,1 Hr,Valid
Ulaanbaatar,PM2.5 - Principal,2022-01-06 03:00 AM,2022,01,06,03,567.1,544,Hazardous,493.0,UG/M3,1 Hr,Valid
Ulaanbaatar,PM2.5 - Principal,2022-01-06 04:00 AM,2022,01,06,04,541.1,527,Hazardous,515.0,UG/M3,1 Hr,Valid
Ulaanbaatar,PM2.5 - Principal,2022-01-06 05:00 AM,2022,01,06,05,547.6,531,Hazardous,554.0,UG/M3,1 Hr,Valid
Ulaanbaatar,PM2.5 - Principal,2022-01-06 06:00 AM,2022,01,06,06,435.8,457,Hazardous,324.0,UG/M3,1 Hr,Valid
Ulaanbaatar,PM2.5 - Principal,2022-01-06 07:00 AM,2022,01,06,07,346.9,397,Hazardous,258.0,UG/M3,1 Hr,Valid
Ulaanbaatar,PM2.5 - Principal,2022-01-06 08:00 AM,2022,01,06,08,291.9,342,Hazardous,237.0,UG/M3,1 Hr,Valid
Ulaanbaatar,PM2.5 - Principal,2022-01-06 09:00 AM,2022,01,06,09,337.0,387,Hazardous,382.0,UG/M3,1 Hr,Valid
Ulaanbaatar,PM2.5 - Principal,2022-01-06 10:00 AM,2022,01,06,10,440.9,461,Hazardous,545.0,UG/M3,1 Hr,Valid
Ulaanbaatar,PM2.5 - Principal,2022-01-06 11:00 AM,2022,01,06,11,644.5,595,Hazardous,848.0,UG/M3,1 Hr,Valid
Ulaanbaatar,PM2.5 - Principal,2022-01-06 12:00 PM,2022,01,06,12,366.1,411,Hazardous,88.0,UG/M3,1 Hr,Valid
Ulaanbaatar,PM2.5 - Principal,2022-01-06 01:00 PM,2022,01,06,13,210.0,260,Very Unhealthy,54.0,UG/M3,1 Hr,Valid
Ulaanbaatar,PM2.5 - Principal,2022-01-06 02:00 PM,2022,01,06,14,125.4,187,Unhealthy,41.0,UG/M3,1 Hr,Valid
Ulaanbaatar,PM2.5 - Principal,2022-01-06 03:00 PM,2022,01,06,15,88.1,168,Unhealthy,51.0,UG/M3,1 Hr,Valid
Ulaanbaatar,PM2.5 - Principal,2022-01-06 04:00 PM,2022,01,06,16,62.0,154,Unhealthy,36.0,UG/M3,1 Hr,Valid
Ulaanbaatar,PM2.5 - Principal,2022-01-06 05:00 PM,2022,01,06,17,49.4,135,Unhealthy for Sensitive Groups,37.0,UG/M3,1 Hr,Valid
Ulaanbaatar,PM2.5 - Principal,2022-01-06 06:00 PM,2022,01,06,18,42.6,118,Unhealthy for Sensitive Groups,36.0,UG/M3,1 Hr,Valid
Ulaanbaatar,PM2.5 - Principal,2022-01-06 07:00 PM,2022,01,06,19,59.3,153,Unhealthy,76.0,UG/M3,1 Hr,Valid
Ulaanbaatar,PM2.5 - Principal,2022-01-06 08:00 PM,2022,01,06,20,135.6,192,Unhealthy,212.0,UG/M3,1 Hr,Valid
Ulaanbaatar,PM2.5 - Principal,2022-01-06 09:00 PM,2022,01,06,21,172.3,223,Very Unhealthy,209.0,UG/M3,1 Hr,Valid
Ulaanbaatar,PM2.5 - Principal,2022-01-06 10:00 PM,2022,01,06,22,403.6,436,Hazardous,635.0,UG/M3,1 Hr,Valid
Ulaanbaatar,PM2.5 - Principal,2022-01-06 11:00 PM,2022,01,06,23,472.2,481,Hazardous,541.0,UG/M3,1 Hr,Valid
Ulaanbaatar,PM2.5 - Principal,2022-01-07 12:00 AM,2022,01,07,00,465.6,477,Hazardous,459.0,UG/M3,1 Hr,Valid
Ulaanbaatar,PM2.5 - Principal,2022-01-07 01:00 AM,2022,01,07,01,437.8,459,Hazardous,410.0,UG/M3,1 Hr,Valid
Ulaanbaatar,PM2.5 - Principal,2022-01-07 02:00 AM,2022,01,07,02,395.4,431,Hazardous,353.0,UG/M3,1 Hr,Valid
Ulaanbaatar,PM2.5 - Principal,2022-01-07 03:00 AM,2022,01,07,03,443.2,462,Hazardous,491.0,UG/M3,1 Hr,Valid
Ulaanbaatar,PM2.5 - Principal,2022-01-07 04:00 AM,2022,01,07,04,482.7,488,Hazardous,522.0,UG/M3,1 Hr,Valid
Ulaanbaatar,PM2.5 - Principal,2022-01-07 05:00 AM,2022,01,07,05,445.8,464,Hazardous,409.0,UG/M3,1 Hr,Valid
Ulaanbaatar,PM2.5 - Principal,2022-01-07 06:00 AM,2022,01,07,06,341.4,391,Hazardous,237.0,UG/M3,1 Hr,Valid
Ulaanbaatar,PM2.5 - Principal,2022-01-07 07:00 AM,2022,01,07,07,339.7,389,Hazardous,338.0,UG/M3,1 Hr,Valid
Ulaanbaatar,PM2.5 - Principal,2022-01-07 08:00 AM,2022,01,07,08,229.8,280,Very Unhealthy,120.0,UG/M3,1 Hr,Valid
Ulaanbaatar,PM2.5 - Principal,2022-01-07 09:00 AM,2022,01,07,09,223.9,274,Very Unhealthy,218.0,UG/M3,1 Hr,Valid
Ulaanbaatar,PM2.5 - Principal,2022-01-07 10:00 AM,2022,01,07,10,214.4,264,Very Unhealthy,205.0,UG/M3,1 Hr,Valid
Ulaanbaatar,PM2.5 - Principal,2022-01-07 11:00 AM,2022,01,07,11,476.7,484,Hazardous,739.0,UG/M3,1 Hr,Valid
Ulaanbaatar,PM2.5 - Principal,2022-01-07 12:00 PM,2022,01,07,12,366.3,411,Hazardous,256.0,UG/M3,1 Hr,Valid
Ulaanbaatar,PM2.5 - Principal,2022-01-07 01:00 PM,2022,01,07,13,259.1,310,Hazardous,152.0,UG/M3,1 Hr,Valid
Ulaanbaatar,PM2.5 - Principal,2022-01-07 02:00 PM,2022,01,07,14,170.5,221,Very Unhealthy,82.0,UG/M3,1 Hr,Valid
Ulaanbaatar,PM2.5 - Principal,2022-01-07 03:00 PM,2022,01,07,15,122.7,186,Unhealthy,75.0,UG/M3,1 Hr,Valid
Ulaanbaatar,PM2.5 - Principal,2022-01-07 04:00 PM,2022,01,07,16,120.8,185,Unhealthy,119.0,UG/M3,1 Hr,Valid
Ulaanbaatar,PM2.5 - Principal,2022-01-07 05:00 PM,2022,01,07,17,93.3,171,Unhealthy,66.0,UG/M3,1 Hr,Valid
Ulaanbaatar,PM2.5 - Principal,2022-01-07 06:00 PM,2022,01,07,18,74.1,161,Unhealthy,55.0,UG/M3,1 Hr,Valid
Ulaanbaatar,PM2.5 - Principal,2022-01-07 07:00 PM,2022,01,07,19,70.5,159,Unhealthy,67.0,UG/M3,1 Hr,Valid
Ulaanbaatar,PM2.5 - Principal,2022-01-07 08:00 PM,2022,01,07,20,67.2,157,Unhealthy,64.0,UG/M3,1 Hr,Valid
Ulaanbaatar,PM2.5 - Principal,2022-01-07 09:00 PM,2022,01,07,21,205.6,256,Very Unhealthy,344.0,UG/M3,1 Hr,Valid
Ulaanbaatar,PM2.5 - Principal,2022-01-07 10:00 PM,2022,01,07,22,382.8,422,Hazardous,560.0,UG/M3,1 Hr,Valid
Ulaanbaatar,PM2.5 - Principal,2022-01-07 11:00 PM,2022,01,07,23,468.4,479,Hazardous,554.0,UG/M3,1 Hr,Valid
Ulaanbaatar,PM2.5 - Principal,2022-01-08 12:00 AM,2022,01,08,00,459.2,473,Hazardous,450.0,UG/M3,1 Hr,Valid
Ulaanbaatar,PM2.5 - Principal,2022-01-08 01:00 AM,2022,01,08,01,426.6,451,Hazardous,394.0,UG/M3,1 Hr,Valid
Ulaanbaatar,PM2.5 - Principal,2022-01-08 02:00 AM,2022,01,08,02,485.3,490,Hazardous,544.0,UG/M3,1 Hr,Valid
Ulaanbaatar,PM2.5 - Principal,2022-01-08 03:00 AM,2022,01,08,03,525.2,516,Hazardous,565.0,UG/M3,1 Hr,Valid
Ulaanbaatar,PM2.5 - Principal,2022-01-08 04:00 AM,2022,01,08,04,443.6,462,Hazardous,362.0,UG/M3,1 Hr,Valid
Ulaanbaatar,PM2.5 - Principal,2022-01-08 05:00 AM,2022,01,08,05,359.3,407,Hazardous,275.0,UG/M3,1 Hr,Valid
Ulaanbaatar,PM2.5 - Principal,2022-01-08 06:00 AM,2022,01,08,06,291.6,342,Hazardous,224.0,UG/M3,1 Hr,Valid
Ulaanbaatar,PM2.5 - Principal,2022-01-08 07:00 AM,2022,01,08,07,251.3,302,Hazardous,211.0,UG/M3,1 Hr,Valid
Ulaanbaatar,PM2.5 - Principal,2022-01-08 08:00 AM,2022,01,08,08,236.7,286,Very Unhealthy,222.0,UG/M3,1 Hr,Valid
Ulaanbaatar,PM2.5 - Principal,2022-01-08 09:00 AM,2022,01,08,09,283.8,334,Hazardous,331.0,UG/M3,1 Hr,Valid
Ulaanbaatar,PM2.5 - Principal,2022-01-08 10:00 AM,2022,01,08,10,308.8,359,Hazardous,334.0,UG/M3,1 Hr,Valid
Ulaanbaatar,PM2.5 - Principal,2022-01-08 11:00 AM,2022,01,08,11,200.8,251,Very Unhealthy,93.0,UG/M3,1 Hr,Valid
Ulaanbaatar,PM2.5 - Principal,2022-01-08 12:00 PM,2022,01,08,12,182.9,233,Very Unhealthy,165.0,UG/M3,1 Hr,Valid
Ulaanbaatar,PM2.5 - Principal,2022-01-08 01:00 PM,2022,01,08,13,131.9,190,Unhealthy,81.0,UG/M3,1 Hr,Valid
Ulaanbaatar,PM2.5 - Principal,2022-01-08 02:00 PM,2022,01,08,14,103.4,176,Unhealthy,75.0,UG/M3,1 Hr,Valid
Ulaanbaatar,PM2.5 - Principal,2022-01-08 03:00 PM,2022,01,08,15,78.6,163,Unhealthy,54.0,UG/M3,1 Hr,Valid
Ulaanbaatar,PM2.5 - Principal,2022-01-08 04:00 PM,2022,01,08,16,76.7,162,Unhealthy,75.0,UG/M3,1 Hr,Valid
Ulaanbaatar,PM2.5 - Principal,2022-01-08 05:00 PM,2022,01,08,17,81.8,165,Unhealthy,87.0,UG/M3,1 Hr,Valid
Ulaanbaatar,PM2.5 - Principal,2022-01-08 06:00 PM,2022,01,08,18,72.4,160,Unhealthy,63.0,UG/M3,1 Hr,Valid
Ulaanbaatar,PM2.5 - Principal,2022-01-08 07:00 PM,2022,01,08,19,59.6,153,Unhealthy,47.0,UG/M3,1 Hr,Valid
Ulaanbaatar,PM2.5 - Principal,2022-01-08 08:00 PM,2022,01,08,20,52.3,142,Unhealthy for Sensitive Groups,45.0,UG/M3,1 Hr,Valid
Ulaanbaatar,PM2.5 - Principal,2022-01-08 09:00 PM,2022,01,08,21,55.1,149,Unhealthy for Sensitive Groups,58.0,UG/M3,1 Hr,Valid
Ulaanbaatar,PM2.5 - Principal,2022-01-08 10:00 PM,2022,01,08,22,57.5,152,Unhealthy,60.0,UG/M3,1 Hr,Valid
Ulaanbaatar,PM2.5 - Principal,2022-01-08 11:00 PM,2022,01,08,23,67.2,157,Unhealthy,77.0,UG/M3,1 Hr,Valid
Ulaanbaatar,PM2.5 - Principal,2022-01-09 12:00 AM,2022,01,09,00,106.1,177,Unhealthy,145.0,UG/M3,1 Hr,Valid
Ulaanbaatar,PM2.5 - Principal,2022-01-09 01:00 AM,2022,01,09,01,218.0,268,Very Unhealthy,330.0,UG/M3,1 Hr,Valid
Ulaanbaatar,PM2.5 - Principal,2022-01-09 02:00 AM,2022,01,09,02,282.0,332,Hazardous,346.0,UG/M3,1 Hr,Valid
Ulaanbaatar,PM2.5 - Principal,2022-01-09 03:00 AM,2022,01,09,03,273.5,324,Hazardous,265.0,UG/M3,1 Hr,Valid
Ulaanbaatar,PM2.5 - Principal,2022-01-09 04:00 AM,2022,01,09,04,247.8,297,Very Unhealthy,222.0,UG/M3,1 Hr,Valid
Ulaanbaatar,PM2.5 - Principal,2022-01-09 05:00 AM,2022,01,09,05,177.9,228,Very Unhealthy,108.0,UG/M3,1 Hr,Valid
Ulaanbaatar,PM2.5 - Principal,2022-01-09 06:00 AM,2022,01,09,06,146.4,198,Unhealthy,115.0,UG/M3,1 Hr,Valid
Ulaanbaatar,PM2.5 - Principal,2022-01-09 07:00 AM,2022,01,09,07,137.7,193,Unhealthy,129.0,UG/M3,1 Hr,Valid
Ulaanbaatar,PM2.5 - Principal,2022-01-09 08:00 AM,2022,01,09,08,152.3,203,Very Unhealthy,167.0,UG/M3,1 Hr,Valid
Ulaanbaatar,PM2.5 - Principal,2022-01-09 09:00 AM,2022,01,09,09,191.2,241,Very Unhealthy,230.0,UG/M3,1 Hr,Valid
Ulaanbaatar,PM2.5 - Principal,2022-01-09 10:00 AM,2022,01,09,10,278.1,328,Hazardous,365.0,UG/M3,1 Hr,Valid
Ulaanbaatar,PM2.5 - Principal,2022-01-09 11:00 AM,2022,01,09,11,424.6,450,Hazardous,571.0,UG/M3,1 Hr,Valid
Ulaanbaatar,PM2.5 - Principal,2022-01-09 12:00 PM,2022,01,09,12,584.8,556,Hazardous,745.0,UG/M3,1 Hr,Suspect
Ulaanbaatar,PM2.5 - Principal,2022-01-09 01:00 PM,2022,01,09,13,308.9,359,Hazardous,33.0,UG/M3,1 Hr,Valid
Ulaanbaatar,PM2.5 - Principal,2022-01-09 02:00 PM,2022,01,09,14,169.4,220,Very Unhealthy,30.0,UG/M3,1 Hr,Valid
Ulaanbaatar,PM2.5 - Principal,2022-01-09 03:00 PM,2022,01,09,15,96.1,172,Unhealthy,23.0,UG/M3,1 Hr,Valid
Ulaanbaatar,PM2.5 - Principal,2022-01-09 04:00 PM,2022,01,09,16,59.5,153,Unhealthy,23.0,UG/M3,1 Hr,Valid
Ulaanbaatar,PM2.5 - Principal,2022-01-09 05:00 PM,2022,01,09,17,39.7,111,Unhealthy for Sensitive Groups,20.0,UG/M3,1 Hr,Valid
Ulaanbaatar,PM2.5 - Principal,2022-01-09 06:00 PM,2022,01,09,18,32.3,93,Moderate,25.0,UG/M3,1 Hr,Valid
Ulaanbaatar,PM2.5 - Principal,2022-01-09 07:00 PM,2022,01,09,19,29.1,87,Moderate,26.0,UG/M3,1 Hr,Valid
Ulaanbaatar,PM2.5 - Principal,2022-01-09 08:00 PM,2022,01,09,20,43.0,119,Unhealthy for Sensitive Groups,57.0,UG/M3,1 Hr,Valid
Ulaanbaatar,PM2.5 - Principal,2022-01-09 09:00 PM,2022,01,09,21,42.0,117,Unhealthy for Sensitive Groups,41.0,UG/M3,1 Hr,Valid
Ulaanbaatar,PM2.5 - Principal,2022-01-09 10:00 PM,2022,01,09,22,46.9,129,Unhealthy for Sensitive Groups,52.0,UG/M3,1 Hr,Valid
Ulaanbaatar,PM2.5 - Principal,2022-01-09 11:00 PM,2022,01,09,23,78.9,163,Unhealthy,111.0,UG/M3,1 Hr,Valid
Ulaanbaatar,PM2.5 - Principal,2022-01-10 12:00 AM,2022,01,10,00,245.4,295,Very Unhealthy,412.0,UG/M3,1 Hr,Valid
Ulaanbaatar,PM2.5 - Principal,2022-01-10 01:00 AM,2022,01,10,01,281.7,332,Hazardous,318.0,UG/M3,1 Hr,Valid
Ulaanbaatar,PM2.5 - Principal,2022-01-10 02:00 AM,2022,01,10,02,330.4,380,Hazardous,379.0,UG/M3,1 Hr,Valid
Ulaanbaatar,PM2.5 - Principal,2022-01-10 03:00 AM,2022,01,10,03,263.7,314,Hazardous,197.0,UG/M3,1 Hr,Valid
Ulaanbaatar,PM2.5 - Principal,2022-01-10 04:00 AM,2022,01,10,04,253.8,304,Hazardous,244.0,UG/M3,1 Hr,Valid
Ulaanbaatar,PM2.5 - Principal,2022-01-10 05:00 AM,2022,01,10,05,202.4,252,Very Unhealthy,151.0,UG/M3,1 Hr,Valid
Ulaanbaatar,PM2.5 - Principal,2022-01-10 06:00 AM,2022,01,10,06,200.2,250,Very Unhealthy,198.0,UG/M3,1 Hr,Valid
Ulaanbaatar,PM2.5 - Principal,2022-01-10 07:00 AM,2022,01,10,07,150.1,200,Unhealthy,100.0,UG/M3,1 Hr,Valid
Ulaanbaatar,PM2.5 - Principal,2022-01-10 08:00 AM,2022,01,10,08,118.5,184,Unhealthy,87.0,UG/M3,1 Hr,Valid
Ulaanbaatar,PM2.5 - Principal,2022-01-10 09:00 AM,2022,01,10,09,135.7,192,Unhealthy,153.0,UG/M3,1 Hr,Valid
Ulaanbaatar,PM2.5 - Principal,2022-01-10 10:00 AM,2022,01,10,10,212.9,263,Very Unhealthy,290.0,UG/M3,1 Hr,Valid
Ulaanbaatar,PM2.5 - Principal,2022-01-10 11:00 AM,2022,01,10,11,198.9,249,Very Unhealthy,185.0,UG/M3,1 Hr,Valid
Ulaanbaatar,PM2.5 - Principal,2022-01-10 12:00 PM,2022,01,10,12,129.4,189,Unhealthy,60.0,UG/M3,1 Hr,Valid
Ulaanbaatar,PM2.5 - Principal,2022-01-10 01:00 PM,2022,01,10,13,87.6,168,Unhealthy,46.0,UG/M3,1 Hr,Valid
Ulaanbaatar,PM2.5 - Principal,2022-01-10 02:00 PM,2022,01,10,14,62.8,155,Unhealthy,38.0,UG/M3,1 Hr,Valid
Ulaanbaatar,PM2.5 - Principal,2022-01-10 03:00 PM,2022,01,10,15,49.3,135,Unhealthy for Sensitive Groups,36.0,UG/M3,1 Hr,Valid
Ulaanbaatar,PM2.5 - Principal,2022-01-10 04:00 PM,2022,01,10,16,42.6,118,Unhealthy for Sensitive Groups,36.0,UG/M3,1 Hr,Valid
Ulaanbaatar,PM2.5 - Principal,2022-01-10 05:00 PM,2022,01,10,17,44.8,124,Unhealthy for Sensitive Groups,47.0,UG/M3,1 Hr,Valid
Ulaanbaatar,PM2.5 - Principal,2022-01-10 06:00 PM,2022,01,10,18,49.8,136,Unhealthy for Sensitive Groups,55.0,UG/M3,1 Hr,Valid
Ulaanbaatar,PM2.5 - Principal,2022-01-10 07:00 PM,2022,01,10,19,58.9,153,Unhealthy,68.0,UG/M3,1 Hr,Valid
Ulaanbaatar,PM2.5 - Principal,2022-01-10 08:00 PM,2022,01,10,20,77.4,162,Unhealthy,96.0,UG/M3,1 Hr,Valid
Ulaanbaatar,PM2.5 - Principal,2022-01-10 09:00 PM,2022,01,10,21,99.7,174,Unhealthy,122.0,UG/M3,1 Hr,Valid
Ulaanbaatar,PM2.5 - Principal,2022-01-10 10:00 PM,2022,01,10,22,268.8,319,Hazardous,438.0,UG/M3,1 Hr,Valid
Ulaanbaatar,PM2.5 - Principal,2022-01-10 11:00 PM,2022,01,10,23,205.9,256,Very Unhealthy,143.0,UG/M3,1 Hr,Valid
Ulaanbaatar,PM2.5 - Principal,2022-01-11 12:00 AM,2022,01,11,00,228.4,278,Very Unhealthy,251.0,UG/M3,1 Hr,Valid
Ulaanbaatar,PM2.5 - Principal,2022-01-11 01:00 AM,2022,01,11,01,386.8,425,Hazardous,545.0,UG/M3,1 Hr,Valid
Ulaanbaatar,PM2.5 - Principal,2022-01-11 02:00 AM,2022,01,11,02,276.9,327,Hazardous,167.0,UG/M3,1 Hr,Valid
Ulaanbaatar,PM2.5 - Principal,2022-01-11 03:00 AM,2022,01,11,03,376.5,418,Hazardous,476.0,UG/M3,1 Hr,Valid
Ulaanbaatar,PM2.5 - Principal,2022-01-11 04:00 AM,2022,01,11,04,241.7,291,Very Unhealthy,107.0,UG/M3,1 Hr,Valid
Ulaanbaatar,PM2.5 - Principal,2022-01-11 05:00 AM,2022,01,11,05,169.8,220,Very Unhealthy,98.0,UG/M3,1 Hr,Valid
Ulaanbaatar,PM2.5 - Principal,2022-01-11 06:00 AM,2022,01,11,06,113.4,181,Unhealthy,57.0,UG/M3,1 Hr,Valid
Ulaanbaatar,PM2.5 - Principal,2022-01-11 07:00 AM,2022,01,11,07,82.7,165,Unhealthy,52.0,UG/M3,1 Hr,Valid
Ulaanbaatar,PM2.5 - Principal,2022-01-11 08:00 AM,2022,01,11,08,64.3,156,Unhealthy,46.0,UG/M3,1 Hr,Valid
Ulaanbaatar,PM2.5 - Principal,2022-01-11 09:00 AM,2022,01,11,09,71.1,159,Unhealthy,78.0,UG/M3,1 Hr,Valid
Ulaanbaatar,PM2.5 - Principal,2022-01-11 10:00 AM,2022,01,11,10,77.5,162,Unhealthy,84.0,UG/M3,1 Hr,Valid
Ulaanbaatar,PM2.5 - Principal,2022-01-11 11:00 AM,2022,01,11,11,92.7,170,Unhealthy,108.0,UG/M3,1 Hr,Valid
Ulaanbaatar,PM2.5 - Principal,2022-01-11 12:00 PM,2022,01,11,12,128.8,189,Unhealthy,165.0,UG/M3,1 Hr,Valid
Ulaanbaatar,PM2.5 - Principal,2022-01-11 01:00 PM,2022,01,11,13,111.3,180,Unhealthy,94.0,UG/M3,1 Hr,Valid
Ulaanbaatar,PM2.5 - Principal,2022-01-11 02:00 PM,2022,01,11,14,112.6,180,Unhealthy,114.0,UG/M3,1 Hr,Valid
Ulaanbaatar,PM2.5 - Principal,2022-01-11 03:00 PM,2022,01,11,15,103.2,176,Unhealthy,94.0,UG/M3,1 Hr,Valid
Ulaanbaatar,PM2.5 - Principal,2022-01-11 04:00 PM,2022,01,11,16,89.6,169,Unhealthy,76.0,UG/M3,1 Hr,Valid
Ulaanbaatar,PM2.5 - Principal,2022-01-11 05:00 PM,2022,01,11,17,84.3,166,Unhealthy,79.0,UG/M3,1 Hr,Valid
Ulaanbaatar,PM2.5 - Principal,2022-01-11 06:00 PM,2022,01,11,18,52.1,142,Unhealthy for Sensitive Groups,20.0,UG/M3,1 Hr,Valid
Ulaanbaatar,PM2.5 - Principal,2022-01-11 07:00 PM,2022,01,11,19,41.0,115,Unhealthy for Sensitive Groups,30.0,UG/M3,1 Hr,Valid
Ulaanbaatar,PM2.5 - Principal,2022-01-11 08:00 PM,2022,01,11,20,33.0,95,Moderate,25.0,UG/M3,1 Hr,Valid
Ulaanbaatar,PM2.5 - Principal,2022-01-11 09:00 PM,2022,01,11,21,30.0,89,Moderate,27.0,UG/M3,1 Hr,Valid
Ulaanbaatar,PM2.5 - Principal,2022-01-11 10:00 PM,2022,01,11,22,25.9,80,Moderate,22.0,UG/M3,1 Hr,Valid
Ulaanbaatar,PM2.5 - Principal,2022-01-11 11:00 PM,2022,01,11,23,50.9,139,Unhealthy for Sensitive Groups,76.0,UG/M3,1 Hr,Valid
Ulaanbaatar,PM2.5 - Principal,2022-01-12 12:00 AM,2022,01,12,00,100.9,174,Unhealthy,151.0,UG/M3,1 Hr,Valid
Ulaanbaatar,PM2.5 - Principal,2022-01-12 01:00 AM,2022,01,12,01,161.0,211,Very Unhealthy,221.0,UG/M3,1 Hr,Valid
Ulaanbaatar,PM2.5 - Principal,2022-01-12 02:00 AM,2022,01,12,02,243.5,293,Very Unhealthy,326.0,UG/M3,1 Hr,Valid
Ulaanbaatar,PM2.5 - Principal,2022-01-12 03:00 AM,2022,01,12,03,236.7,286,Very Unhealthy,230.0,UG/M3,1 Hr,Valid
Ulaanbaatar,PM2.5 - Principal,2022-01-12 04:00 AM,2022,01,12,04,188.8,239,Very Unhealthy,141.0,UG/M3,1 Hr,Valid
Ulaanbaatar,PM2.5 - Principal,2022-01-12 05:00 AM,2022,01,12,05,129.9,189,Unhealthy,71.0,UG/M3,1 Hr,Valid
Ulaanbaatar,PM2.5 - Principal,2022-01-12 06:00 AM,2022,01,12,06,85.9,167,Unhealthy,42.0,UG/M3,1 Hr,Valid
Ulaanbaatar,PM2.5 - Principal,2022-01-12 07:00 AM,2022,01,12,07,63.4,155,Unhealthy,41.0,UG/M3,1 Hr,Valid
Ulaanbaatar,PM2.5 - Principal,2022-01-12 08:00 AM,2022,01,12,08,60.2,153,Unhealthy,57.0,UG/M3,1 Hr,Valid
Ulaanbaatar,PM2.5 - Principal,2022-01-12 09:00 AM,2022,01,12,09,89.6,169,Unhealthy,119.0,UG/M3,1 Hr,Valid
Ulaanbaatar,PM2.5 - Principal,2022-01-12 10:00 AM,2022,01,12,10,102.8,175,Unhealthy,116.0,UG/M3,1 Hr,Valid
Ulaanbaatar,PM2.5 - Principal,2022-01-12 11:00 AM,2022,01,12,11,210.9,261,Very Unhealthy,319.0,UG/M3,1 Hr,Valid
Ulaanbaatar,PM2.5 - Principal,2022-01-12 12:00 PM,2022,01,12,12,216.4,266,Very Unhealthy,222.0,UG/M3,1 Hr,Valid
Ulaanbaatar,PM2.5 - Principal,2022-01-12 01:00 PM,2022,01,12,13,174.7,225,Very Unhealthy,133.0,UG/M3,1 Hr,Valid
Ulaanbaatar,PM2.5 - Principal,2022-01-12 02:00 PM,2022,01,12,14,139.8,195,Unhealthy,105.0,UG/M3,1 Hr,Valid
Ulaanbaatar,PM2.5 - Principal,2022-01-12 03:00 PM,2022,01,12,15,77.8,163,Unhealthy,16.0,UG/M3,1 Hr,Valid
Ulaanbaatar,PM2.5 - Principal,2022-01-12 04:00 PM,2022,01,12,16,45.9,127,Unhealthy for Sensitive Groups,14.0,UG/M3,1 Hr,Valid
Ulaanbaatar,PM2.5 - Principal,2022-01-12 05:00 PM,2022,01,12,17,30.4,89,Moderate,15.0,UG/M3,1 Hr,Valid
Ulaanbaatar,PM2.5 - Principal,2022-01-12 06:00 PM,2022,01,12,18,25.2,79,Moderate,20.0,UG/M3,1 Hr,Valid
Ulaanbaatar,PM2.5 - Principal,2022-01-12 07:00 PM,2022,01,12,19,34.1,97,Moderate,43.0,UG/M3,1 Hr,Valid
Ulaanbaatar,PM2.5 - Principal,2022-01-12 08:00 PM,2022,01,12,20,76.0,162,Unhealthy,118.0,UG/M3,1 Hr,Valid
Ulaanbaatar,PM2.5 - Principal,2022-01-12 09:00 PM,2022,01,12,21,119.5,184,Unhealthy,163.0,UG/M3,1 Hr,Valid
Ulaanbaatar,PM2.5 - Principal,2022-01-12 10:00 PM,2022,01,12,22,137.2,193,Unhealthy,155.0,UG/M3,1 Hr,Valid
Ulaanbaatar,PM2.5 - Principal,2022-01-12 11:00 PM,2022,01,12,23,155.6,206,Very Unhealthy,174.0,UG/M3,1 Hr,Valid
Ulaanbaatar,PM2.5 - Principal,2022-01-13 12:00 AM,2022,01,13,00,167.8,218,Very Unhealthy,180.0,UG/M3,1 Hr,Valid
Ulaanbaatar,PM2.5 - Principal,2022-01-13 01:00 AM,2022,01,13,01,191.4,242,Very Unhealthy,215.0,UG/M3,1 Hr,Valid
Ulaanbaatar,PM2.5 - Principal,2022-01-13 02:00 AM,2022,01,13,02,176.7,227,Very Unhealthy,162.0,UG/M3,1 Hr,Valid
Ulaanbaatar,PM2.5 - Principal,2022-01-13 03:00 AM,2022,01,13,03,199.3,249,Very Unhealthy,222.0,UG/M3,1 Hr,Valid
Ulaanbaatar,PM2.5 - Principal,2022-01-13 04:00 AM,2022,01,13,04,181.7,232,Very Unhealthy,164.0,UG/M3,1 Hr,Valid
Ulaanbaatar,PM2.5 - Principal,2022-01-13 05:00 AM,2022,01,13,05,182.8,233,Very Unhealthy,184.0,UG/M3,1 Hr,Valid
Ulaanbaatar,PM2.5 - Principal,2022-01-13 06:00 AM,2022,01,13,06,173.4,224,Very Unhealthy,164.0,UG/M3,1 Hr,Valid
Ulaanbaatar,PM2.5 - Principal,2022-01-13 07:00 AM,2022,01,13,07,131.7,190,Unhealthy,90.0,UG/M3,1 Hr,Valid
Ulaanbaatar,PM2.5 - Principal,2022-01-13 08:00 AM,2022,01,13,08,130.3,190,Unhealthy,129.0,UG/M3,1 Hr,Valid
Ulaanbaatar,PM2.5 - Principal,2022-01-13 09:00 AM,2022,01,13,09,158.6,209,Very Unhealthy,187.0,UG/M3,1 Hr,Valid
Ulaanbaatar,PM2.5 - Principal,2022-01-13 10:00 AM,2022,01,13,10,279.8,330,Hazardous,401.0,UG/M3,1 Hr,Valid
Ulaanbaatar,PM2.5 - Principal,2022-01-13 11:00 AM,2022,01,13,11,366.4,412,Hazardous,453.0,UG/M3,1 Hr,Valid
Ulaanbaatar,PM2.5 - Principal,2022-01-13 12:00 PM,2022,01,13,12,354.7,404,Hazardous,343.0,UG/M3,1 Hr,Valid
Ulaanbaatar,PM2.5 - Principal,2022-01-13 01:00 PM,2022,01,13,13,200.8,251,Very Unhealthy,47.0,UG/M3,1 Hr,Valid
Ulaanbaatar,PM2.5 - Principal,2022-01-13 02:00 PM,2022,01,13,14,116.4,182,Unhealthy,32.0,UG/M3,1 Hr,Valid
Ulaanbaatar,PM2.5 - Principal,2022-01-13 03:00 PM,2022,01,13,15,73.1,160,Unhealthy,30.0,UG/M3,1 Hr,Valid
Ulaanbaatar,PM2.5 - Principal,2022-01-13 04:00 PM,2022,01,13,16,59.0,153,Unhealthy,45.0,UG/M3,1 Hr,Valid
Ulaanbaatar,PM2.5 - Principal,2022-01-13 05:00 PM,2022,01,13,17,54.0,147,Unhealthy for Sensitive Groups,49.0,UG/M3,1 Hr,Valid
Ulaanbaatar,PM2.5 - Principal,2022-01-13 06:00 PM,2022,01,13,18,51.4,140,Unhealthy for Sensitive Groups,49.0,UG/M3,1 Hr,Valid
Ulaanbaatar,PM2.5 - Principal,2022-01-13 07:00 PM,2022,01,13,19,52.2,142,Unhealthy for Sensitive Groups,53.0,UG/M3,1 Hr,Valid
Ulaanbaatar,PM2.5 - Principal,2022-01-13 08:00 PM,2022,01,13,20,64.6,156,Unhealthy,77.0,UG/M3,1 Hr,Valid
Ulaanbaatar,PM2.5 - Principal,2022-01-13 09:00 PM,2022,01,13,21,108.8,179,Unhealthy,153.0,UG/M3,1 Hr,Valid
Ulaanbaatar,PM2.5 - Principal,2022-01-13 10:00 PM,2022,01,13,22,260.9,311,Hazardous,413.0,UG/M3,1 Hr,Valid
Ulaanbaatar,PM2.5 - Principal,2022-01-13 11:00 PM,2022,01,13,23,382.4,422,Hazardous,504.0,UG/M3,1 Hr,Valid
Ulaanbaatar,PM2.5 - Principal,2022-01-14 12:00 AM,2022,01,14,00,454.2,469,Hazardous,526.0,UG/M3,1 Hr,Valid
Ulaanbaatar,PM2.5 - Principal,2022-01-14 01:00 AM,2022,01,14,01,454.1,469,Hazardous,454.0,UG/M3,1 Hr,Valid
Ulaanbaatar,PM2.5 - Principal,2022-01-14 02:00 AM,2022,01,14,02,534.1,522,Hazardous,614.0,UG/M3,1 Hr,Valid
Ulaanbaatar,PM2.5 - Principal,2022-01-14 03:00 AM,2022,01,14,03,384.1,423,Hazardous,234.0,UG/M3,1 Hr,Valid
Ulaanbaatar,PM2.5 - Principal,2022-01-14 04:00 AM,2022,01,14,04,384.1,423,Hazardous,780.0,UG/M3,1 Hr,Invalid
Ulaanbaatar,PM2.5 - Principal,2022-01-14 05:00 AM,2022,01,14,05,239.4,289,Very Unhealthy,167.0,UG/M3,1 Hr,Valid
Ulaanbaatar,PM2.5 - Principal,2022-01-14 06:00 AM,2022,01,14,06,150.6,201,Very Unhealthy,84.0,UG/M3,1 Hr,Valid
Ulaanbaatar,PM2.5 - Principal,2022-01-14 07:00 AM,2022,01,14,07,122.5,186,Unhealthy,98.0,UG/M3,1 Hr,Valid
Ulaanbaatar,PM2.5 - Principal,2022-01-14 08:00 AM,2022,01,14,08,105.7,177,Unhealthy,90.0,UG/M3,1 Hr,Valid
Ulaanbaatar,PM2.5 - Principal,2022-01-14 09:00 AM,2022,01,14,09,71.8,159,Unhealthy,39.0,UG/M3,1 Hr,Valid
Ulaanbaatar,PM2.5 - Principal,2022-01-14 10:00 AM,2022,01,14,10,50.7,138,Unhealthy for Sensitive Groups,30.0,UG/M3,1 Hr,Valid
Ulaanbaatar,PM2.5 - Principal,2022-01-14 11:00 AM,2022,01,14,11,38.7,109,Unhealthy for Sensitive Groups,27.0,UG/M3,1 Hr,Valid
Ulaanbaatar,PM2.5 - Principal,2022-01-14 12:00 PM,2022,01,14,12,31.7,92,Moderate,25.0,UG/M3,1 Hr,Valid
Ulaanbaatar,PM2.5 - Principal,2022-01-14 01:00 PM,2022,01,14,13,27.8,84,Moderate,24.0,UG/M3,1 Hr,Valid
Ulaanbaatar,PM2.5 - Principal,2022-01-14 02:00 PM,2022,01,14,14,20.3,68,Moderate,13.0,UG/M3,1 Hr,Valid
Ulaanbaatar,PM2.5 - Principal,2022-01-14 03:00 PM,2022,01,14,15,14.6,56,Moderate,9.0,UG/M3,1 Hr,Valid
Ulaanbaatar,PM2.5 - Principal,2022-01-14 04:00 PM,2022,01,14,16,11.8,49,Good,9.0,UG/M3,1 Hr,Valid
Ulaanbaatar,PM2.5 - Principal,2022-01-14 05:00 PM,2022,01,14,17,11.3,47,Good,11.0,UG/M3,1 Hr,Valid
Ulaanbaatar,PM2.5 - Principal,2022-01-14 06:00 PM,2022,01,14,18,10.6,44,Good,10.0,UG/M3,1 Hr,Valid
Ulaanbaatar,PM2.5 - Principal,2022-01-14 07:00 PM,2022,01,14,19,15.3,58,Moderate,20.0,UG/M3,1 Hr,Valid
Ulaanbaatar,PM2.5 - Principal,2022-01-14 08:00 PM,2022,01,14,20,22.1,72,Moderate,29.0,UG/M3,1 Hr,Valid
Ulaanbaatar,PM2.5 - Principal,2022-01-14 09:00 PM,2022,01,14,21,23.5,75,Moderate,25.0,UG/M3,1 Hr,Valid
Ulaanbaatar,PM2.5 - Principal,2022-01-14 10:00 PM,2022,01,14,22,30.2,89,Moderate,37.0,UG/M3,1 Hr,Valid
Ulaanbaatar,PM2.5 - Principal,2022-01-14 11:00 PM,2022,01,14,23,39.6,111,Unhealthy for Sensitive Groups,49.0,UG/M3,1 Hr,Valid
Ulaanbaatar,PM2.5 - Principal,2022-01-15 12:00 AM,2022,01,15,00,78.8,163,Unhealthy,118.0,UG/M3,1 Hr,Valid
Ulaanbaatar,PM2.5 - Principal,2022-01-15 01:00 AM,2022,01,15,01,92.9,170,Unhealthy,107.0,UG/M3,1 Hr,Valid
Ulaanbaatar,PM2.5 - Principal,2022-01-15 02:00 AM,2022,01,15,02,136.9,193,Unhealthy,181.0,UG/M3,1 Hr,Valid
Ulaanbaatar,PM2.5 - Principal,2022-01-15 03:00 AM,2022,01,15,03,111.0,180,Unhealthy,85.0,UG/M3,1 Hr,Valid
Ulaanbaatar,PM2.5 - Principal,2022-01-15 04:00 AM,2022,01,15,04,84.5,166,Unhealthy,58.0,UG/M3,1 Hr,Valid
Ulaanbaatar,PM2.5 - Principal,2022-01-15 05:00 AM,2022,01,15,05,62.7,155,Unhealthy,41.0,UG/M3,1 Hr,Valid
Ulaanbaatar,PM2.5 - Principal,2022-01-15 06:00 AM,2022,01,15,06,50.3,137,Unhealthy for Sensitive Groups,38.0,UG/M3,1 Hr,Valid
Ulaanbaatar,PM2.5 - Principal,2022-01-15 07:00 AM,2022,01,15,07,43.1,120,Unhealthy for Sensitive Groups,36.0,UG/M3,1 Hr,Valid
Ulaanbaatar,PM2.5 - Principal,2022-01-15 08:00 AM,2022,01,15,08,38.5,108,Unhealthy for Sensitive Groups,34.0,UG/M3,1 Hr,Valid
Ulaanbaatar,PM2.5 - Principal,2022-01-15 09:00 AM,2022,01,15,09,51.3,140,Unhealthy for Sensitive Groups,64.0,UG/M3,1 Hr,Valid
Ulaanbaatar,PM2.5 - Principal,2022-01-15 10:00 AM,2022,01,15,10,92.1,170,Unhealthy,133.0,UG/M3,1 Hr,Valid
Ulaanbaatar,PM2.5 - Principal,2022-01-15 11:00 AM,2022,01,15,11,187.6,238,Very Unhealthy,283.0,UG/M3,1 Hr,Valid
Ulaanbaatar,PM2.5 - Principal,2022-01-15 12:00 PM,2022,01,15,12,210.3,260,Very Unhealthy,233.0,UG/M3,1 Hr,Valid
Ulaanbaatar,PM2.5 - Principal,2022-01-15 01:00 PM,2022,01,15,13,146.1,198,Unhealthy,82.0,UG/M3,1 Hr,Valid
Ulaanbaatar,PM2.5 - Principal,2022-01-15 02:00 PM,2022,01,15,14,103.0,176,Unhealthy,60.0,UG/M3,1 Hr,Valid
Ulaanbaatar,PM2.5 - Principal,2022-01-15 03:00 PM,2022,01,15,15,82.0,165,Unhealthy,61.0,UG/M3,1 Hr,Valid
Ulaanbaatar,PM2.5 - Principal,2022-01-15 04:00 PM,2022,01,15,16,72.5,160,Unhealthy,63.0,UG/M3,1 Hr,Valid
Ulaanbaatar,PM2.5 - Principal,2022-01-15 05:00 PM,2022,01,15,17,71.7,159,Unhealthy,71.0,UG/M3,1 Hr,Valid
Ulaanbaatar,PM2.5 - Principal,2022-01-15 06:00 PM,2022,01,15,18,72.8,160,Unhealthy,74.0,UG/M3,1 Hr,Valid
Ulaanbaatar,PM2.5 - Principal,2022-01-15 07:00 PM,2022,01,15,19,76.4,162,Unhealthy,80.0,UG/M3,1 Hr,Valid
Ulaanbaatar,PM2.5 - Principal,2022-01-15 08:00 PM,2022,01,15,20,100.2,174,Unhealthy,124.0,UG/M3,1 Hr,Valid
Ulaanbaatar,PM2.5 - Principal,2022-01-15 09:00 PM,2022,01,15,21,109.1,179,Unhealthy,118.0,UG/M3,1 Hr,Valid
Ulaanbaatar,PM2.5 - Principal,2022-01-15 10:00 PM,2022,01,15,22,225.0,275,Very Unhealthy,341.0,UG/M3,1 Hr,Valid
Ulaanbaatar,PM2.5 - Principal,2022-01-15 11:00 PM,2022,01,15,23,275.0,325,Hazardous,325.0,UG/M3,1 Hr,Valid
Ulaanbaatar,PM2.5 - Principal,2022-01-16 12:00 AM,2022,01,16,00,263.0,313,Hazardous,251.0,UG/M3,1 Hr,Valid
Ulaanbaatar,PM2.5 - Principal,2022-01-16 01:00 AM,2022,01,16,01,262.0,312,Hazardous,261.0,UG/M3,1 Hr,Valid
Ulaanbaatar,PM2.5 - Principal,2022-01-16 02:00 AM,2022,01,16,02,239.0,289,Very Unhealthy,216.0,UG/M3,1 Hr,Valid
Ulaanbaatar,PM2.5 - Principal,2022-01-16 03:00 AM,2022,01,16,03,248.0,298,Very Unhealthy,257.0,UG/M3,1 Hr,Valid
Ulaanbaatar,PM2.5 - Principal,2022-01-16 04:00 AM,2022,01,16,04,245.5,295,Very Unhealthy,243.0,UG/M3,1 Hr,Valid
Ulaanbaatar,PM2.5 - Principal,2022-01-16 05:00 AM,2022,01,16,05,225.2,275,Very Unhealthy,205.0,UG/M3,1 Hr,Valid
Ulaanbaatar,PM2.5 - Principal,2022-01-16 06:00 AM,2022,01,16,06,227.1,277,Very Unhealthy,229.0,UG/M3,1 Hr,Valid
Ulaanbaatar,PM2.5 - Principal,2022-01-16 07:00 AM,2022,01,16,07,216.5,266,Very Unhealthy,206.0,UG/M3,1 Hr,Valid
Ulaanbaatar,PM2.5 - Principal,2022-01-16 08:00 AM,2022,01,16,08,238.3,288,Very Unhealthy,260.0,UG/M3,1 Hr,Valid
Ulaanbaatar,PM2.5 - Principal,2022-01-16 09:00 AM,2022,01,16,09,231.0,281,Very Unhealthy,223.0,UG/M3,1 Hr,Valid
Ulaanbaatar,PM2.5 - Principal,2022-01-16 10:00 AM,2022,01,16,10,244.3,294,Very Unhealthy,267.0,UG/M3,1 Hr,Valid
Ulaanbaatar,PM2.5 - Principal,2022-01-16 11:00 AM,2022,01,16,11,185.3,235,Very Unhealthy,122.0,UG/M3,1 Hr,Valid
Ulaanbaatar,PM2.5 - Principal,2022-01-16 12:00 PM,2022,01,16,12,165.1,215,Very Unhealthy,145.0,UG/M3,1 Hr,Valid
Ulaanbaatar,PM2.5 - Principal,2022-01-16 01:00 PM,2022,01,16,13,132.0,190,Unhealthy,99.0,UG/M3,1 Hr,Valid
Ulaanbaatar,PM2.5 - Principal,2022-01-16 02:00 PM,2022,01,16,14,123.5,186,Unhealthy,115.0,UG/M3,1 Hr,Valid
Ulaanbaatar,PM2.5 - Principal,2022-01-16 03:00 PM,2022,01,16,15,95.2,171,Unhealthy,67.0,UG/M3,1 Hr,Valid
Ulaanbaatar,PM2.5 - Principal,2022-01-16 04:00 PM,2022,01,16,16,65.5,156,Unhealthy,36.0,UG/M3,1 Hr,Valid
Ulaanbaatar,PM2.5 - Principal,2022-01-16 05:00 PM,2022,01,16,17,49.7,136,Unhealthy for Sensitive Groups,34.0,UG/M3,1 Hr,Valid
Ulaanbaatar,PM2.5 - Principal,2022-01-16 06:00 PM,2022,01,16,18,43.8,121,Unhealthy for Sensitive Groups,38.0,UG/M3,1 Hr,Valid
Ulaanbaatar,PM2.5 - Principal,2022-01-16 07:00 PM,2022,01,16,19,49.9,136,Unhealthy for Sensitive Groups,56.0,UG/M3,1 Hr,Valid
Ulaanbaatar,PM2.5 - Principal,2022-01-16 08:00 PM,2022,01,16,20,80.4,164,Unhealthy,111.0,UG/M3,1 Hr,Valid
Ulaanbaatar,PM2.5 - Principal,2022-01-16 09:00 PM,2022,01,16,21,196.7,247,Very Unhealthy,313.0,UG/M3,1 Hr,Valid
Ulaanbaatar,PM2.5 - Principal,2022-01-16 10:00 PM,2022,01,16,22,230.3,280,Very Unhealthy,264.0,UG/M3,1 Hr,Valid
Ulaanbaatar,PM2.5 - Principal,2022-01-16 11:00 PM,2022,01,16,23,195.6,246,Very Unhealthy,161.0,UG/M3,1 Hr,Valid
Ulaanbaatar,PM2.5 - Principal,2022-01-17 12:00 AM,2022,01,17,00,201.3,251,Very Unhealthy,207.0,UG/M3,1 Hr,Valid
Ulaanbaatar,PM2.5 - Principal,2022-01-17 01:00 AM,2022,01,17,01,206.1,256,Very Unhealthy,211.0,UG/M3,1 Hr,Valid
Ulaanbaatar,PM2.5 - Principal,2022-01-17 02:00 AM,2022,01,17,02,264.1,314,Hazardous,322.0,UG/M3,1 Hr,Valid
Ulaanbaatar,PM2.5 - Principal,2022-01-17 03:00 AM,2022,01,17,03,330.1,380,Hazardous,396.0,UG/M3,1 Hr,Valid
Ulaanbaatar,PM2.5 - Principal,2022-01-17 04:00 AM,2022,01,17,04,328.0,378,Hazardous,326.0,UG/M3,1 Hr,Valid
Ulaanbaatar,PM2.5 - Principal,2022-01-17 05:00 AM,2022,01,17,05,257.5,308,Hazardous,187.0,UG/M3,1 Hr,Valid
Ulaanbaatar,PM2.5 - Principal,2022-01-17 06:00 AM,2022,01,17,06,207.2,257,Very Unhealthy,157.0,UG/M3,1 Hr,Valid
Ulaanbaatar,PM2.5 - Principal,2022-01-17 07:00 AM,2022,01,17,07,156.6,207,Very Unhealthy,106.0,UG/M3,1 Hr,Valid
Ulaanbaatar,PM2.5 - Principal,2022-01-17 08:00 AM,2022,01,17,08,176.3,227,Very Unhealthy,196.0,UG/M3,1 Hr,Valid
Ulaanbaatar,PM2.5 - Principal,2022-01-17 09:00 AM,2022,01,17,09,140.1,195,Unhealthy,104.0,UG/M3,1 Hr,Valid
Ulaanbaatar,PM2.5 - Principal,2022-01-17 10:00 AM,2022,01,17,10,261.0,311,Hazardous,382.0,UG/M3,1 Hr,Valid
Ulaanbaatar,PM2.5 - Principal,2022-01-17 11:00 AM,2022,01,17,11,252.5,303,Hazardous,244.0,UG/M3,1 Hr,Valid
Ulaanbaatar,PM2.5 - Principal,2022-01-17 12:00 PM,2022,01,17,12,239.7,289,Very Unhealthy,227.0,UG/M3,1 Hr,Valid
Ulaanbaatar,PM2.5 - Principal,2022-01-17 01:00 PM,2022,01,17,13,195.3,245,Very Unhealthy,151.0,UG/M3,1 Hr,Valid
Ulaanbaatar,PM2.5 - Principal,2022-01-17 02:00 PM,2022,01,17,14,148.1,199,Unhealthy,101.0,UG/M3,1 Hr,Valid
Ulaanbaatar,PM2.5 - Principal,2022-01-17 03:00 PM,2022,01,17,15,115.0,182,Unhealthy,82.0,UG/M3,1 Hr,Valid
Ulaanbaatar,PM2.5 - Principal,2022-01-17 04:00 PM,2022,01,17,16,91.9,170,Unhealthy,69.0,UG/M3,1 Hr,Valid
Ulaanbaatar,PM2.5 - Principal,2022-01-17 05:00 PM,2022,01,17,17,78.4,163,Unhealthy,65.0,UG/M3,1 Hr,Valid
Ulaanbaatar,PM2.5 - Principal,2022-01-17 06:00 PM,2022,01,17,18,58.7,153,Unhealthy,39.0,UG/M3,1 Hr,Valid
Ulaanbaatar,PM2.5 - Principal,2022-01-17 07:00 PM,2022,01,17,19,47.3,130,Unhealthy for Sensitive Groups,36.0,UG/M3,1 Hr,Valid
Ulaanbaatar,PM2.5 - Principal,2022-01-17 08:00 PM,2022,01,17,20,55.1,149,Unhealthy for Sensitive Groups,63.0,UG/M3,1 Hr,Valid
Ulaanbaatar,PM2.5 - Principal,2022-01-17 09:00 PM,2022,01,17,21,228.6,278,Very Unhealthy,402.0,UG/M3,1 Hr,Valid
Ulaanbaatar,PM2.5 - Principal,2022-01-17 10:00 PM,2022,01,17,22,322.3,372,Hazardous,416.0,UG/M3,1 Hr,Valid
Ulaanbaatar,PM2.5 - Principal,2022-01-17 11:00 PM,2022,01,17,23,355.1,404,Hazardous,388.0,UG/M3,1 Hr,Valid
Ulaanbaatar,PM2.5 - Principal,2022-01-18 12:00 AM,2022,01,18,00,269.5,320,Hazardous,184.0,UG/M3,1 Hr,Valid
Ulaanbaatar,PM2.5 - Principal,2022-01-18 01:00 AM,2022,01,18,01,375.3,417,Hazardous,481.0,UG/M3,1 Hr,Valid
Ulaanbaatar,PM2.5 - Principal,2022-01-18 02:00 AM,2022,01,18,02,451.7,468,Hazardous,528.0,UG/M3,1 Hr,Valid
Ulaanbaatar,PM2.5 - Principal,2022-01-18 03:00 AM,2022,01,18,03,395.8,431,Hazardous,340.0,UG/M3,1 Hr,Valid
Ulaanbaatar,PM2.5 - Principal,2022-01-18 04:00 AM,2022,01,18,04,470.5,480,Hazardous,545.0,UG/M3,1 Hr,Valid
Ulaanbaatar,PM2.5 - Principal,2022-01-18 05:00 AM,2022,01,18,05,447.7,465,Hazardous,425.0,UG/M3,1 Hr,Valid
Ulaanbaatar,PM2.5 - Principal,2022-01-18 06:00 AM,2022,01,18,06,380.9,421,Hazardous,314.0,UG/M3,1 Hr,Valid
Ulaanbaatar,PM2.5 - Principal,2022-01-18 07:00 AM,2022,01,18,07,303.9,354,Hazardous,227.0,UG/M3,1 Hr,Valid
Ulaanbaatar,PM2.5 - Principal,2022-01-18 08:00 AM,2022,01,18,08,259.0,309,Hazardous,214.0,UG/M3,1 Hr,Valid
Ulaanbaatar,PM2.5 - Principal,2022-01-18 09:00 AM,2022,01,18,09,307.0,357,Hazardous,355.0,UG/M3,1 Hr,Valid
Ulaanbaatar,PM2.5 - Principal,2022-01-18 10:00 AM,2022,01,18,10,339.4,389,Hazardous,372.0,UG/M3,1 Hr,Valid
Ulaanbaatar,PM2.5 - Principal,2022-01-18 11:00 AM,2022,01,18,11,557.7,538,Hazardous,776.0,UG/M3,1 Hr,Valid
Ulaanbaatar,PM2.5 - Principal,2022-01-18 12:00 PM,2022,01,18,12,557.8,538,Hazardous,0.0,UG/M3,1 Hr,Invalid
Ulaanbaatar,PM2.5 - Principal,2022-01-18 01:00 PM,2022,01,18,13,315.2,365,Hazardous,194.0,UG/M3,1 Hr,Valid
Ulaanbaatar,PM2.5 - Principal,2022-01-18 02:00 PM,2022,01,18,14,229.3,279,Very Unhealthy,165.0,UG/M3,1 Hr,Valid
Ulaanbaatar,PM2.5 - Principal,2022-01-18 03:00 PM,2022,01,18,15,165.6,216,Very Unhealthy,110.0,UG/M3,1 Hr,Valid
Ulaanbaatar,PM2.5 - Principal,2022-01-18 04:00 PM,2022,01,18,16,138.4,194,Unhealthy,113.0,UG/M3,1 Hr,Valid
Ulaanbaatar,PM2.5 - Principal,2022-01-18 05:00 PM,2022,01,18,17,121.9,185,Unhealthy,106.0,UG/M3,1 Hr,Valid
Ulaanbaatar,PM2.5 - Principal,2022-01-18 06:00 PM,2022,01,18,18,116.8,183,Unhealthy,112.0,UG/M3,1 Hr,Valid
Ulaanbaatar,PM2.5 - Principal,2022-01-18 07:00 PM,2022,01,18,19,140.5,195,Unhealthy,164.0,UG/M3,1 Hr,Valid
Ulaanbaatar,PM2.5 - Principal,2022-01-18 08:00 PM,2022,01,18,20,189.8,240,Very Unhealthy,239.0,UG/M3,1 Hr,Valid
Ulaanbaatar,PM2.5 - Principal,2022-01-18 09:00 PM,2022,01,18,21,249.9,300,Very Unhealthy,310.0,UG/M3,1 Hr,Valid
Ulaanbaatar,PM2.5 - Principal,2022-01-18 10:00 PM,2022,01,18,22,308.5,358,Hazardous,367.0,UG/M3,1 Hr,Valid
Ulaanbaatar,PM2.5 - Principal,2022-01-18 11:00 PM,2022,01,18,23,334.2,384,Hazardous,360.0,UG/M3,1 Hr,Valid
Ulaanbaatar,PM2.5 - Principal,2022-01-19 12:00 AM,2022,01,19,00,487.1,491,Hazardous,640.0,UG/M3,1 Hr,Suspect
Ulaanbaatar,PM2.5 - Principal,2022-01-19 01:00 AM,2022,01,19,01,461.1,474,Hazardous,435.0,UG/M3,1 Hr,Valid
Ulaanbaatar,PM2.5 - Principal,2022-01-19 02:00 AM,2022,01,19,02,446.5,464,Hazardous,432.0,UG/M3,1 Hr,Valid
Ulaanbaatar,PM2.5 - Principal,2022-01-19 03:00 AM,2022,01,19,03,337.3,387,Hazardous,228.0,UG/M3,1 Hr,Valid
Ulaanbaatar,PM2.5 - Principal,2022-01-19 04:00 AM,2022,01,19,04,264.6,315,Hazardous,192.0,UG/M3,1 Hr,Valid
Ulaanbaatar,PM2.5 - Principal,2022-01-19 05:00 AM,2022,01,19,05,228.8,279,Very Unhealthy,193.0,UG/M3,1 Hr,Valid
Ulaanbaatar,PM2.5 - Principal,2022-01-19 06:00 AM,2022,01,19,06,203.9,254,Very Unhealthy,179.0,UG/M3,1 Hr,Valid
Ulaanbaatar,PM2.5 - Principal,2022-01-19 07:00 AM,2022,01,19,07,173.4,224,Very Unhealthy,143.0,UG/M3,1 Hr,Valid
Ulaanbaatar,PM2.5 - Principal,2022-01-19 08:00 AM,2022,01,19,08,129.2,189,Unhealthy,85.0,UG/M3,1 Hr,Valid
Ulaanbaatar,PM2.5 - Principal,2022-01-19 09:00 AM,2022,01,19,09,85.0,166,Unhealthy,41.0,UG/M3,1 Hr,Valid
Ulaanbaatar,PM2.5 - Principal,2022-01-19 10:00 AM,2022,01,19,10,53.4,145,Unhealthy for Sensitive Groups,22.0,UG/M3,1 Hr,Valid
Ulaanbaatar,PM2.5 - Principal,2022-01-19 11:00 AM,2022,01,19,11,39.2,110,Unhealthy for Sensitive Groups,25.0,UG/M3,1 Hr,Valid
Ulaanbaatar,PM2.5 - Principal,2022-01-19 12:00 PM,2022,01,19,12,28.5,85,Moderate,18.0,UG/M3,1 Hr,Valid
Ulaanbaatar,PM2.5 - Principal,2022-01-19 01:00 PM,2022,01,19,13,22.7,73,Moderate,17.0,UG/M3,1 Hr,Valid
Ulaanbaatar,PM2.5 - Principal,2022-01-19 02:00 PM,2022,01,19,14,18.3,64,Moderate,14.0,UG/M3,1 Hr,Valid
Ulaanbaatar,PM2.5 - Principal,2022-01-19 03:00 PM,2022,01,19,15,14.6,56,Moderate,11.0,UG/M3,1 Hr,Valid
Ulaanbaatar,PM2.5 - Principal,2022-01-19 04:00 PM,2022,01,19,16,13.7,54,Moderate,13.0,UG/M3,1 Hr,Valid
Ulaanbaatar,PM2.5 - Principal,2022-01-19 05:00 PM,2022,01,19,17,11.3,47,Good,9.0,UG/M3,1 Hr,Valid
Ulaanbaatar,PM2.5 - Principal,2022-01-19 06:00 PM,2022,01,19,18,12.6,52,Moderate,14.0,UG/M3,1 Hr,Valid
Ulaanbaatar,PM2.5 - Principal,2022-01-19 07:00 PM,2022,01,19,19,13.8,55,Moderate,15.0,UG/M3,1 Hr,Valid
Ulaanbaatar,PM2.5 - Principal,2022-01-19 08:00 PM,2022,01,19,20,19.4,66,Moderate,25.0,UG/M3,1 Hr,Valid
Ulaanbaatar,PM2.5 - Principal,2022-01-19 09:00 PM,2022,01,19,21,23.6,75,Moderate,28.0,UG/M3,1 Hr,Valid
Ulaanbaatar,PM2.5 - Principal,2022-01-19 10:00 PM,2022,01,19,22,20.8,69,Moderate,18.0,UG/M3,1 Hr,Valid
Ulaanbaatar,PM2.5 - Principal,2022-01-19 11:00 PM,2022,01,19,23,18.9,65,Moderate,17.0,UG/M3,1 Hr,Valid
Ulaanbaatar,PM2.5 - Principal,2022-01-20 12:00 AM,2022,01,20,00,15.4,58,Moderate,12.0,UG/M3,1 Hr,Valid
Ulaanbaatar,PM2.5 - Principal,2022-01-20 01:00 AM,2022,01,20,01,15.2,58,Moderate,15.0,UG/M3,1 Hr,Valid
Ulaanbaatar,PM2.5 - Principal,2022-01-20 02:00 AM,2022,01,20,02,18.1,64,Moderate,21.0,UG/M3,1 Hr,Valid
Ulaanbaatar,PM2.5 - Principal,2022-01-20 03:00 AM,2022,01,20,03,15.5,58,Moderate,13.0,UG/M3,1 Hr,Valid
Ulaanbaatar,PM2.5 - Principal,2022-01-20 04:00 AM,2022,01,20,04,13.7,54,Moderate,12.0,UG/M3,1 Hr,Valid
Ulaanbaatar,PM2.5 - Principal,2022-01-20 05:00 AM,2022,01,20,05,12.3,51,Moderate,11.0,UG/M3,1 Hr,Valid
Ulaanbaatar,PM2.5 - Principal,2022-01-20 06:00 AM,2022,01,20,06,9.6,40,Good,7.0,UG/M3,1 Hr,Valid
Ulaanbaatar,PM2.5 - Principal,2022-01-20 07:00 AM,2022,01,20,07,9.3,39,Good,9.0,UG/M3,1 Hr,Valid
Ulaanbaatar,PM2.5 - Principal,2022-01-20 08:00 AM,2022,01,20,08,37.6,106,Unhealthy for Sensitive Groups,66.0,UG/M3,1 Hr,Valid
Ulaanbaatar,PM2.5 - Principal,2022-01-20 09:00 AM,2022,01,20,09,59.8,153,Unhealthy,82.0,UG/M3,1 Hr,Valid
Ulaanbaatar,PM2.5 - Principal,2022-01-20 10:00 AM,2022,01,20,10,134.4,192,Unhealthy,209.0,UG/M3,1 Hr,Valid
Ulaanbaatar,PM2.5 - Principal,2022-01-20 11:00 AM,2022,01,20,11,180.7,231,Very Unhealthy,227.0,UG/M3,1 Hr,Valid
Ulaanbaatar,PM2.5 - Principal,2022-01-20 12:00 PM,2022,01,20,12,114.8,182,Unhealthy,49.0,UG/M3,1 Hr,Valid
Ulaanbaatar,PM2.5 - Principal,2022-01-20 01:00 PM,2022,01,20,13,73.4,160,Unhealthy,32.0,UG/M3,1 Hr,Valid
Ulaanbaatar,PM2.5 - Principal,2022-01-20 02:00 PM,2022,01,20,14,47.2,130,Unhealthy for Sensitive Groups,21.0,UG/M3,1 Hr,Valid
Ulaanbaatar,PM2.5 - Principal,2022-01-20 03:00 PM,2022,01,20,15,36.1,102,Unhealthy for Sensitive Groups,25.0,UG/M3,1 Hr,Valid
Ulaanbaatar,PM2.5 - Principal,2022-01-20 04:00 PM,2022,01,20,16,32.5,94,Moderate,29.0,UG/M3,1 Hr,Valid
Ulaanbaatar,PM2.5 - Principal,2022-01-20 05:00 PM,2022,01,20,17,29.7,88,Moderate,27.0,UG/M3,1 Hr,Valid
Ulaanbaatar,PM2.5 - Principal,2022-01-20 06:00 PM,2022,01,20,18,47.3,130,Unhealthy for Sensitive Groups,65.0,UG/M3,1 Hr,Valid
Ulaanbaatar,PM2.5 - Principal,2022-01-20 07:00 PM,2022,01,20,19,39.2,110,Unhealthy for Sensitive Groups,31.0,UG/M3,1 Hr,Valid
Ulaanbaatar,PM2.5 - Principal,2022-01-20 08:00 PM,2022,01,20,20,40.5,113,Unhealthy for Sensitive Groups,42.0,UG/M3,1 Hr,Valid
Ulaanbaatar,PM2.5 - Principal,2022-01-20 09:00 PM,2022,01,20,21,96.3,172,Unhealthy,152.0,UG/M3,1 Hr,Valid
Ulaanbaatar,PM2.5 - Principal,2022-01-20 10:00 PM,2022,01,20,22,136.1,193,Unhealthy,176.0,UG/M3,1 Hr,Valid
Ulaanbaatar,PM2.5 - Principal,2022-01-20 11:00 PM,2022,01,20,23,127.0,188,Unhealthy,118.0,UG/M3,1 Hr,Valid
Ulaanbaatar,PM2.5 - Principal,2022-01-21 12:00 AM,2022,01,21,00,135.0,192,Unhealthy,143.0,UG/M3,1 Hr,Valid
Ulaanbaatar,PM2.5 - Principal,2022-01-21 01:00 AM,2022,01,21,01,156.0,206,Very Unhealthy,177.0,UG/M3,1 Hr,Valid
Ulaanbaatar,PM2.5 - Principal,2022-01-21 02:00 AM,2022,01,21,02,179.5,230,Very Unhealthy,203.0,UG/M3,1 Hr,Valid
Ulaanbaatar,PM2.5 - Principal,2022-01-21 03:00 AM,2022,01,21,03,281.3,332,Hazardous,383.0,UG/M3,1 Hr,Valid
Ulaanbaatar,PM2.5 - Principal,2022-01-21 04:00 AM,2022,01,21,04,254.6,305,Hazardous,228.0,UG/M3,1 Hr,Valid
Ulaanbaatar,PM2.5 - Principal,2022-01-21 05:00 AM,2022,01,21,05,203.8,254,Very Unhealthy,153.0,UG/M3,1 Hr,Valid
Ulaanbaatar,PM2.5 - Principal,2022-01-21 06:00 AM,2022,01,21,06,194.9,245,Very Unhealthy,186.0,UG/M3,1 Hr,Valid
Ulaanbaatar,PM2.5 - Principal,2022-01-21 07:00 AM,2022,01,21,07,161.9,212,Very Unhealthy,129.0,UG/M3,1 Hr,Valid
Ulaanbaatar,PM2.5 - Principal,2022-01-21 08:00 AM,2022,01,21,08,146.0,198,Unhealthy,130.0,UG/M3,1 Hr,Valid
Ulaanbaatar,PM2.5 - Principal,2022-01-21 09:00 AM,2022,01,21,09,180.5,231,Very Unhealthy,215.0,UG/M3,1 Hr,Valid
Ulaanbaatar,PM2.5 - Principal,2022-01-21 10:00 AM,2022,01,21,10,207.2,257,Very Unhealthy,234.0,UG/M3,1 Hr,Valid
Ulaanbaatar,PM2.5 - Principal,2022-01-21 11:00 AM,2022,01,21,11,312.1,362,Hazardous,417.0,UG/M3,1 Hr,Valid
Ulaanbaatar,PM2.5 - Principal,2022-01-21 12:00 PM,2022,01,21,12,274.0,324,Hazardous,236.0,UG/M3,1 Hr,Valid
Ulaanbaatar,PM2.5 - Principal,2022-01-21 01:00 PM,2022,01,21,13,183.0,233,Very Unhealthy,92.0,UG/M3,1 Hr,Valid
Ulaanbaatar,PM2.5 - Principal,2022-01-21 02:00 PM,2022,01,21,14,115.4,182,Unhealthy,48.0,UG/M3,1 Hr,Valid
Ulaanbaatar,PM2.5 - Principal,2022-01-21 03:00 PM,2022,01,21,15,76.7,162,Unhealthy,38.0,UG/M3,1 Hr,Valid
Ulaanbaatar,PM2.5 - Principal,2022-01-21 04:00 PM,2022,01,21,16,72.8,160,Unhealthy,69.0,UG/M3,1 Hr,Valid
Ulaanbaatar,PM2.5 - Principal,2022-01-21 05:00 PM,2022,01,21,17,90.4,169,Unhealthy,108.0,UG/M3,1 Hr,Valid
Ulaanbaatar,PM2.5 - Principal,2022-01-21 06:00 PM,2022,01,21,18,105.1,177,Unhealthy,120.0,UG/M3,1 Hr,Valid
Ulaanbaatar,PM2.5 - Principal,2022-01-21 07:00 PM,2022,01,21,19,116.0,182,Unhealthy,127.0,UG/M3,1 Hr,Valid
Ulaanbaatar,PM2.5 - Principal,2022-01-21 08:00 PM,2022,01,21,20,218.0,268,Very Unhealthy,320.0,UG/M3,1 Hr,Valid
Ulaanbaatar,PM2.5 - Principal,2022-01-21 09:00 PM,2022,01,21,21,292.0,342,Hazardous,366.0,UG/M3,1 Hr,Valid
Ulaanbaatar,PM2.5 - Principal,2022-01-21 10:00 PM,2022,01,21,22,284.0,334,Hazardous,276.0,UG/M3,1 Hr,Valid
Ulaanbaatar,PM2.5 - Principal,2022-01-21 11:00 PM,2022,01,21,23,258.4,309,Hazardous,233.0,UG/M3,1 Hr,Valid
Ulaanbaatar,PM2.5 - Principal,2022-01-22 12:00 AM,2022,01,22,00,260.7,311,Hazardous,263.0,UG/M3,1 Hr,Valid
Ulaanbaatar,PM2.5 - Principal,2022-01-22 01:00 AM,2022,01,22,01,321.4,371,Hazardous,382.0,UG/M3,1 Hr,Valid
Ulaanbaatar,PM2.5 - Principal,2022-01-22 02:00 AM,2022,01,22,02,298.7,349,Hazardous,276.0,UG/M3,1 Hr,Valid
Ulaanbaatar,PM2.5 - Principal,2022-01-22 03:00 AM,2022,01,22,03,288.3,338,Hazardous,278.0,UG/M3,1 Hr,Valid
Ulaanbaatar,PM2.5 - Principal,2022-01-22 04:00 AM,2022,01,22,04,243.7,293,Very Unhealthy,199.0,UG/M3,1 Hr,Valid
Ulaanbaatar,PM2.5 - Principal,2022-01-22 05:00 AM,2022,01,22,05,219.3,269,Very Unhealthy,195.0,UG/M3,1 Hr,Valid
Ulaanbaatar,PM2.5 - Principal,2022-01-22 06:00 AM,2022,01,22,06,231.6,281,Very Unhealthy,244.0,UG/M3,1 Hr,Valid
Ulaanbaatar,PM2.5 - Principal,2022-01-22 07:00 AM,2022,01,22,07,182.8,233,Very Unhealthy,134.0,UG/M3,1 Hr,Valid
Ulaanbaatar,PM2.5 - Principal,2022-01-22 08:00 AM,2022,01,22,08,152.4,203,Very Unhealthy,122.0,UG/M3,1 Hr,Valid
Ulaanbaatar,PM2.5 - Principal,2022-01-22 09:00 AM,2022,01,22,09,182.6,233,Very Unhealthy,213.0,UG/M3,1 Hr,Valid
Ulaanbaatar,PM2.5 - Principal,2022-01-22 10:00 AM,2022,01,22,10,209.3,259,Very Unhealthy,236.0,UG/M3,1 Hr,Valid
Ulaanbaatar,PM2.5 - Principal,2022-01-22 11:00 AM,2022,01,22,11,288.6,339,Hazardous,368.0,UG/M3,1 Hr,Valid
Ulaanbaatar,PM2.5 - Principal,2022-01-22 12:00 PM,2022,01,22,12,378.3,419,Hazardous,468.0,UG/M3,1 Hr,Valid
Ulaanbaatar,PM2.5 - Principal,2022-01-22 01:00 PM,2022,01,22,13,204.6,255,Very Unhealthy,31.0,UG/M3,1 Hr,Valid
Ulaanbaatar,PM2.5 - Principal,2022-01-22 02:00 PM,2022,01,22,14,112.2,180,Unhealthy,20.0,UG/M3,1 Hr,Valid
Ulaanbaatar,PM2.5 - Principal,2022-01-22 03:00 PM,2022,01,22,15,61.1,154,Unhealthy,10.0,UG/M3,1 Hr,Valid
Ulaanbaatar,PM2.5 - Principal,2022-01-22 04:00 PM,2022,01,22,16,37.0,105,Unhealthy for Sensitive Groups,13.0,UG/M3,1 Hr,Valid
Ulaanbaatar,PM2.5 - Principal,2022-01-22 05:00 PM,2022,01,22,17,26.9,82,Moderate,17.0,UG/M3,1 Hr,Valid
Ulaanbaatar,PM2.5 - Principal,2022-01-22 06:00 PM,2022,01,22,18,18.4,64,Moderate,10.0,UG/M3,1 Hr,Valid
Ulaanbaatar,PM2.5 - Principal,2022-01-22 07:00 PM,2022,01,22,19,18.7,65,Moderate,19.0,UG/M3,1 Hr,Valid
Ulaanbaatar,PM2.5 - Principal,2022-01-22 08:00 PM,2022,01,22,20,21.3,70,Moderate,24.0,UG/M3,1 Hr,Valid
Ulaanbaatar,PM2.5 - Principal,2022-01-22 09:00 PM,2022,01,22,21,21.1,70,Moderate,21.0,UG/M3,1 Hr,Valid
Ulaanbaatar,PM2.5 - Principal,2022-01-22 10:00 PM,2022,01,22,22,20.0,68,Moderate,19.0,UG/M3,1 Hr,Valid
Ulaanbaatar,PM2.5 - Principal,2022-01-22 11:00 PM,2022,01,22,23,15.9,59,Moderate,12.0,UG/M3,1 Hr,Valid
Ulaanbaatar,PM2.5 - Principal,2022-01-23 12:00 AM,2022,01,23,00,17.9,63,Moderate,20.0,UG/M3,1 Hr,Valid
Ulaanbaatar,PM2.5 - Principal,2022-01-23 01:00 AM,2022,01,23,01,17.4,62,Moderate,17.0,UG/M3,1 Hr,Valid
Ulaanbaatar,PM2.5 - Principal,2022-01-23 02:00 AM,2022,01,23,02,17.7,63,Moderate,18.0,UG/M3,1 Hr,Valid
Ulaanbaatar,PM2.5 - Principal,2022-01-23 03:00 AM,2022,01,23,03,12.3,51,Moderate,7.0,UG/M3,1 Hr,Valid
Ulaanbaatar,PM2.5 - Principal,2022-01-23 04:00 AM,2022,01,23,04,9.6,40,Good,7.0,UG/M3,1 Hr,Valid
Ulaanbaatar,PM2.5 - Principal,2022-01-23 05:00 AM,2022,01,23,05,6.8,28,Good,4.0,UG/M3,1 Hr,Valid
Ulaanbaatar,PM2.5 - Principal,2022-01-23 06:00 AM,2022,01,23,06,4.9,20,Good,3.0,UG/M3,1 Hr,Valid
Ulaanbaatar,PM2.5 - Principal,2022-01-23 07:00 AM,2022,01,23,07,4.4,18,Good,4.0,UG/M3,1 Hr,Valid
Ulaanbaatar,PM2.5 - Principal,2022-01-23 08:00 AM,2022,01,23,08,5.7,24,Good,7.0,UG/M3,1 Hr,Valid
Ulaanbaatar,PM2.5 - Principal,2022-01-23 09:00 AM,2022,01,23,09,7.3,30,Good,9.0,UG/M3,1 Hr,Valid
Ulaanbaatar,PM2.5 - Principal,2022-01-23 10:00 AM,2022,01,23,10,12.6,52,Moderate,18.0,UG/M3,1 Hr,Valid
Ulaanbaatar,PM2.5 - Principal,2022-01-23 11:00 AM,2022,01,23,11,16.3,60,Moderate,20.0,UG/M3,1 Hr,Valid
Ulaanbaatar,PM2.5 - Principal,2022-01-23 12:00 PM,2022,01,23,12,16.1,59,Moderate,16.0,UG/M3,1 Hr,Valid
Ulaanbaatar,PM2.5 - Principal,2022-01-23 01:00 PM,2022,01,23,13,16.5,60,Moderate,17.0,UG/M3,1 Hr,Valid
Ulaanbaatar,PM2.5 - Principal,2022-01-23 02:00 PM,2022,01,23,14,19.7,67,Moderate,23.0,UG/M3,1 Hr,Valid
Ulaanbaatar,PM2.5 - Principal,2022-01-23 03:00 PM,2022,01,23,15,22.3,72,Moderate,25.0,UG/M3,1 Hr,Valid
Ulaanbaatar,PM2.5 - Principal,2022-01-23 04:00 PM,2022,01,23,16,25.2,79,Moderate,28.0,UG/M3,1 Hr,Valid
Ulaanbaatar,PM2.5 - Principal,2022-01-23 05:00 PM,2022,01,23,17,29.1,87,Moderate,33.0,UG/M3,1 Hr,Valid
Ulaanbaatar,PM2.5 - Principal,2022-01-23 06:00 PM,2022,01,23,18,29.5,88,Moderate,30.0,UG/M3,1 Hr,Valid
Ulaanbaatar,PM2.5 - Principal,2022-01-23 07:00 PM,2022,01,23,19,28.7,86,Moderate,28.0,UG/M3,1 Hr,Valid
Ulaanbaatar,PM2.5 - Principal,2022-01-23 08:00 PM,2022,01,23,20,34.3,98,Moderate,40.0,UG/M3,1 Hr,Valid
Ulaanbaatar,PM2.5 - Principal,2022-01-23 09:00 PM,2022,01,23,21,46.7,129,Unhealthy for Sensitive Groups,59.0,UG/M3,1 Hr,Valid
Ulaanbaatar,PM2.5 - Principal,2022-01-23 10:00 PM,2022,01,23,22,55.3,150,Unhealthy for Sensitive Groups,64.0,UG/M3,1 Hr,Valid
Ulaanbaatar,PM2.5 - Principal,2022-01-23 11:00 PM,2022,01,23,23,60.1,153,Unhealthy,65.0,UG/M3,1 Hr,Valid
Ulaanbaatar,PM2.5 - Principal,2022-01-24 12:00 AM,2022,01,24,00,73.1,160,Unhealthy,86.0,UG/M3,1 Hr,Valid
Ulaanbaatar,PM2.5 - Principal,2022-01-24 01:00 AM,2022,01,24,01,85.0,166,Unhealthy,97.0,UG/M3,1 Hr,Valid
Ulaanbaatar,PM2.5 - Principal,2022-01-24 02:00 AM,2022,01,24,02,95.5,172,Unhealthy,106.0,UG/M3,1 Hr,Valid
Ulaanbaatar,PM2.5 - Principal,2022-01-24 03:00 AM,2022,01,24,03,107.2,178,Unhealthy,119.0,UG/M3,1 Hr,Valid
Ulaanbaatar,PM2.5 - Principal,2022-01-24 04:00 AM,2022,01,24,04,120.1,184,Unhealthy,133.0,UG/M3,1 Hr,Valid
Ulaanbaatar,PM2.5 - Principal,2022-01-24 05:00 AM,2022,01,24,05,114.0,181,Unhealthy,108.0,UG/M3,1 Hr,Valid
Ulaanbaatar,PM2.5 - Principal,2022-01-24 06:00 AM,2022,01,24,06,104.5,176,Unhealthy,95.0,UG/M3,1 Hr,Valid
Ulaanbaatar,PM2.5 - Principal,2022-01-24 07:00 AM,2022,01,24,07,103.2,176,Unhealthy,102.0,UG/M3,1 Hr,Valid
Ulaanbaatar,PM2.5 - Principal,2022-01-24 08:00 AM,2022,01,24,08,97.6,173,Unhealthy,92.0,UG/M3,1 Hr,Valid
Ulaanbaatar,PM2.5 - Principal,2022-01-24 09:00 AM,2022,01,24,09,105.3,177,Unhealthy,113.0,UG/M3,1 Hr,Valid
Ulaanbaatar,PM2.5 - Principal,2022-01-24 10:00 AM,2022,01,24,10,197.1,247,Very Unhealthy,289.0,UG/M3,1 Hr,Valid
Ulaanbaatar,PM2.5 - Principal,2022-01-24 11:00 AM,2022,01,24,11,122.5,186,Unhealthy,48.0,UG/M3,1 Hr,Valid
Ulaanbaatar,PM2.5 - Principal,2022-01-24 12:00 PM,2022,01,24,12,78.7,163,Unhealthy,35.0,UG/M3,1 Hr,Valid
Ulaanbaatar,PM2.5 - Principal,2022-01-24 01:00 PM,2022,01,24,13,60.8,154,Unhealthy,43.0,UG/M3,1 Hr,Valid
Ulaanbaatar,PM2.5 - Principal,2022-01-24 02:00 PM,2022,01,24,14,47.9,132,Unhealthy for Sensitive Groups,35.0,UG/M3,1 Hr,Valid
Ulaanbaatar,PM2.5 - Principal,2022-01-24 03:00 PM,2022,01,24,15,40.4,113,Unhealthy for Sensitive Groups,33.0,UG/M3,1 Hr,Valid
Ulaanbaatar,PM2.5 - Principal,2022-01-24 04:00 PM,2022,01,24,16,32.7,94,Moderate,25.0,UG/M3,1 Hr,Valid
Ulaanbaatar,PM2.5 - Principal,2022-01-24 05:00 PM,2022,01,24,17,29.8,88,Moderate,27.0,UG/M3,1 Hr,Valid
Ulaanbaatar,PM2.5 - Principal,2022-01-24 06:00 PM,2022,01,24,18,24.4,77,Moderate,19.0,UG/M3,1 Hr,Valid
Ulaanbaatar,PM2.5 - Principal,2022-01-24 07:00 PM,2022,01,24,19,26.6,81,Moderate,29.0,UG/M3,1 Hr,Valid
Ulaanbaatar,PM2.5 - Principal,2022-01-24 08:00 PM,2022,01,24,20,28.8,86,Moderate,31.0,UG/M3,1 Hr,Valid
Ulaanbaatar,PM2.5 - Principal,2022-01-24 09:00 PM,2022,01,24,21,40.9,114,Unhealthy for Sensitive Groups,53.0,UG/M3,1 Hr,Valid
Ulaanbaatar,PM2.5 - Principal,2022-01-24 10:00 PM,2022,01,24,22,51.9,141,Unhealthy for Sensitive Groups,63.0,UG/M3,1 Hr,Valid
Ulaanbaatar,PM2.5 - Principal,2022-01-24 11:00 PM,2022,01,24,23,119.9,184,Unhealthy,188.0,UG/M3,1 Hr,Valid
Ulaanbaatar,PM2.5 - Principal,2022-01-25 12:00 AM,2022,01,25,00,151.0,201,Very Unhealthy,182.0,UG/M3,1 Hr,Valid
Ulaanbaatar,PM2.5 - Principal,2022-01-25 01:00 AM,2022,01,25,01,128.5,189,Unhealthy,106.0,UG/M3,1 Hr,Valid
Ulaanbaatar,PM2.5 - Principal,2022-01-25 02:00 AM,2022,01,25,02,151.2,202,Very Unhealthy,174.0,UG/M3,1 Hr,Valid
Ulaanbaatar,PM2.5 - Principal,2022-01-25 03:00 AM,2022,01,25,03,251.1,302,Hazardous,351.0,UG/M3,1 Hr,Valid
Ulaanbaatar,PM2.5 - Principal,2022-01-25 04:00 AM,2022,01,25,04,288.6,339,Hazardous,326.0,UG/M3,1 Hr,Valid
Ulaanbaatar,PM2.5 - Principal,2022-01-25 05:00 AM,2022,01,25,05,243.8,293,Very Unhealthy,199.0,UG/M3,1 Hr,Valid
Ulaanbaatar,PM2.5 - Principal,2022-01-25 06:00 AM,2022,01,25,06,210.4,260,Very Unhealthy,177.0,UG/M3,1 Hr,Valid
Ulaanbaatar,PM2.5 - Principal,2022-01-25 07:00 AM,2022,01,25,07,181.7,232,Very Unhealthy,153.0,UG/M3,1 Hr,Valid
Ulaanbaatar,PM2.5 - Principal,2022-01-25 08:00 AM,2022,01,25,08,194.3,244,Very Unhealthy,207.0,UG/M3,1 Hr,Valid
Ulaanbaatar,PM2.5 - Principal,2022-01-25 09:00 AM,2022,01,25,09,236.2,286,Very Unhealthy,278.0,UG/M3,1 Hr,Valid
Ulaanbaatar,PM2.5 - Principal,2022-01-25 10:00 AM,2022,01,25,10,229.1,279,Very Unhealthy,222.0,UG/M3,1 Hr,Valid
Ulaanbaatar,PM2.5 - Principal,2022-01-25 11:00 AM,2022,01,25,11,226.0,276,Very Unhealthy,223.0,UG/M3,1 Hr,Valid
Ulaanbaatar,PM2.5 - Principal,2022-01-25 12:00 PM,2022,01,25,12,196.0,246,Very Unhealthy,166.0,UG/M3,1 Hr,Valid
Ulaanbaatar,PM2.5 - Principal,2022-01-25 01:00 PM,2022,01,25,13,117.5,183,Unhealthy,39.0,UG/M3,1 Hr,Valid
Ulaanbaatar,PM2.5 - Principal,2022-01-25 02:00 PM,2022,01,25,14,81.7,165,Unhealthy,46.0,UG/M3,1 Hr,Valid
Ulaanbaatar,PM2.5 - Principal,2022-01-25 03:00 PM,2022,01,25,15,60.8,154,Unhealthy,40.0,UG/M3,1 Hr,Valid
Ulaanbaatar,PM2.5 - Principal,2022-01-25 04:00 PM,2022,01,25,16,43.8,121,Unhealthy for Sensitive Groups,27.0,UG/M3,1 Hr,Valid
Ulaanbaatar,PM2.5 - Principal,2022-01-25 05:00 PM,2022,01,25,17,32.9,95,Moderate,22.0,UG/M3,1 Hr,Valid
Ulaanbaatar,PM2.5 - Principal,2022-01-25 06:00 PM,2022,01,25,18,25.9,80,Moderate,19.0,UG/M3,1 Hr,Valid
Ulaanbaatar,PM2.5 - Principal,2022-01-25 07:00 PM,2022,01,25,19,24.9,78,Moderate,24.0,UG/M3,1 Hr,Valid
Ulaanbaatar,PM2.5 - Principal,2022-01-25 08:00 PM,2022,01,25,20,27.4,83,Moderate,30.0,UG/M3,1 Hr,Valid
Ulaanbaatar,PM2.5 - Principal,2022-01-25 09:00 PM,2022,01,25,21,31.1,91,Moderate,35.0,UG/M3,1 Hr,Valid
Ulaanbaatar,PM2.5 - Principal,2022-01-25 10:00 PM,2022,01,25,22,39.0,110,Unhealthy for Sensitive Groups,47.0,UG/M3,1 Hr,Valid
Ulaanbaatar,PM2.5 - Principal,2022-01-25 11:00 PM,2022,01,25,23,57.0,152,Unhealthy,75.0,UG/M3,1 Hr,Valid
Ulaanbaatar,PM2.5 - Principal,2022-01-26 12:00 AM,2022,01,26,00,173.0,223,Very Unhealthy,289.0,UG/M3,1 Hr,Valid
Ulaanbaatar,PM2.5 - Principal,2022-01-26 01:00 AM,2022,01,26,01,240.5,290,Very Unhealthy,308.0,UG/M3,1 Hr,Valid
Ulaanbaatar,PM2.5 - Principal,2022-01-26 02:00 AM,2022,01,26,02,231.2,281,Very Unhealthy,222.0,UG/M3,1 Hr,Valid
Ulaanbaatar,PM2.5 - Principal,2022-01-26 03:00 AM,2022,01,26,03,195.1,245,Very Unhealthy,159.0,UG/M3,1 Hr,Valid
Ulaanbaatar,PM2.5 - Principal,2022-01-26 04:00 AM,2022,01,26,04,158.0,208,Very Unhealthy,121.0,UG/M3,1 Hr,Valid
Ulaanbaatar,PM2.5 - Principal,2022-01-26 05:00 AM,2022,01,26,05,122.5,186,Unhealthy,87.0,UG/M3,1 Hr,Valid
Ulaanbaatar,PM2.5 - Principal,2022-01-26 06:00 AM,2022,01,26,06,99.2,174,Unhealthy,76.0,UG/M3,1 Hr,Valid
Ulaanbaatar,PM2.5 - Principal,2022-01-26 07:00 AM,2022,01,26,07,76.6,162,Unhealthy,54.0,UG/M3,1 Hr,Valid
Ulaanbaatar,PM2.5 - Principal,2022-01-26 08:00 AM,2022,01,26,08,79.3,163,Unhealthy,82.0,UG/M3,1 Hr,Valid
Ulaanbaatar,PM2.5 - Principal,2022-01-26 09:00 AM,2022,01,26,09,130.6,190,Unhealthy,182.0,UG/M3,1 Hr,Valid
Ulaanbaatar,PM2.5 - Principal,2022-01-26 10:00 AM,2022,01,26,10,197.8,248,Very Unhealthy,265.0,UG/M3,1 Hr,Valid
Ulaanbaatar,PM2.5 - Principal,2022-01-26 11:00 AM,2022,01,26,11,142.4,196,Unhealthy,87.0,UG/M3,1 Hr,Valid
Ulaanbaatar,PM2.5 - Principal,2022-01-26 12:00 PM,2022,01,26,12,174.2,224,Very Unhealthy,206.0,UG/M3,1 Hr,Valid
Ulaanbaatar,PM2.5 - Principal,2022-01-26 01:00 PM,2022,01,26,13,174.0,224,Very Unhealthy,174.0,UG/M3,1 Hr,Valid
Ulaanbaatar,PM2.5 - Principal,2022-01-26 02:00 PM,2022,01,26,14,124.5,187,Unhealthy,75.0,UG/M3,1 Hr,Valid
Ulaanbaatar,PM2.5 - Principal,2022-01-26 03:00 PM,2022,01,26,15,76.2,162,Unhealthy,28.0,UG/M3,1 Hr,Valid
Ulaanbaatar,PM2.5 - Principal,2022-01-26 04:00 PM,2022,01,26,16,45.6,126,Unhealthy for Sensitive Groups,15.0,UG/M3,1 Hr,Valid
Ulaanbaatar,PM2.5 - Principal,2022-01-26 05:00 PM,2022,01,26,17,30.7,90,Moderate,16.0,UG/M3,1 Hr,Valid
Ulaanbaatar,PM2.5 - Principal,2022-01-26 06:00 PM,2022,01,26,18,26.3,81,Moderate,22.0,UG/M3,1 Hr,Valid
Ulaanbaatar,PM2.5 - Principal,2022-01-26 07:00 PM,2022,01,26,19,23.6,75,Moderate,21.0,UG/M3,1 Hr,Valid
Ulaanbaatar,PM2.5 - Principal,2022-01-26 08:00 PM,2022,01,26,20,33.8,97,Moderate,44.0,UG/M3,1 Hr,Valid
Ulaanbaatar,PM2.5 - Principal,2022-01-26 09:00 PM,2022,01,26,21,55.9,151,Unhealthy,78.0,UG/M3,1 Hr,Valid
Ulaanbaatar,PM2.5 - Principal,2022-01-26 10:00 PM,2022,01,26,22,160.9,211,Very Unhealthy,266.0,UG/M3,1 Hr,Valid
Ulaanbaatar,PM2.5 - Principal,2022-01-26 11:00 PM,2022,01,26,23,207.9,258,Very Unhealthy,255.0,UG/M3,1 Hr,Valid
Ulaanbaatar,PM2.5 - Principal,2022-01-27 12:00 AM,2022,01,27,00,222.0,272,Very Unhealthy,236.0,UG/M3,1 Hr,Valid
Ulaanbaatar,PM2.5 - Principal,2022-01-27 01:00 AM,2022,01,27,01,224.0,274,Very Unhealthy,226.0,UG/M3,1 Hr,Valid
Ulaanbaatar,PM2.5 - Principal,2022-01-27 02:00 AM,2022,01,27,02,218.5,268,Very Unhealthy,213.0,UG/M3,1 Hr,Valid
Ulaanbaatar,PM2.5 - Principal,2022-01-27 03:00 AM,2022,01,27,03,234.7,284,Very Unhealthy,251.0,UG/M3,1 Hr,Valid
Ulaanbaatar,PM2.5 - Principal,2022-01-27 04:00 AM,2022,01,27,04,215.4,265,Very Unhealthy,196.0,UG/M3,1 Hr,Valid
Ulaanbaatar,PM2.5 - Principal,2022-01-27 05:00 AM,2022,01,27,05,174.2,224,Very Unhealthy,133.0,UG/M3,1 Hr,Valid
Ulaanbaatar,PM2.5 - Principal,2022-01-27 06:00 AM,2022,01,27,06,148.1,199,Unhealthy,122.0,UG/M3,1 Hr,Valid
Ulaanbaatar,PM2.5 - Principal,2022-01-27 07:00 AM,2022,01,27,07,119.5,184,Unhealthy,91.0,UG/M3,1 Hr,Valid
Ulaanbaatar,PM2.5 - Principal,2022-01-27 08:00 AM,2022,01,27,08,129.2,189,Unhealthy,139.0,UG/M3,1 Hr,Valid
Ulaanbaatar,PM2.5 - Principal,2022-01-27 09:00 AM,2022,01,27,09,185.1,235,Very Unhealthy,241.0,UG/M3,1 Hr,Valid
Ulaanbaatar,PM2.5 - Principal,2022-01-27 10:00 AM,2022,01,27,10,226.0,276,Very Unhealthy,267.0,UG/M3,1 Hr,Valid
Ulaanbaatar,PM2.5 - Principal,2022-01-27 11:00 AM,2022,01,27,11,354.0,403,Hazardous,482.0,UG/M3,1 Hr,Valid
Ulaanbaatar,PM2.5 - Principal,2022-01-27 12:00 PM,2022,01,27,12,280.0,330,Hazardous,206.0,UG/M3,1 Hr,Valid
Ulaanbaatar,PM2.5 - Principal,2022-01-27 01:00 PM,2022,01,27,13,280.0,330,Hazardous,-999.0,UG/M3,1 Hr,Missing
Ulaanbaatar,PM2.5 - Principal,2022-01-27 02:00 PM,2022,01,27,14,120.6,185,Unhealthy,41.0,UG/M3,1 Hr,Valid
Ulaanbaatar,PM2.5 - Principal,2022-01-27 05:00 PM,2022,01,27,17,-999.0,-999,N/A,59.0,UG/M3,1 Hr,Valid
Ulaanbaatar,PM2.5 - Principal,2022-01-27 06:00 PM,2022,01,27,18,53.1,144,Unhealthy for Sensitive Groups,44.0,UG/M3,1 Hr,Valid
Ulaanbaatar,PM2.5 - Principal,2022-01-27 07:00 PM,2022,01,27,19,52.5,143,Unhealthy for Sensitive Groups,52.0,UG/M3,1 Hr,Valid
Ulaanbaatar,PM2.5 - Principal,2022-01-27 08:00 PM,2022,01,27,20,50.1,137,Unhealthy for Sensitive Groups,48.0,UG/M3,1 Hr,Valid
Ulaanbaatar,PM2.5 - Principal,2022-01-27 09:00 PM,2022,01,27,21,148.0,199,Unhealthy,241.0,UG/M3,1 Hr,Valid
Ulaanbaatar,PM2.5 - Principal,2022-01-27 10:00 PM,2022,01,27,22,252.3,303,Hazardous,354.0,UG/M3,1 Hr,Valid
Ulaanbaatar,PM2.5 - Principal,2022-01-27 11:00 PM,2022,01,27,23,263.7,314,Hazardous,275.0,UG/M3,1 Hr,Valid
Ulaanbaatar,PM2.5 - Principal,2022-01-28 12:00 AM,2022,01,28,00,304.0,354,Hazardous,344.0,UG/M3,1 Hr,Valid
Ulaanbaatar,PM2.5 - Principal,2022-01-28 01:00 AM,2022,01,28,01,321.0,371,Hazardous,338.0,UG/M3,1 Hr,Valid
Ulaanbaatar,PM2.5 - Principal,2022-01-28 02:00 AM,2022,01,28,02,323.0,373,Hazardous,325.0,UG/M3,1 Hr,Valid
Ulaanbaatar,PM2.5 - Principal,2022-01-28 03:00 AM,2022,01,28,03,304.5,355,Hazardous,286.0,UG/M3,1 Hr,Valid
Ulaanbaatar,PM2.5 - Principal,2022-01-28 04:00 AM,2022,01,28,04,305.7,356,Hazardous,307.0,UG/M3,1 Hr,Valid
Ulaanbaatar,PM2.5 - Principal,2022-01-28 05:00 AM,2022,01,28,05,263.8,314,Hazardous,222.0,UG/M3,1 Hr,Valid
Ulaanbaatar,PM2.5 - Principal,2022-01-28 06:00 AM,2022,01,28,06,190.9,241,Very Unhealthy,118.0,UG/M3,1 Hr,Valid
Ulaanbaatar,PM2.5 - Principal,2022-01-28 07:00 AM,2022,01,28,07,134.9,192,Unhealthy,79.0,UG/M3,1 Hr,Valid
Ulaanbaatar,PM2.5 - Principal,2022-01-28 08:00 AM,2022,01,28,08,108.9,179,Unhealthy,83.0,UG/M3,1 Hr,Valid
Ulaanbaatar,PM2.5 - Principal,2022-01-28 09:00 AM,2022,01,28,09,163.9,214,Very Unhealthy,219.0,UG/M3,1 Hr,Valid
Ulaanbaatar,PM2.5 - Principal,2022-01-28 10:00 AM,2022,01,28,10,223.4,273,Very Unhealthy,283.0,UG/M3,1 Hr,Valid
Ulaanbaatar,PM2.5 - Principal,2022-01-28 11:00 AM,2022,01,28,11,304.2,354,Hazardous,385.0,UG/M3,1 Hr,Valid
Ulaanbaatar,PM2.5 - Principal,2022-01-28 12:00 PM,2022,01,28,12,217.6,267,Very Unhealthy,131.0,UG/M3,1 Hr,Valid
Ulaanbaatar,PM2.5 - Principal,2022-01-28 01:00 PM,2022,01,28,13,129.2,189,Unhealthy,41.0,UG/M3,1 Hr,Valid
Ulaanbaatar,PM2.5 - Principal,2022-01-28 02:00 PM,2022,01,28,14,75.0,161,Unhealthy,21.0,UG/M3,1 Hr,Valid
Ulaanbaatar,PM2.5 - Principal,2022-01-28 03:00 PM,2022,01,28,15,50.5,138,Unhealthy for Sensitive Groups,26.0,UG/M3,1 Hr,Valid
Ulaanbaatar,PM2.5 - Principal,2022-01-28 04:00 PM,2022,01,28,16,39.7,111,Unhealthy for Sensitive Groups,29.0,UG/M3,1 Hr,Valid
Ulaanbaatar,PM2.5 - Principal,2022-01-28 05:00 PM,2022,01,28,17,33.3,96,Moderate,27.0,UG/M3,1 Hr,Valid
Ulaanbaatar,PM2.5 - Principal,2022-01-28 06:00 PM,2022,01,28,18,32.6,94,Moderate,32.0,UG/M3,1 Hr,Valid
Ulaanbaatar,PM2.5 - Principal,2022-01-28 07:00 PM,2022,01,28,19,38.8,109,Unhealthy for Sensitive Groups,45.0,UG/M3,1 Hr,Valid
Ulaanbaatar,PM2.5 - Principal,2022-01-28 08:00 PM,2022,01,28,20,53.9,146,Unhealthy for Sensitive Groups,69.0,UG/M3,1 Hr,Valid
Ulaanbaatar,PM2.5 - Principal,2022-01-28 09:00 PM,2022,01,28,21,101.4,175,Unhealthy,149.0,UG/M3,1 Hr,Valid
Ulaanbaatar,PM2.5 - Principal,2022-01-28 10:00 PM,2022,01,28,22,185.2,235,Very Unhealthy,269.0,UG/M3,1 Hr,Valid
Ulaanbaatar,PM2.5 - Principal,2022-01-28 11:00 PM,2022,01,28,23,214.5,264,Very Unhealthy,244.0,UG/M3,1 Hr,Valid
Ulaanbaatar,PM2.5 - Principal,2022-01-29 12:00 AM,2022,01,29,00,243.3,293,Very Unhealthy,272.0,UG/M3,1 Hr,Valid
Ulaanbaatar,PM2.5 - Principal,2022-01-29 01:00 AM,2022,01,29,01,295.1,345,Hazardous,347.0,UG/M3,1 Hr,Valid
Ulaanbaatar,PM2.5 - Principal,2022-01-29 02:00 AM,2022,01,29,02,276.1,326,Hazardous,257.0,UG/M3,1 Hr,Valid
Ulaanbaatar,PM2.5 - Principal,2022-01-29 03:00 AM,2022,01,29,03,255.5,306,Hazardous,235.0,UG/M3,1 Hr,Valid
Ulaanbaatar,PM2.5 - Principal,2022-01-29 04:00 AM,2022,01,29,04,230.3,280,Very Unhealthy,205.0,UG/M3,1 Hr,Valid
Ulaanbaatar,PM2.5 - Principal,2022-01-29 05:00 AM,2022,01,29,05,222.1,272,Very Unhealthy,214.0,UG/M3,1 Hr,Valid
Ulaanbaatar,PM2.5 - Principal,2022-01-29 06:00 AM,2022,01,29,06,182.6,233,Very Unhealthy,143.0,UG/M3,1 Hr,Valid
Ulaanbaatar,PM2.5 - Principal,2022-01-29 07:00 AM,2022,01,29,07,148.8,199,Unhealthy,115.0,UG/M3,1 Hr,Valid
Ulaanbaatar,PM2.5 - Principal,2022-01-29 08:00 AM,2022,01,29,08,150.4,200,Unhealthy,152.0,UG/M3,1 Hr,Valid
Ulaanbaatar,PM2.5 - Principal,2022-01-29 09:00 AM,2022,01,29,09,153.7,204,Very Unhealthy,157.0,UG/M3,1 Hr,Valid
Ulaanbaatar,PM2.5 - Principal,2022-01-29 10:00 AM,2022,01,29,10,231.8,282,Very Unhealthy,310.0,UG/M3,1 Hr,Valid
Ulaanbaatar,PM2.5 - Principal,2022-01-29 11:00 AM,2022,01,29,11,217.4,267,Very Unhealthy,203.0,UG/M3,1 Hr,Valid
Ulaanbaatar,PM2.5 - Principal,2022-01-29 12:00 PM,2022,01,29,12,146.1,198,Unhealthy,75.0,UG/M3,1 Hr,Valid
Ulaanbaatar,PM2.5 - Principal,2022-01-29 01:00 PM,2022,01,29,13,92.5,170,Unhealthy,39.0,UG/M3,1 Hr,Valid
Ulaanbaatar,PM2.5 - Principal,2022-01-29 02:00 PM,2022,01,29,14,66.2,157,Unhealthy,40.0,UG/M3,1 Hr,Valid
Ulaanbaatar,PM2.5 - Principal,2022-01-29 03:00 PM,2022,01,29,15,50.1,137,Unhealthy for Sensitive Groups,34.0,UG/M3,1 Hr,Valid
Ulaanbaatar,PM2.5 - Principal,2022-01-29 04:00 PM,2022,01,29,16,57.0,152,Unhealthy,64.0,UG/M3,1 Hr,Valid
Ulaanbaatar,PM2.5 - Principal,2022-01-29 05:00 PM,2022,01,29,17,65.4,156,Unhealthy,74.0,UG/M3,1 Hr,Valid
Ulaanbaatar,PM2.5 - Principal,2022-01-29 06:00 PM,2022,01,29,18,59.2,153,Unhealthy,53.0,UG/M3,1 Hr,Valid
Ulaanbaatar,PM2.5 - Principal,2022-01-29 07:00 PM,2022,01,29,19,52.6,143,Unhealthy for Sensitive Groups,46.0,UG/M3,1 Hr,Valid
Ulaanbaatar,PM2.5 - Principal,2022-01-29 08:00 PM,2022,01,29,20,45.2,125,Unhealthy for Sensitive Groups,38.0,UG/M3,1 Hr,Valid
Ulaanbaatar,PM2.5 - Principal,2022-01-29 09:00 PM,2022,01,29,21,54.1,147,Unhealthy for Sensitive Groups,63.0,UG/M3,1 Hr,Valid
Ulaanbaatar,PM2.5 - Principal,2022-01-29 10:00 PM,2022,01,29,22,97.5,173,Unhealthy,141.0,UG/M3,1 Hr,Valid
Ulaanbaatar,PM2.5 - Principal,2022-01-29 11:00 PM,2022,01,29,23,137.7,193,Unhealthy,178.0,UG/M3,1 Hr,Valid
Ulaanbaatar,PM2.5 - Principal,2022-01-30 12:00 AM,2022,01,30,00,114.3,181,Unhealthy,91.0,UG/M3,1 Hr,Valid
Ulaanbaatar,PM2.5 - Principal,2022-01-30 01:00 AM,2022,01,30,01,124.2,186,Unhealthy,134.0,UG/M3,1 Hr,Valid
Ulaanbaatar,PM2.5 - Principal,2022-01-30 02:00 AM,2022,01,30,02,139.6,194,Unhealthy,155.0,UG/M3,1 Hr,Valid
Ulaanbaatar,PM2.5 - Principal,2022-01-30 03:00 AM,2022,01,30,03,144.8,197,Unhealthy,150.0,UG/M3,1 Hr,Valid
Ulaanbaatar,PM2.5 - Principal,2022-01-30 04:00 AM,2022,01,30,04,173.9,224,Very Unhealthy,203.0,UG/M3,1 Hr,Valid
Ulaanbaatar,PM2.5 - Principal,2022-01-30 05:00 AM,2022,01,30,05,157.4,208,Very Unhealthy,141.0,UG/M3,1 Hr,Valid
Ulaanbaatar,PM2.5 - Principal,2022-01-30 06:00 AM,2022,01,30,06,146.2,198,Unhealthy,135.0,UG/M3,1 Hr,Valid
Ulaanbaatar,PM2.5 - Principal,2022-01-30 07:00 AM,2022,01,30,07,130.6,190,Unhealthy,115.0,UG/M3,1 Hr,Valid
Ulaanbaatar,PM2.5 - Principal,2022-01-30 08:00 AM,2022,01,30,08,101.8,175,Unhealthy,73.0,UG/M3,1 Hr,Valid
Ulaanbaatar,PM2.5 - Principal,2022-01-30 09:00 AM,2022,01,30,09,89.9,169,Unhealthy,78.0,UG/M3,1 Hr,Valid
Ulaanbaatar,PM2.5 - Principal,2022-01-30 10:00 AM,2022,01,30,10,93.9,171,Unhealthy,98.0,UG/M3,1 Hr,Valid
Ulaanbaatar,PM2.5 - Principal,2022-01-30 11:00 AM,2022,01,30,11,88.9,168,Unhealthy,84.0,UG/M3,1 Hr,Valid
Ulaanbaatar,PM2.5 - Principal,2022-01-30 12:00 PM,2022,01,30,12,93.9,171,Unhealthy,99.0,UG/M3,1 Hr,Valid
Ulaanbaatar,PM2.5 - Principal,2022-01-30 01:00 PM,2022,01,30,13,80.4,164,Unhealthy,67.0,UG/M3,1 Hr,Valid
Ulaanbaatar,PM2.5 - Principal,2022-01-30 02:00 PM,2022,01,30,14,56.7,152,Unhealthy,33.0,UG/M3,1 Hr,Valid
Ulaanbaatar,PM2.5 - Principal,2022-01-30 03:00 PM,2022,01,30,15,37.3,105,Unhealthy for Sensitive Groups,18.0,UG/M3,1 Hr,Valid
Ulaanbaatar,PM2.5 - Principal,2022-01-30 04:00 PM,2022,01,30,16,20.6,69,Moderate,4.0,UG/M3,1 Hr,Valid
Ulaanbaatar,PM2.5 - Principal,2022-01-30 05:00 PM,2022,01,30,17,16.3,60,Moderate,12.0,UG/M3,1 Hr,Valid
Ulaanbaatar,PM2.5 - Principal,2022-01-30 06:00 PM,2022,01,30,18,14.6,56,Moderate,13.0,UG/M3,1 Hr,Valid
Ulaanbaatar,PM2.5 - Principal,2022-01-30 07:00 PM,2022,01,30,19,13.8,55,Moderate,13.0,UG/M3,1 Hr,Valid
Ulaanbaatar,PM2.5 - Principal,2022-01-30 08:00 PM,2022,01,30,20,18.3,64,Moderate,23.0,UG/M3,1 Hr,Valid
Ulaanbaatar,PM2.5 - Principal,2022-01-30 09:00 PM,2022,01,30,21,25.1,78,Moderate,32.0,UG/M3,1 Hr,Valid
Ulaanbaatar,PM2.5 - Principal,2022-01-30 10:00 PM,2022,01,30,22,28.5,85,Moderate,32.0,UG/M3,1 Hr,Valid
Ulaanbaatar,PM2.5 - Principal,2022-01-30 11:00 PM,2022,01,30,23,30.2,89,Moderate,32.0,UG/M3,1 Hr,Valid
Ulaanbaatar,PM2.5 - Principal,2022-01-31 12:00 AM,2022,01,31,00,32.1,93,Moderate,34.0,UG/M3,1 Hr,Valid
Ulaanbaatar,PM2.5 - Principal,2022-01-31 01:00 AM,2022,01,31,01,33.5,96,Moderate,35.0,UG/M3,1 Hr,Valid
Ulaanbaatar,PM2.5 - Principal,2022-01-31 02:00 AM,2022,01,31,02,59.2,153,Unhealthy,85.0,UG/M3,1 Hr,Valid
Ulaanbaatar,PM2.5 - Principal,2022-01-31 03:00 AM,2022,01,31,03,120.1,184,Unhealthy,181.0,UG/M3,1 Hr,Valid
Ulaanbaatar,PM2.5 - Principal,2022-01-31 04:00 AM,2022,01,31,04,105.0,177,Unhealthy,90.0,UG/M3,1 Hr,Valid
Ulaanbaatar,PM2.5 - Principal,2022-01-31 05:00 AM,2022,01,31,05,106.0,177,Unhealthy,107.0,UG/M3,1 Hr,Valid
Ulaanbaatar,PM2.5 - Principal,2022-01-31 06:00 AM,2022,01,31,06,103.5,176,Unhealthy,101.0,UG/M3,1 Hr,Valid
Ulaanbaatar,PM2.5 - Principal,2022-01-31 07:00 AM,2022,01,31,07,89.2,168,Unhealthy,75.0,UG/M3,1 Hr,Valid
Ulaanbaatar,PM2.5 - Principal,2022-01-31 08:00 AM,2022,01,31,08,85.6,167,Unhealthy,82.0,UG/M3,1 Hr,Valid
Ulaanbaatar,PM2.5 - Principal,2022-01-31 09:00 AM,2022,01,31,09,103.8,176,Unhealthy,122.0,UG/M3,1 Hr,Valid
Ulaanbaatar,PM2.5 - Principal,2022-01-31 10:00 AM,2022,01,31,10,111.9,180,Unhealthy,120.0,UG/M3,1 Hr,Valid
Ulaanbaatar,PM2.5 - Principal,2022-01-31 11:00 AM,2022,01,31,11,160.4,211,Very Unhealthy,209.0,UG/M3,1 Hr,Valid
Ulaanbaatar,PM2.5 - Principal,2022-01-31 12:00 PM,2022,01,31,12,149.7,200,Unhealthy,139.0,UG/M3,1 Hr,Valid
Ulaanbaatar,PM2.5 - Principal,2022-01-31 01:00 PM,2022,01,31,13,112.3,180,Unhealthy,75.0,UG/M3,1 Hr,Valid
Ulaanbaatar,PM2.5 - Principal,2022-01-31 02:00 PM,2022,01,31,14,86.1,167,Unhealthy,60.0,UG/M3,1 Hr,Valid
Ulaanbaatar,PM2.5 - Principal,2022-01-31 03:00 PM,2022,01,31,15,96.0,172,Unhealthy,106.0,UG/M3,1 Hr,Valid
Ulaanbaatar,PM2.5 - Principal,2022-01-31 04:00 PM,2022,01,31,16,85.0,166,Unhealthy,74.0,UG/M3,1 Hr,Valid
Ulaanbaatar,PM2.5 - Principal,2022-01-31 05:00 PM,2022,01,31,17,57.0,152,Unhealthy,29.0,UG/M3,1 Hr,Valid
Ulaanbaatar,PM2.5 - Principal,2022-01-31 06:00 PM,2022,01,31,18,40.4,113,Unhealthy for Sensitive Groups,24.0,UG/M3,1 Hr,Valid
Ulaanbaatar,PM2.5 - Principal,2022-01-31 07:00 PM,2022,01,31,19,34.2,97,Moderate,28.0,UG/M3,1 Hr,Valid
Ulaanbaatar,PM2.5 - Principal,2022-01-31 08:00 PM,2022,01,31,20,31.1,91,Moderate,28.0,UG/M3,1 Hr,Valid
Ulaanbaatar,PM2.5 - Principal,2022-01-31 09:00 PM,2022,01,31,21,41.0,115,Unhealthy for Sensitive Groups,51.0,UG/M3,1 Hr,Valid
Ulaanbaatar,PM2.5 - Principal,2022-01-31 10:00 PM,2022,01,31,22,57.0,152,Unhealthy,73.0,UG/M3,1 Hr,Valid
Ulaanbaatar,PM2.5 - Principal,2022-01-31 11:00 PM,2022,01,31,23,189.5,240,Very Unhealthy,322.0,UG/M3,1 Hr,Valid
Ulaanbaatar,PM2.5 - Principal,2022-02-01 12:00 AM,2022,02,01,00,178.7,229,Very Unhealthy,168.0,UG/M3,1 Hr,Valid
Ulaanbaatar,PM2.5 - Principal,2022-02-01 01:00 AM,2022,02,01,01,207.4,257,Very Unhealthy,236.0,UG/M3,1 Hr,Valid
Ulaanbaatar,PM2.5 - Principal,2022-02-01 02:00 AM,2022,02,01,02,223.7,274,Very Unhealthy,240.0,UG/M3,1 Hr,Valid
Ulaanbaatar,PM2.5 - Principal,2022-02-01 03:00 AM,2022,02,01,03,216.8,267,Very Unhealthy,210.0,UG/M3,1 Hr,Valid
Ulaanbaatar,PM2.5 - Principal,2022-02-01 04:00 AM,2022,02,01,04,186.9,237,Very Unhealthy,157.0,UG/M3,1 Hr,Valid
Ulaanbaatar,PM2.5 - Principal,2022-02-01 05:00 AM,2022,02,01,05,180.4,231,Very Unhealthy,174.0,UG/M3,1 Hr,Valid
Ulaanbaatar,PM2.5 - Principal,2022-02-01 06:00 AM,2022,02,01,06,180.7,231,Very Unhealthy,181.0,UG/M3,1 Hr,Valid
Ulaanbaatar,PM2.5 - Principal,2022-02-01 07:00 AM,2022,02,01,07,152.8,203,Very Unhealthy,125.0,UG/M3,1 Hr,Valid
Ulaanbaatar,PM2.5 - Principal,2022-02-01 08:00 AM,2022,02,01,08,137.9,194,Unhealthy,123.0,UG/M3,1 Hr,Valid
Ulaanbaatar,PM2.5 - Principal,2022-02-01 09:00 AM,2022,02,01,09,190.0,240,Very Unhealthy,242.0,UG/M3,1 Hr,Valid
Ulaanbaatar,PM2.5 - Principal,2022-02-01 10:00 AM,2022,02,01,10,286.0,336,Hazardous,382.0,UG/M3,1 Hr,Valid
Ulaanbaatar,PM2.5 - Principal,2022-02-01 11:00 AM,2022,02,01,11,302.5,353,Hazardous,319.0,UG/M3,1 Hr,Valid
Ulaanbaatar,PM2.5 - Principal,2022-02-01 12:00 PM,2022,02,01,12,210.7,261,Very Unhealthy,119.0,UG/M3,1 Hr,Valid
Ulaanbaatar,PM2.5 - Principal,2022-02-01 01:00 PM,2022,02,01,13,178.8,229,Very Unhealthy,147.0,UG/M3,1 Hr,Valid
Ulaanbaatar,PM2.5 - Principal,2022-02-01 02:00 PM,2022,02,01,14,129.4,189,Unhealthy,80.0,UG/M3,1 Hr,Valid
Ulaanbaatar,PM2.5 - Principal,2022-02-01 03:00 PM,2022,02,01,15,104.6,176,Unhealthy,80.0,UG/M3,1 Hr,Valid
Ulaanbaatar,PM2.5 - Principal,2022-02-01 04:00 PM,2022,02,01,16,98.3,173,Unhealthy,92.0,UG/M3,1 Hr,Valid
Ulaanbaatar,PM2.5 - Principal,2022-02-01 05:00 PM,2022,02,01,17,69.6,158,Unhealthy,41.0,UG/M3,1 Hr,Valid
Ulaanbaatar,PM2.5 - Principal,2022-02-01 06:00 PM,2022,02,01,18,49.8,136,Unhealthy for Sensitive Groups,30.0,UG/M3,1 Hr,Valid
Ulaanbaatar,PM2.5 - Principal,2022-02-01 07:00 PM,2022,02,01,19,41.8,117,Unhealthy for Sensitive Groups,34.0,UG/M3,1 Hr,Valid
Ulaanbaatar,PM2.5 - Principal,2022-02-01 08:00 PM,2022,02,01,20,36.9,104,Unhealthy for Sensitive Groups,32.0,UG/M3,1 Hr,Valid
Ulaanbaatar,PM2.5 - Principal,2022-02-01 09:00 PM,2022,02,01,21,36.4,103,Unhealthy for Sensitive Groups,36.0,UG/M3,1 Hr,Valid
Ulaanbaatar,PM2.5 - Principal,2022-02-01 10:00 PM,2022,02,01,22,37.6,106,Unhealthy for Sensitive Groups,39.0,UG/M3,1 Hr,Valid
Ulaanbaatar,PM2.5 - Principal,2022-02-01 11:00 PM,2022,02,01,23,44.3,123,Unhealthy for Sensitive Groups,51.0,UG/M3,1 Hr,Valid
Ulaanbaatar,PM2.5 - Principal,2022-02-02 12:00 AM,2022,02,02,00,130.1,190,Unhealthy,216.0,UG/M3,1 Hr,Valid
Ulaanbaatar,PM2.5 - Principal,2022-02-02 01:00 AM,2022,02,02,01,200.5,251,Very Unhealthy,271.0,UG/M3,1 Hr,Valid
Ulaanbaatar,PM2.5 - Principal,2022-02-02 02:00 AM,2022,02,02,02,201.8,252,Very Unhealthy,203.0,UG/M3,1 Hr,Valid
Ulaanbaatar,PM2.5 - Principal,2022-02-02 03:00 AM,2022,02,02,03,204.4,254,Very Unhealthy,207.0,UG/M3,1 Hr,Valid
Ulaanbaatar,PM2.5 - Principal,2022-02-02 04:00 AM,2022,02,02,04,156.7,207,Very Unhealthy,109.0,UG/M3,1 Hr,Valid
Ulaanbaatar,PM2.5 - Principal,2022-02-02 05:00 AM,2022,02,02,05,112.3,180,Unhealthy,68.0,UG/M3,1 Hr,Valid
Ulaanbaatar,PM2.5 - Principal,2022-02-02 06:00 AM,2022,02,02,06,100.1,174,Unhealthy,88.0,UG/M3,1 Hr,Valid
Ulaanbaatar,PM2.5 - Principal,2022-02-02 07:00 AM,2022,02,02,07,84.5,166,Unhealthy,69.0,UG/M3,1 Hr,Valid
Ulaanbaatar,PM2.5 - Principal,2022-02-02 08:00 AM,2022,02,02,08,119.3,184,Unhealthy,154.0,UG/M3,1 Hr,Valid
Ulaanbaatar,PM2.5 - Principal,2022-02-02 09:00 AM,2022,02,02,09,184.1,234,Very Unhealthy,249.0,UG/M3,1 Hr,Valid
Ulaanbaatar,PM2.5 - Principal,2022-02-02 10:00 AM,2022,02,02,10,291.6,342,Hazardous,399.0,UG/M3,1 Hr,Valid
Ulaanbaatar,PM2.5 - Principal,2022-02-02 11:00 AM,2022,02,02,11,206.3,256,Very Unhealthy,121.0,UG/M3,1 Hr,Valid
Ulaanbaatar,PM2.5 - Principal,2022-02-02 12:00 PM,2022,02,02,12,170.1,220,Very Unhealthy,134.0,UG/M3,1 Hr,Valid
Ulaanbaatar,PM2.5 - Principal,2022-02-02 01:00 PM,2022,02,02,13,130.5,190,Unhealthy,91.0,UG/M3,1 Hr,Valid
Ulaanbaatar,PM2.5 - Principal,2022-02-02 02:00 PM,2022,02,02,14,78.2,163,Unhealthy,26.0,UG/M3,1 Hr,Valid
Ulaanbaatar,PM2.5 - Principal,2022-02-02 03:00 PM,2022,02,02,15,53.1,144,Unhealthy for Sensitive Groups,28.0,UG/M3,1 Hr,Valid
Ulaanbaatar,PM2.5 - Principal,2022-02-02 04:00 PM,2022,02,02,16,40.0,112,Unhealthy for Sensitive Groups,27.0,UG/M3,1 Hr,Valid
Ulaanbaatar,PM2.5 - Principal,2022-02-02 05:00 PM,2022,02,02,17,21.5,71,Moderate,3.0,UG/M3,1 Hr,Valid
Ulaanbaatar,PM2.5 - Principal,2022-02-02 06:00 PM,2022,02,02,18,13.7,54,Moderate,6.0,UG/M3,1 Hr,Valid
Ulaanbaatar,PM2.5 - Principal,2022-02-02 07:00 PM,2022,02,02,19,13.8,55,Moderate,14.0,UG/M3,1 Hr,Valid
Ulaanbaatar,PM2.5 - Principal,2022-02-02 08:00 PM,2022,02,02,20,30.9,91,Moderate,48.0,UG/M3,1 Hr,Valid
Ulaanbaatar,PM2.5 - Principal,2022-02-02 09:00 PM,2022,02,02,21,53.9,146,Unhealthy for Sensitive Groups,77.0,UG/M3,1 Hr,Valid
Ulaanbaatar,PM2.5 - Principal,2022-02-02 10:00 PM,2022,02,02,22,111.9,180,Unhealthy,170.0,UG/M3,1 Hr,Valid
Ulaanbaatar,PM2.5 - Principal,2022-02-02 11:00 PM,2022,02,02,23,116.9,183,Unhealthy,122.0,UG/M3,1 Hr,Valid
Ulaanbaatar,PM2.5 - Principal,2022-02-03 12:00 AM,2022,02,03,00,196.0,246,Very Unhealthy,275.0,UG/M3,1 Hr,Valid
Ulaanbaatar,PM2.5 - Principal,2022-02-03 01:00 AM,2022,02,03,01,327.0,377,Hazardous,458.0,UG/M3,1 Hr,Valid
Ulaanbaatar,PM2.5 - Principal,2022-02-03 02:00 AM,2022,02,03,02,434.5,456,Hazardous,542.0,UG/M3,1 Hr,Valid
Ulaanbaatar,PM2.5 - Principal,2022-02-03 03:00 AM,2022,02,03,03,382.3,422,Hazardous,330.0,UG/M3,1 Hr,Valid
Ulaanbaatar,PM2.5 - Principal,2022-02-03 04:00 AM,2022,02,03,04,302.6,353,Hazardous,223.0,UG/M3,1 Hr,Valid
Ulaanbaatar,PM2.5 - Principal,2022-02-03 05:00 AM,2022,02,03,05,180.3,231,Very Unhealthy,58.0,UG/M3,1 Hr,Valid
Ulaanbaatar,PM2.5 - Principal,2022-02-03 06:00 AM,2022,02,03,06,136.1,193,Unhealthy,92.0,UG/M3,1 Hr,Valid
Ulaanbaatar,PM2.5 - Principal,2022-02-03 07:00 AM,2022,02,03,07,134.6,192,Unhealthy,133.0,UG/M3,1 Hr,Valid
Ulaanbaatar,PM2.5 - Principal,2022-02-03 08:00 AM,2022,02,03,08,164.3,215,Very Unhealthy,194.0,UG/M3,1 Hr,Valid
Ulaanbaatar,PM2.5 - Principal,2022-02-03 09:00 AM,2022,02,03,09,206.1,256,Very Unhealthy,248.0,UG/M3,1 Hr,Valid
Ulaanbaatar,PM2.5 - Principal,2022-02-03 10:00 AM,2022,02,03,10,241.1,291,Very Unhealthy,276.0,UG/M3,1 Hr,Valid
Ulaanbaatar,PM2.5 - Principal,2022-02-03 11:00 AM,2022,02,03,11,243.5,293,Very Unhealthy,246.0,UG/M3,1 Hr,Valid
Ulaanbaatar,PM2.5 - Principal,2022-02-03 12:00 PM,2022,02,03,12,140.7,195,Unhealthy,38.0,UG/M3,1 Hr,Valid
Ulaanbaatar,PM2.5 - Principal,2022-02-03 01:00 PM,2022,02,03,13,83.3,165,Unhealthy,26.0,UG/M3,1 Hr,Valid
Ulaanbaatar,PM2.5 - Principal,2022-02-03 02:00 PM,2022,02,03,14,56.0,151,Unhealthy,29.0,UG/M3,1 Hr,Valid
Ulaanbaatar,PM2.5 - Principal,2022-02-03 03:00 PM,2022,02,03,15,39.0,110,Unhealthy for Sensitive Groups,22.0,UG/M3,1 Hr,Valid
Ulaanbaatar,PM2.5 - Principal,2022-02-03 04:00 PM,2022,02,03,16,26.4,81,Moderate,14.0,UG/M3,1 Hr,Valid
Ulaanbaatar,PM2.5 - Principal,2022-02-03 05:00 PM,2022,02,03,17,17.2,62,Moderate,8.0,UG/M3,1 Hr,Valid
Ulaanbaatar,PM2.5 - Principal,2022-02-03 06:00 PM,2022,02,03,18,11.6,48,Good,6.0,UG/M3,1 Hr,Valid
Ulaanbaatar,PM2.5 - Principal,2022-02-03 07:00 PM,2022,02,03,19,15.2,58,Moderate,19.0,UG/M3,1 Hr,Valid
Ulaanbaatar,PM2.5 - Principal,2022-02-03 08:00 PM,2022,02,03,20,26.1,80,Moderate,37.0,UG/M3,1 Hr,Valid
Ulaanbaatar,PM2.5 - Principal,2022-02-03 09:00 PM,2022,02,03,21,32.5,94,Moderate,39.0,UG/M3,1 Hr,Valid
Ulaanbaatar,PM2.5 - Principal,2022-02-03 10:00 PM,2022,02,03,22,34.2,97,Moderate,36.0,UG/M3,1 Hr,Valid
Ulaanbaatar,PM2.5 - Principal,2022-02-03 11:00 PM,2022,02,03,23,33.0,95,Moderate,32.0,UG/M3,1 Hr,Valid
Ulaanbaatar,PM2.5 - Principal,2022-02-04 12:00 AM,2022,02,04,00,52.0,142,Unhealthy for Sensitive Groups,71.0,UG/M3,1 Hr,Valid
Ulaanbaatar,PM2.5 - Principal,2022-02-04 01:00 AM,2022,02,04,01,127.0,188,Unhealthy,202.0,UG/M3,1 Hr,Valid
Ulaanbaatar,PM2.5 - Principal,2022-02-04 02:00 AM,2022,02,04,02,107.5,178,Unhealthy,88.0,UG/M3,1 Hr,Valid
Ulaanbaatar,PM2.5 - Principal,2022-02-04 03:00 AM,2022,02,04,03,294.3,344,Hazardous,481.0,UG/M3,1 Hr,Valid
Ulaanbaatar,PM2.5 - Principal,2022-02-04 04:00 AM,2022,02,04,04,359.7,407,Hazardous,425.0,UG/M3,1 Hr,Valid
Ulaanbaatar,PM2.5 - Principal,2022-02-04 05:00 AM,2022,02,04,05,362.3,409,Hazardous,365.0,UG/M3,1 Hr,Valid
Ulaanbaatar,PM2.5 - Principal,2022-02-04 06:00 AM,2022,02,04,06,352.7,402,Hazardous,343.0,UG/M3,1 Hr,Valid
Ulaanbaatar,PM2.5 - Principal,2022-02-04 07:00 AM,2022,02,04,07,300.3,350,Hazardous,248.0,UG/M3,1 Hr,Valid
Ulaanbaatar,PM2.5 - Principal,2022-02-04 08:00 AM,2022,02,04,08,253.2,304,Hazardous,206.0,UG/M3,1 Hr,Valid
Ulaanbaatar,PM2.5 - Principal,2022-02-04 09:00 AM,2022,02,04,09,248.1,298,Very Unhealthy,243.0,UG/M3,1 Hr,Valid
Ulaanbaatar,PM2.5 - Principal,2022-02-04 10:00 AM,2022,02,04,10,286.6,337,Hazardous,325.0,UG/M3,1 Hr,Valid
Ulaanbaatar,PM2.5 - Principal,2022-02-04 11:00 AM,2022,02,04,11,388.8,426,Hazardous,491.0,UG/M3,1 Hr,Valid
Ulaanbaatar,PM2.5 - Principal,2022-02-04 12:00 PM,2022,02,04,12,216.9,267,Very Unhealthy,45.0,UG/M3,1 Hr,Valid
Ulaanbaatar,PM2.5 - Principal,2022-02-04 01:00 PM,2022,02,04,13,133.4,191,Unhealthy,50.0,UG/M3,1 Hr,Valid
Ulaanbaatar,PM2.5 - Principal,2022-02-04 02:00 PM,2022,02,04,14,90.7,169,Unhealthy,48.0,UG/M3,1 Hr,Valid
Ulaanbaatar,PM2.5 - Principal,2022-02-04 03:00 PM,2022,02,04,15,68.8,158,Unhealthy,47.0,UG/M3,1 Hr,Valid
Ulaanbaatar,PM2.5 - Principal,2022-02-04 04:00 PM,2022,02,04,16,44.3,123,Unhealthy for Sensitive Groups,20.0,UG/M3,1 Hr,Valid
Ulaanbaatar,PM2.5 - Principal,2022-02-04 05:00 PM,2022,02,04,17,27.1,83,Moderate,10.0,UG/M3,1 Hr,Valid
Ulaanbaatar,PM2.5 - Principal,2022-02-04 06:00 PM,2022,02,04,18,18.0,63,Moderate,9.0,UG/M3,1 Hr,Valid
Ulaanbaatar,PM2.5 - Principal,2022-02-04 07:00 PM,2022,02,04,19,17.4,62,Moderate,17.0,UG/M3,1 Hr,Valid
Ulaanbaatar,PM2.5 - Principal,2022-02-04 08:00 PM,2022,02,04,20,19.2,66,Moderate,21.0,UG/M3,1 Hr,Valid
Ulaanbaatar,PM2.5 - Principal,2022-02-04 09:00 PM,2022,02,04,21,33.0,95,Moderate,47.0,UG/M3,1 Hr,Valid
Ulaanbaatar,PM2.5 - Principal,2022-02-04 10:00 PM,2022,02,04,22,40.5,113,Unhealthy for Sensitive Groups,48.0,UG/M3,1 Hr,Valid
Ulaanbaatar,PM2.5 - Principal,2022-02-04 11:00 PM,2022,02,04,23,129.2,189,Unhealthy,218.0,UG/M3,1 Hr,Valid
Ulaanbaatar,PM2.5 - Principal,2022-02-05 12:00 AM,2022,02,05,00,130.1,190,Unhealthy,131.0,UG/M3,1 Hr,Valid
Ulaanbaatar,PM2.5 - Principal,2022-02-05 01:00 AM,2022,02,05,01,132.5,191,Unhealthy,135.0,UG/M3,1 Hr,Valid
Ulaanbaatar,PM2.5 - Principal,2022-02-05 02:00 AM,2022,02,05,02,124.7,187,Unhealthy,117.0,UG/M3,1 Hr,Valid
Ulaanbaatar,PM2.5 - Principal,2022-02-05 03:00 AM,2022,02,05,03,145.9,198,Unhealthy,167.0,UG/M3,1 Hr,Valid
Ulaanbaatar,PM2.5 - Principal,2022-02-05 04:00 AM,2022,02,05,04,121.9,185,Unhealthy,98.0,UG/M3,1 Hr,Valid
Ulaanbaatar,PM2.5 - Principal,2022-02-05 05:00 AM,2022,02,05,05,100.9,174,Unhealthy,80.0,UG/M3,1 Hr,Valid
Ulaanbaatar,PM2.5 - Principal,2022-02-05 06:00 AM,2022,02,05,06,80.0,164,Unhealthy,59.0,UG/M3,1 Hr,Valid
Ulaanbaatar,PM2.5 - Principal,2022-02-05 07:00 AM,2022,02,05,07,74.5,161,Unhealthy,69.0,UG/M3,1 Hr,Valid
Ulaanbaatar,PM2.5 - Principal,2022-02-05 08:00 AM,2022,02,05,08,82.7,165,Unhealthy,91.0,UG/M3,1 Hr,Valid
Ulaanbaatar,PM2.5 - Principal,2022-02-05 09:00 AM,2022,02,05,09,99.8,174,Unhealthy,117.0,UG/M3,1 Hr,Valid
Ulaanbaatar,PM2.5 - Principal,2022-02-05 10:00 AM,2022,02,05,10,141.9,196,Unhealthy,184.0,UG/M3,1 Hr,Valid
Ulaanbaatar,PM2.5 - Principal,2022-02-05 11:00 AM,2022,02,05,11,234.4,284,Very Unhealthy,327.0,UG/M3,1 Hr,Valid
Ulaanbaatar,PM2.5 - Principal,2022-02-05 12:00 PM,2022,02,05,12,229.7,279,Very Unhealthy,225.0,UG/M3,1 Hr,Valid
Ulaanbaatar,PM2.5 - Principal,2022-02-05 01:00 PM,2022,02,05,13,143.8,197,Unhealthy,58.0,UG/M3,1 Hr,Valid
Ulaanbaatar,PM2.5 - Principal,2022-02-05 02:00 PM,2022,02,05,14,84.4,166,Unhealthy,25.0,UG/M3,1 Hr,Valid
Ulaanbaatar,PM2.5 - Principal,2022-02-05 03:00 PM,2022,02,05,15,50.6,138,Unhealthy for Sensitive Groups,17.0,UG/M3,1 Hr,Valid
Ulaanbaatar,PM2.5 - Principal,2022-02-05 04:00 PM,2022,02,05,16,33.3,96,Moderate,16.0,UG/M3,1 Hr,Valid
Ulaanbaatar,PM2.5 - Principal,2022-02-05 05:00 PM,2022,02,05,17,21.6,71,Moderate,10.0,UG/M3,1 Hr,Valid
Ulaanbaatar,PM2.5 - Principal,2022-02-05 06:00 PM,2022,02,05,18,19.3,66,Moderate,17.0,UG/M3,1 Hr,Valid
Ulaanbaatar,PM2.5 - Principal,2022-02-05 07:00 PM,2022,02,05,19,19.1,66,Moderate,19.0,UG/M3,1 Hr,Valid
Ulaanbaatar,PM2.5 - Principal,2022-02-05 08:00 PM,2022,02,05,20,20.0,68,Moderate,21.0,UG/M3,1 Hr,Valid
Ulaanbaatar,PM2.5 - Principal,2022-02-05 09:00 PM,2022,02,05,21,24.0,76,Moderate,28.0,UG/M3,1 Hr,Valid
Ulaanbaatar,PM2.5 - Principal,2022-02-05 10:00 PM,2022,02,05,22,88.5,168,Unhealthy,153.0,UG/M3,1 Hr,Valid
Ulaanbaatar,PM2.5 - Principal,2022-02-05 11:00 PM,2022,02,05,23,168.2,219,Very Unhealthy,248.0,UG/M3,1 Hr,Valid
Ulaanbaatar,PM2.5 - Principal,2022-02-06 12:00 AM,2022,02,06,00,170.6,221,Very Unhealthy,173.0,UG/M3,1 Hr,Valid
Ulaanbaatar,PM2.5 - Principal,2022-02-06 01:00 AM,2022,02,06,01,160.8,211,Very Unhealthy,151.0,UG/M3,1 Hr,Valid
Ulaanbaatar,PM2.5 - Principal,2022-02-06 02:00 AM,2022,02,06,02,167.4,218,Very Unhealthy,174.0,UG/M3,1 Hr,Valid
Ulaanbaatar,PM2.5 - Principal,2022-02-06 03:00 AM,2022,02,06,03,183.7,234,Very Unhealthy,200.0,UG/M3,1 Hr,Valid
Ulaanbaatar,PM2.5 - Principal,2022-02-06 04:00 AM,2022,02,06,04,165.8,216,Very Unhealthy,148.0,UG/M3,1 Hr,Valid
Ulaanbaatar,PM2.5 - Principal,2022-02-06 05:00 AM,2022,02,06,05,143.9,197,Unhealthy,122.0,UG/M3,1 Hr,Valid
Ulaanbaatar,PM2.5 - Principal,2022-02-06 06:00 AM,2022,02,06,06,144.4,197,Unhealthy,145.0,UG/M3,1 Hr,Valid
Ulaanbaatar,PM2.5 - Principal,2022-02-06 07:00 AM,2022,02,06,07,122.2,185,Unhealthy,100.0,UG/M3,1 Hr,Valid
Ulaanbaatar,PM2.5 - Principal,2022-02-06 08:00 AM,2022,02,06,08,111.1,180,Unhealthy,100.0,UG/M3,1 Hr,Valid
Ulaanbaatar,PM2.5 - Principal,2022-02-06 09:00 AM,2022,02,06,09,118.0,183,Unhealthy,125.0,UG/M3,1 Hr,Valid
Ulaanbaatar,PM2.5 - Principal,2022-02-06 10:00 AM,2022,02,06,10,162.5,213,Very Unhealthy,207.0,UG/M3,1 Hr,Valid
Ulaanbaatar,PM2.5 - Principal,2022-02-06 11:00 AM,2022,02,06,11,274.7,325,Hazardous,387.0,UG/M3,1 Hr,Valid
Ulaanbaatar,PM2.5 - Principal,2022-02-06 12:00 PM,2022,02,06,12,216.8,267,Very Unhealthy,159.0,UG/M3,1 Hr,Valid
Ulaanbaatar,PM2.5 - Principal,2022-02-06 01:00 PM,2022,02,06,13,149.9,200,Unhealthy,83.0,UG/M3,1 Hr,Valid
Ulaanbaatar,PM2.5 - Principal,2022-02-06 02:00 PM,2022,02,06,14,104.4,176,Unhealthy,59.0,UG/M3,1 Hr,Valid
Ulaanbaatar,PM2.5 - Principal,2022-02-06 03:00 PM,2022,02,06,15,88.2,168,Unhealthy,72.0,UG/M3,1 Hr,Valid
Ulaanbaatar,PM2.5 - Principal,2022-02-06 04:00 PM,2022,02,06,16,60.0,153,Unhealthy,32.0,UG/M3,1 Hr,Valid
Ulaanbaatar,PM2.5 - Principal,2022-02-06 05:00 PM,2022,02,06,17,37.5,106,Unhealthy for Sensitive Groups,15.0,UG/M3,1 Hr,Valid
Ulaanbaatar,PM2.5 - Principal,2022-02-06 06:00 PM,2022,02,06,18,24.7,77,Moderate,12.0,UG/M3,1 Hr,Valid
Ulaanbaatar,PM2.5 - Principal,2022-02-06 07:00 PM,2022,02,06,19,19.3,66,Moderate,14.0,UG/M3,1 Hr,Valid
Ulaanbaatar,PM2.5 - Principal,2022-02-06 08:00 PM,2022,02,06,20,25.1,78,Moderate,31.0,UG/M3,1 Hr,Valid
Ulaanbaatar,PM2.5 - Principal,2022-02-06 09:00 PM,2022,02,06,21,45.0,124,Unhealthy for Sensitive Groups,65.0,UG/M3,1 Hr,Valid
Ulaanbaatar,PM2.5 - Principal,2022-02-06 10:00 PM,2022,02,06,22,154.5,205,Very Unhealthy,264.0,UG/M3,1 Hr,Valid
Ulaanbaatar,PM2.5 - Principal,2022-02-06 11:00 PM,2022,02,06,23,188.7,239,Very Unhealthy,223.0,UG/M3,1 Hr,Valid
Ulaanbaatar,PM2.5 - Principal,2022-02-07 12:00 AM,2022,02,07,00,173.8,224,Very Unhealthy,159.0,UG/M3,1 Hr,Valid
Ulaanbaatar,PM2.5 - Principal,2022-02-07 01:00 AM,2022,02,07,01,171.9,222,Very Unhealthy,170.0,UG/M3,1 Hr,Valid
Ulaanbaatar,PM2.5 - Principal,2022-02-07 02:00 AM,2022,02,07,02,202.9,253,Very Unhealthy,234.0,UG/M3,1 Hr,Valid
Ulaanbaatar,PM2.5 - Principal,2022-02-07 03:00 AM,2022,02,07,03,220.5,270,Very Unhealthy,238.0,UG/M3,1 Hr,Valid
Ulaanbaatar,PM2.5 - Principal,2022-02-07 04:00 AM,2022,02,07,04,217.7,268,Very Unhealthy,215.0,UG/M3,1 Hr,Valid
Ulaanbaatar,PM2.5 - Principal,2022-02-07 05:00 AM,2022,02,07,05,195.4,245,Very Unhealthy,173.0,UG/M3,1 Hr,Valid
Ulaanbaatar,PM2.5 - Principal,2022-02-07 06:00 AM,2022,02,07,06,165.7,216,Very Unhealthy,136.0,UG/M3,1 Hr,Valid
Ulaanbaatar,PM2.5 - Principal,2022-02-07 07:00 AM,2022,02,07,07,129.8,189,Unhealthy,94.0,UG/M3,1 Hr,Valid
Ulaanbaatar,PM2.5 - Principal,2022-02-07 08:00 AM,2022,02,07,08,116.4,182,Unhealthy,103.0,UG/M3,1 Hr,Valid
Ulaanbaatar,PM2.5 - Principal,2022-02-07 09:00 AM,2022,02,07,09,148.7,199,Unhealthy,181.0,UG/M3,1 Hr,Valid
Ulaanbaatar,PM2.5 - Principal,2022-02-07 10:00 AM,2022,02,07,10,207.3,257,Very Unhealthy,266.0,UG/M3,1 Hr,Valid
Ulaanbaatar,PM2.5 - Principal,2022-02-07 11:00 AM,2022,02,07,11,314.2,364,Hazardous,421.0,UG/M3,1 Hr,Valid
Ulaanbaatar,PM2.5 - Principal,2022-02-07 12:00 PM,2022,02,07,12,207.0,257,Very Unhealthy,100.0,UG/M3,1 Hr,Valid
Ulaanbaatar,PM2.5 - Principal,2022-02-07 01:00 PM,2022,02,07,13,123.5,186,Unhealthy,40.0,UG/M3,1 Hr,Valid
Ulaanbaatar,PM2.5 - Principal,2022-02-07 02:00 PM,2022,02,07,14,80.2,164,Unhealthy,37.0,UG/M3,1 Hr,Valid
Ulaanbaatar,PM2.5 - Principal,2022-02-07 03:00 PM,2022,02,07,15,64.0,155,Unhealthy,48.0,UG/M3,1 Hr,Valid
Ulaanbaatar,PM2.5 - Principal,2022-02-07 04:00 PM,2022,02,07,16,61.5,154,Unhealthy,59.0,UG/M3,1 Hr,Valid
Ulaanbaatar,PM2.5 - Principal,2022-02-07 05:00 PM,2022,02,07,17,59.7,153,Unhealthy,58.0,UG/M3,1 Hr,Valid
Ulaanbaatar,PM2.5 - Principal,2022-02-07 06:00 PM,2022,02,07,18,55.8,151,Unhealthy,52.0,UG/M3,1 Hr,Valid
Ulaanbaatar,PM2.5 - Principal,2022-02-07 07:00 PM,2022,02,07,19,43.4,120,Unhealthy for Sensitive Groups,31.0,UG/M3,1 Hr,Valid
Ulaanbaatar,PM2.5 - Principal,2022-02-07 08:00 PM,2022,02,07,20,35.2,100,Moderate,27.0,UG/M3,1 Hr,Valid
Ulaanbaatar,PM2.5 - Principal,2022-02-07 09:00 PM,2022,02,07,21,74.5,161,Unhealthy,114.0,UG/M3,1 Hr,Valid
Ulaanbaatar,PM2.5 - Principal,2022-02-07 10:00 PM,2022,02,07,22,191.3,241,Very Unhealthy,308.0,UG/M3,1 Hr,Valid
Ulaanbaatar,PM2.5 - Principal,2022-02-07 11:00 PM,2022,02,07,23,251.6,302,Hazardous,312.0,UG/M3,1 Hr,Valid
Ulaanbaatar,PM2.5 - Principal,2022-02-08 12:00 AM,2022,02,08,00,289.8,340,Hazardous,328.0,UG/M3,1 Hr,Valid
Ulaanbaatar,PM2.5 - Principal,2022-02-08 01:00 AM,2022,02,08,01,289.9,340,Hazardous,290.0,UG/M3,1 Hr,Valid
Ulaanbaatar,PM2.5 - Principal,2022-02-08 02:00 AM,2022,02,08,02,310.0,360,Hazardous,330.0,UG/M3,1 Hr,Valid
Ulaanbaatar,PM2.5 - Principal,2022-02-08 03:00 AM,2022,02,08,03,294.0,344,Hazardous,278.0,UG/M3,1 Hr,Valid
Ulaanbaatar,PM2.5 - Principal,2022-02-08 04:00 AM,2022,02,08,04,268.5,319,Hazardous,243.0,UG/M3,1 Hr,Valid
Ulaanbaatar,PM2.5 - Principal,2022-02-08 05:00 AM,2022,02,08,05,224.2,274,Very Unhealthy,180.0,UG/M3,1 Hr,Valid
Ulaanbaatar,PM2.5 - Principal,2022-02-08 06:00 AM,2022,02,08,06,201.1,251,Very Unhealthy,178.0,UG/M3,1 Hr,Valid
Ulaanbaatar,PM2.5 - Principal,2022-02-08 07:00 AM,2022,02,08,07,174.0,224,Very Unhealthy,147.0,UG/M3,1 Hr,Valid
Ulaanbaatar,PM2.5 - Principal,2022-02-08 08:00 AM,2022,02,08,08,159.5,210,Very Unhealthy,145.0,UG/M3,1 Hr,Valid
Ulaanbaatar,PM2.5 - Principal,2022-02-08 09:00 AM,2022,02,08,09,191.7,242,Very Unhealthy,224.0,UG/M3,1 Hr,Valid
Ulaanbaatar,PM2.5 - Principal,2022-02-08 10:00 AM,2022,02,08,10,282.9,333,Hazardous,374.0,UG/M3,1 Hr,Valid
Ulaanbaatar,PM2.5 - Principal,2022-02-08 11:00 AM,2022,02,08,11,468.9,479,Hazardous,655.0,UG/M3,1 Hr,Suspect
Ulaanbaatar,PM2.5 - Principal,2022-02-08 12:00 PM,2022,02,08,12,324.4,374,Hazardous,180.0,UG/M3,1 Hr,Valid
Ulaanbaatar,PM2.5 - Principal,2022-02-08 01:00 PM,2022,02,08,13,214.2,264,Very Unhealthy,104.0,UG/M3,1 Hr,Valid
Ulaanbaatar,PM2.5 - Principal,2022-02-08 02:00 PM,2022,02,08,14,140.5,195,Unhealthy,67.0,UG/M3,1 Hr,Valid
Ulaanbaatar,PM2.5 - Principal,2022-02-08 03:00 PM,2022,02,08,15,86.2,167,Unhealthy,32.0,UG/M3,1 Hr,Valid
Ulaanbaatar,PM2.5 - Principal,2022-02-08 04:00 PM,2022,02,08,16,56.1,151,Unhealthy,26.0,UG/M3,1 Hr,Valid
Ulaanbaatar,PM2.5 - Principal,2022-02-08 05:00 PM,2022,02,08,17,39.0,110,Unhealthy for Sensitive Groups,22.0,UG/M3,1 Hr,Valid
Ulaanbaatar,PM2.5 - Principal,2022-02-08 06:00 PM,2022,02,08,18,29.9,88,Moderate,21.0,UG/M3,1 Hr,Valid
Ulaanbaatar,PM2.5 - Principal,2022-02-08 07:00 PM,2022,02,08,19,26.9,82,Moderate,24.0,UG/M3,1 Hr,Valid
Ulaanbaatar,PM2.5 - Principal,2022-02-08 08:00 PM,2022,02,08,20,28.4,85,Moderate,30.0,UG/M3,1 Hr,Valid
Ulaanbaatar,PM2.5 - Principal,2022-02-08 09:00 PM,2022,02,08,21,56.7,152,Unhealthy,85.0,UG/M3,1 Hr,Valid
Ulaanbaatar,PM2.5 - Principal,2022-02-08 10:00 PM,2022,02,08,22,129.3,189,Unhealthy,202.0,UG/M3,1 Hr,Valid
Ulaanbaatar,PM2.5 - Principal,2022-02-08 11:00 PM,2022,02,08,23,132.1,191,Unhealthy,135.0,UG/M3,1 Hr,Valid
Ulaanbaatar,PM2.5 - Principal,2022-02-09 12:00 AM,2022,02,09,00,173.5,224,Very Unhealthy,215.0,UG/M3,1 Hr,Valid
Ulaanbaatar,PM2.5 - Principal,2022-02-09 01:00 AM,2022,02,09,01,150.2,200,Unhealthy,127.0,UG/M3,1 Hr,Valid
Ulaanbaatar,PM2.5 - Principal,2022-02-09 02:00 AM,2022,02,09,02,147.1,198,Unhealthy,144.0,UG/M3,1 Hr,Valid
Ulaanbaatar,PM2.5 - Principal,2022-02-09 03:00 AM,2022,02,09,03,135.0,192,Unhealthy,123.0,UG/M3,1 Hr,Valid
Ulaanbaatar,PM2.5 - Principal,2022-02-09 04:00 AM,2022,02,09,04,149.5,200,Unhealthy,164.0,UG/M3,1 Hr,Valid
Ulaanbaatar,PM2.5 - Principal,2022-02-09 05:00 AM,2022,02,09,05,142.2,196,Unhealthy,135.0,UG/M3,1 Hr,Valid
Ulaanbaatar,PM2.5 - Principal,2022-02-09 06:00 AM,2022,02,09,06,134.6,192,Unhealthy,127.0,UG/M3,1 Hr,Valid
Ulaanbaatar,PM2.5 - Principal,2022-02-09 07:00 AM,2022,02,09,07,126.8,188,Unhealthy,119.0,UG/M3,1 Hr,Valid
Ulaanbaatar,PM2.5 - Principal,2022-02-09 08:00 AM,2022,02,09,08,114.4,181,Unhealthy,102.0,UG/M3,1 Hr,Valid
Ulaanbaatar,PM2.5 - Principal,2022-02-09 09:00 AM,2022,02,09,09,120.7,185,Unhealthy,127.0,UG/M3,1 Hr,Valid
Ulaanbaatar,PM2.5 - Principal,2022-02-09 10:00 AM,2022,02,09,10,176.3,227,Very Unhealthy,232.0,UG/M3,1 Hr,Valid
Ulaanbaatar,PM2.5 - Principal,2022-02-09 11:00 AM,2022,02,09,11,297.2,347,Hazardous,418.0,UG/M3,1 Hr,Valid
Ulaanbaatar,PM2.5 - Principal,2022-02-09 12:00 PM,2022,02,09,12,176.0,226,Very Unhealthy,55.0,UG/M3,1 Hr,Valid
Ulaanbaatar,PM2.5 - Principal,2022-02-09 01:00 PM,2022,02,09,13,107.5,178,Unhealthy,39.0,UG/M3,1 Hr,Valid
Ulaanbaatar,PM2.5 - Principal,2022-02-09 02:00 PM,2022,02,09,14,71.2,159,Unhealthy,35.0,UG/M3,1 Hr,Valid
Ulaanbaatar,PM2.5 - Principal,2022-02-09 03:00 PM,2022,02,09,15,68.1,158,Unhealthy,65.0,UG/M3,1 Hr,Valid
Ulaanbaatar,PM2.5 - Principal,2022-02-09 04:00 PM,2022,02,09,16,72.0,160,Unhealthy,76.0,UG/M3,1 Hr,Valid
Ulaanbaatar,PM2.5 - Principal,2022-02-09 05:00 PM,2022,02,09,17,58.0,152,Unhealthy,44.0,UG/M3,1 Hr,Valid
Ulaanbaatar,PM2.5 - Principal,2022-02-09 06:00 PM,2022,02,09,18,42.4,118,Unhealthy for Sensitive Groups,27.0,UG/M3,1 Hr,Valid
Ulaanbaatar,PM2.5 - Principal,2022-02-09 07:00 PM,2022,02,09,19,32.2,93,Moderate,22.0,UG/M3,1 Hr,Valid
Ulaanbaatar,PM2.5 - Principal,2022-02-09 08:00 PM,2022,02,09,20,26.1,80,Moderate,20.0,UG/M3,1 Hr,Valid
Ulaanbaatar,PM2.5 - Principal,2022-02-09 09:00 PM,2022,02,09,21,36.5,103,Unhealthy for Sensitive Groups,47.0,UG/M3,1 Hr,Valid
Ulaanbaatar,PM2.5 - Principal,2022-02-09 10:00 PM,2022,02,09,22,32.7,94,Moderate,29.0,UG/M3,1 Hr,Valid
Ulaanbaatar,PM2.5 - Principal,2022-02-09 11:00 PM,2022,02,09,23,28.3,85,Moderate,24.0,UG/M3,1 Hr,Valid
Ulaanbaatar,PM2.5 - Principal,2022-02-10 12:00 AM,2022,02,10,00,29.6,88,Moderate,31.0,UG/M3,1 Hr,Valid
Ulaanbaatar,PM2.5 - Principal,2022-02-10 01:00 AM,2022,02,10,01,34.3,98,Moderate,39.0,UG/M3,1 Hr,Valid
Ulaanbaatar,PM2.5 - Principal,2022-02-10 02:00 AM,2022,02,10,02,44.1,122,Unhealthy for Sensitive Groups,54.0,UG/M3,1 Hr,Valid
Ulaanbaatar,PM2.5 - Principal,2022-02-10 03:00 AM,2022,02,10,03,48.0,132,Unhealthy for Sensitive Groups,52.0,UG/M3,1 Hr,Valid
Ulaanbaatar,PM2.5 - Principal,2022-02-10 04:00 AM,2022,02,10,04,33.0,95,Moderate,18.0,UG/M3,1 Hr,Valid
Ulaanbaatar,PM2.5 - Principal,2022-02-10 05:00 AM,2022,02,10,05,25.0,78,Moderate,17.0,UG/M3,1 Hr,Valid
Ulaanbaatar,PM2.5 - Principal,2022-02-10 06:00 AM,2022,02,10,06,24.5,77,Moderate,24.0,UG/M3,1 Hr,Valid
Ulaanbaatar,PM2.5 - Principal,2022-02-10 07:00 AM,2022,02,10,07,36.2,103,Unhealthy for Sensitive Groups,48.0,UG/M3,1 Hr,Valid
Ulaanbaatar,PM2.5 - Principal,2022-02-10 08:00 AM,2022,02,10,08,34.1,97,Moderate,32.0,UG/M3,1 Hr,Valid
Ulaanbaatar,PM2.5 - Principal,2022-02-10 09:00 AM,2022,02,10,09,48.5,133,Unhealthy for Sensitive Groups,63.0,UG/M3,1 Hr,Valid
Ulaanbaatar,PM2.5 - Principal,2022-02-10 10:00 AM,2022,02,10,10,52.7,143,Unhealthy for Sensitive Groups,57.0,UG/M3,1 Hr,Valid
Ulaanbaatar,PM2.5 - Principal,2022-02-10 11:00 AM,2022,02,10,11,69.4,158,Unhealthy,86.0,UG/M3,1 Hr,Valid
Ulaanbaatar,PM2.5 - Principal,2022-02-10 12:00 PM,2022,02,10,12,81.7,165,Unhealthy,94.0,UG/M3,1 Hr,Valid
Ulaanbaatar,PM2.5 - Principal,2022-02-10 01:00 PM,2022,02,10,13,77.3,162,Unhealthy,73.0,UG/M3,1 Hr,Valid
Ulaanbaatar,PM2.5 - Principal,2022-02-10 02:00 PM,2022,02,10,14,73.1,160,Unhealthy,69.0,UG/M3,1 Hr,Valid
Ulaanbaatar,PM2.5 - Principal,2022-02-10 03:00 PM,2022,02,10,15,72.5,160,Unhealthy,72.0,UG/M3,1 Hr,Valid
Ulaanbaatar,PM2.5 - Principal,2022-02-10 04:00 PM,2022,02,10,16,47.2,130,Unhealthy for Sensitive Groups,22.0,UG/M3,1 Hr,Valid
Ulaanbaatar,PM2.5 - Principal,2022-02-10 05:00 PM,2022,02,10,17,32.6,94,Moderate,18.0,UG/M3,1 Hr,Valid
Ulaanbaatar,PM2.5 - Principal,2022-02-10 06:00 PM,2022,02,10,18,24.8,78,Moderate,17.0,UG/M3,1 Hr,Valid
Ulaanbaatar,PM2.5 - Principal,2022-02-10 07:00 PM,2022,02,10,19,22.9,74,Moderate,21.0,UG/M3,1 Hr,Valid
Ulaanbaatar,PM2.5 - Principal,2022-02-10 08:00 PM,2022,02,10,20,28.4,85,Moderate,34.0,UG/M3,1 Hr,Valid
Ulaanbaatar,PM2.5 - Principal,2022-02-10 09:00 PM,2022,02,10,21,27.2,83,Moderate,26.0,UG/M3,1 Hr,Valid
Ulaanbaatar,PM2.5 - Principal,2022-02-10 10:00 PM,2022,02,10,22,25.6,79,Moderate,24.0,UG/M3,1 Hr,Valid
Ulaanbaatar,PM2.5 - Principal,2022-02-10 11:00 PM,2022,02,10,23,23.7,75,Moderate,22.0,UG/M3,1 Hr,Valid
Ulaanbaatar,PM2.5 - Principal,2022-02-11 12:00 AM,2022,02,11,00,25.8,80,Moderate,28.0,UG/M3,1 Hr,Valid
Ulaanbaatar,PM2.5 - Principal,2022-02-11 01:00 AM,2022,02,11,01,25.4,79,Moderate,25.0,UG/M3,1 Hr,Valid
Ulaanbaatar,PM2.5 - Principal,2022-02-11 02:00 AM,2022,02,11,02,28.2,85,Moderate,31.0,UG/M3,1 Hr,Valid
Ulaanbaatar,PM2.5 - Principal,2022-02-11 03:00 AM,2022,02,11,03,30.1,89,Moderate,32.0,UG/M3,1 Hr,Valid
Ulaanbaatar,PM2.5 - Principal,2022-02-11 04:00 AM,2022,02,11,04,26.0,80,Moderate,22.0,UG/M3,1 Hr,Valid
Ulaanbaatar,PM2.5 - Principal,2022-02-11 05:00 AM,2022,02,11,05,21.5,71,Moderate,17.0,UG/M3,1 Hr,Valid
Ulaanbaatar,PM2.5 - Principal,2022-02-11 06:00 AM,2022,02,11,06,21.2,70,Moderate,21.0,UG/M3,1 Hr,Valid
Ulaanbaatar,PM2.5 - Principal,2022-02-11 07:00 AM,2022,02,11,07,20.1,68,Moderate,19.0,UG/M3,1 Hr,Valid
Ulaanbaatar,PM2.5 - Principal,2022-02-11 08:00 AM,2022,02,11,08,18.7,65,Moderate,17.0,UG/M3,1 Hr,Valid
Ulaanbaatar,PM2.5 - Principal,2022-02-11 09:00 AM,2022,02,11,09,43.2,120,Unhealthy for Sensitive Groups,68.0,UG/M3,1 Hr,Valid
Ulaanbaatar,PM2.5 - Principal,2022-02-11 10:00 AM,2022,02,11,10,81.6,164,Unhealthy,120.0,UG/M3,1 Hr,Valid
Ulaanbaatar,PM2.5 - Principal,2022-02-11 11:00 AM,2022,02,11,11,103.3,176,Unhealthy,125.0,UG/M3,1 Hr,Valid
Ulaanbaatar,PM2.5 - Principal,2022-02-11 12:00 PM,2022,02,11,12,103.1,176,Unhealthy,103.0,UG/M3,1 Hr,Valid
Ulaanbaatar,PM2.5 - Principal,2022-02-11 01:00 PM,2022,02,11,13,78.5,163,Unhealthy,54.0,UG/M3,1 Hr,Valid
Ulaanbaatar,PM2.5 - Principal,2022-02-11 02:00 PM,2022,02,11,14,58.2,152,Unhealthy,38.0,UG/M3,1 Hr,Valid
Ulaanbaatar,PM2.5 - Principal,2022-02-11 03:00 PM,2022,02,11,15,41.1,115,Unhealthy for Sensitive Groups,24.0,UG/M3,1 Hr,Valid
Ulaanbaatar,PM2.5 - Principal,2022-02-11 04:00 PM,2022,02,11,16,29.5,88,Moderate,18.0,UG/M3,1 Hr,Valid
Ulaanbaatar,PM2.5 - Principal,2022-02-11 05:00 PM,2022,02,11,17,21.2,70,Moderate,13.0,UG/M3,1 Hr,Valid
Ulaanbaatar,PM2.5 - Principal,2022-02-11 06:00 PM,2022,02,11,18,19.1,66,Moderate,17.0,UG/M3,1 Hr,Valid
Ulaanbaatar,PM2.5 - Principal,2022-02-11 07:00 PM,2022,02,11,19,20.5,69,Moderate,22.0,UG/M3,1 Hr,Valid
Ulaanbaatar,PM2.5 - Principal,2022-02-11 08:00 PM,2022,02,11,20,33.7,96,Moderate,47.0,UG/M3,1 Hr,Valid
Ulaanbaatar,PM2.5 - Principal,2022-02-11 09:00 PM,2022,02,11,21,42.3,118,Unhealthy for Sensitive Groups,51.0,UG/M3,1 Hr,Valid
Ulaanbaatar,PM2.5 - Principal,2022-02-11 10:00 PM,2022,02,11,22,58.6,153,Unhealthy,75.0,UG/M3,1 Hr,Valid
Ulaanbaatar,PM2.5 - Principal,2022-02-11 11:00 PM,2022,02,11,23,69.3,158,Unhealthy,80.0,UG/M3,1 Hr,Valid
Ulaanbaatar,PM2.5 - Principal,2022-02-12 12:00 AM,2022,02,12,00,69.6,158,Unhealthy,70.0,UG/M3,1 Hr,Valid
Ulaanbaatar,PM2.5 - Principal,2022-02-12 01:00 AM,2022,02,12,01,80.3,164,Unhealthy,91.0,UG/M3,1 Hr,Valid
Ulaanbaatar,PM2.5 - Principal,2022-02-12 02:00 AM,2022,02,12,02,84.6,166,Unhealthy,89.0,UG/M3,1 Hr,Valid
Ulaanbaatar,PM2.5 - Principal,2022-02-12 03:00 AM,2022,02,12,03,81.3,164,Unhealthy,78.0,UG/M3,1 Hr,Valid
Ulaanbaatar,PM2.5 - Principal,2022-02-12 04:00 AM,2022,02,12,04,77.1,162,Unhealthy,73.0,UG/M3,1 Hr,Valid
Ulaanbaatar,PM2.5 - Principal,2022-02-12 05:00 AM,2022,02,12,05,65.5,156,Unhealthy,54.0,UG/M3,1 Hr,Valid
Ulaanbaatar,PM2.5 - Principal,2022-02-12 06:00 AM,2022,02,12,06,51.2,140,Unhealthy for Sensitive Groups,37.0,UG/M3,1 Hr,Valid
Ulaanbaatar,PM2.5 - Principal,2022-02-12 07:00 AM,2022,02,12,07,61.1,154,Unhealthy,71.0,UG/M3,1 Hr,Valid
Ulaanbaatar,PM2.5 - Principal,2022-02-12 08:00 AM,2022,02,12,08,61.0,154,Unhealthy,61.0,UG/M3,1 Hr,Valid
Ulaanbaatar,PM2.5 - Principal,2022-02-12 09:00 AM,2022,02,12,09,78.0,163,Unhealthy,95.0,UG/M3,1 Hr,Valid
Ulaanbaatar,PM2.5 - Principal,2022-02-12 10:00 AM,2022,02,12,10,122.0,185,Unhealthy,166.0,UG/M3,1 Hr,Valid
Ulaanbaatar,PM2.5 - Principal,2022-02-12 11:00 AM,2022,02,12,11,205.0,255,Very Unhealthy,288.0,UG/M3,1 Hr,Valid
Ulaanbaatar,PM2.5 - Principal,2022-02-12 12:00 PM,2022,02,12,12,133.5,191,Unhealthy,62.0,UG/M3,1 Hr,Valid
Ulaanbaatar,PM2.5 - Principal,2022-02-12 01:00 PM,2022,02,12,13,92.2,170,Unhealthy,51.0,UG/M3,1 Hr,Valid
Ulaanbaatar,PM2.5 - Principal,2022-02-12 02:00 PM,2022,02,12,14,69.6,158,Unhealthy,47.0,UG/M3,1 Hr,Valid
Ulaanbaatar,PM2.5 - Principal,2022-02-12 03:00 PM,2022,02,12,15,81.8,165,Unhealthy,94.0,UG/M3,1 Hr,Valid
Ulaanbaatar,PM2.5 - Principal,2022-02-12 04:00 PM,2022,02,12,16,70.9,159,Unhealthy,60.0,UG/M3,1 Hr,Valid
Ulaanbaatar,PM2.5 - Principal,2022-02-12 05:00 PM,2022,02,12,17,41.4,116,Unhealthy for Sensitive Groups,12.0,UG/M3,1 Hr,Valid
Ulaanbaatar,PM2.5 - Principal,2022-02-12 06:00 PM,2022,02,12,18,28.2,85,Moderate,15.0,UG/M3,1 Hr,Valid
Ulaanbaatar,PM2.5 - Principal,2022-02-12 07:00 PM,2022,02,12,19,23.6,75,Moderate,19.0,UG/M3,1 Hr,Valid
Ulaanbaatar,PM2.5 - Principal,2022-02-12 08:00 PM,2022,02,12,20,32.7,94,Moderate,42.0,UG/M3,1 Hr,Valid
Ulaanbaatar,PM2.5 - Principal,2022-02-12 09:00 PM,2022,02,12,21,78.4,163,Unhealthy,124.0,UG/M3,1 Hr,Valid
Ulaanbaatar,PM2.5 - Principal,2022-02-12 10:00 PM,2022,02,12,22,107.1,178,Unhealthy,136.0,UG/M3,1 Hr,Valid
Ulaanbaatar,PM2.5 - Principal,2022-02-12 11:00 PM,2022,02,12,23,98.0,173,Unhealthy,89.0,UG/M3,1 Hr,Valid
Ulaanbaatar,PM2.5 - Principal,2022-02-13 12:00 AM,2022,02,13,00,103.5,176,Unhealthy,109.0,UG/M3,1 Hr,Valid
Ulaanbaatar,PM2.5 - Principal,2022-02-13 01:00 AM,2022,02,13,01,110.2,179,Unhealthy,117.0,UG/M3,1 Hr,Valid
Ulaanbaatar,PM2.5 - Principal,2022-02-13 02:00 AM,2022,02,13,02,116.6,183,Unhealthy,123.0,UG/M3,1 Hr,Valid
Ulaanbaatar,PM2.5 - Principal,2022-02-13 03:00 AM,2022,02,13,03,111.8,180,Unhealthy,107.0,UG/M3,1 Hr,Valid
Ulaanbaatar,PM2.5 - Principal,2022-02-13 04:00 AM,2022,02,13,04,96.9,172,Unhealthy,82.0,UG/M3,1 Hr,Valid
Ulaanbaatar,PM2.5 - Principal,2022-02-13 05:00 AM,2022,02,13,05,85.4,166,Unhealthy,74.0,UG/M3,1 Hr,Valid
Ulaanbaatar,PM2.5 - Principal,2022-02-13 06:00 AM,2022,02,13,06,71.2,159,Unhealthy,57.0,UG/M3,1 Hr,Valid
Ulaanbaatar,PM2.5 - Principal,2022-02-13 07:00 AM,2022,02,13,07,70.1,159,Unhealthy,69.0,UG/M3,1 Hr,Valid
Ulaanbaatar,PM2.5 - Principal,2022-02-13 08:00 AM,2022,02,13,08,73.5,160,Unhealthy,77.0,UG/M3,1 Hr,Valid
Ulaanbaatar,PM2.5 - Principal,2022-02-13 09:00 AM,2022,02,13,09,89.7,169,Unhealthy,106.0,UG/M3,1 Hr,Valid
Ulaanbaatar,PM2.5 - Principal,2022-02-13 10:00 AM,2022,02,13,10,125.8,187,Unhealthy,162.0,UG/M3,1 Hr,Valid
Ulaanbaatar,PM2.5 - Principal,2022-02-13 11:00 AM,2022,02,13,11,212.4,262,Very Unhealthy,299.0,UG/M3,1 Hr,Valid
Ulaanbaatar,PM2.5 - Principal,2022-02-13 12:00 PM,2022,02,13,12,139.7,194,Unhealthy,67.0,UG/M3,1 Hr,Valid
Ulaanbaatar,PM2.5 - Principal,2022-02-13 01:00 PM,2022,02,13,13,90.8,169,Unhealthy,42.0,UG/M3,1 Hr,Valid
Ulaanbaatar,PM2.5 - Principal,2022-02-13 02:00 PM,2022,02,13,14,65.4,156,Unhealthy,40.0,UG/M3,1 Hr,Valid
Ulaanbaatar,PM2.5 - Principal,2022-02-13 03:00 PM,2022,02,13,15,74.7,161,Unhealthy,84.0,UG/M3,1 Hr,Valid
Ulaanbaatar,PM2.5 - Principal,2022-02-13 04:00 PM,2022,02,13,16,55.3,150,Unhealthy for Sensitive Groups,36.0,UG/M3,1 Hr,Valid
Ulaanbaatar,PM2.5 - Principal,2022-02-13 05:00 PM,2022,02,13,17,37.6,106,Unhealthy for Sensitive Groups,20.0,UG/M3,1 Hr,Valid
Ulaanbaatar,PM2.5 - Principal,2022-02-13 06:00 PM,2022,02,13,18,29.3,87,Moderate,21.0,UG/M3,1 Hr,Valid
Ulaanbaatar,PM2.5 - Principal,2022-02-13 07:00 PM,2022,02,13,19,28.1,85,Moderate,27.0,UG/M3,1 Hr,Valid
Ulaanbaatar,PM2.5 - Principal,2022-02-13 08:00 PM,2022,02,13,20,26.0,80,Moderate,24.0,UG/M3,1 Hr,Valid
Ulaanbaatar,PM2.5 - Principal,2022-02-13 09:00 PM,2022,02,13,21,42.5,118,Unhealthy for Sensitive Groups,59.0,UG/M3,1 Hr,Valid
Ulaanbaatar,PM2.5 - Principal,2022-02-13 10:00 PM,2022,02,13,22,75.2,161,Unhealthy,108.0,UG/M3,1 Hr,Valid
Ulaanbaatar,PM2.5 - Principal,2022-02-13 11:00 PM,2022,02,13,23,113.6,181,Unhealthy,152.0,UG/M3,1 Hr,Valid
Ulaanbaatar,PM2.5 - Principal,2022-02-14 12:00 AM,2022,02,14,00,127.3,188,Unhealthy,141.0,UG/M3,1 Hr,Valid
Ulaanbaatar,PM2.5 - Principal,2022-02-14 01:00 AM,2022,02,14,01,138.6,194,Unhealthy,150.0,UG/M3,1 Hr,Valid
Ulaanbaatar,PM2.5 - Principal,2022-02-14 02:00 AM,2022,02,14,02,148.3,199,Unhealthy,158.0,UG/M3,1 Hr,Valid
Ulaanbaatar,PM2.5 - Principal,2022-02-14 03:00 AM,2022,02,14,03,147.1,198,Unhealthy,146.0,UG/M3,1 Hr,Valid
Ulaanbaatar,PM2.5 - Principal,2022-02-14 04:00 AM,2022,02,14,04,141.6,195,Unhealthy,136.0,UG/M3,1 Hr,Valid
Ulaanbaatar,PM2.5 - Principal,2022-02-14 05:00 AM,2022,02,14,05,150.3,200,Unhealthy,159.0,UG/M3,1 Hr,Valid
Ulaanbaatar,PM2.5 - Principal,2022-02-14 06:00 AM,2022,02,14,06,145.6,198,Unhealthy,141.0,UG/M3,1 Hr,Valid
Ulaanbaatar,PM2.5 - Principal,2022-02-14 07:00 AM,2022,02,14,07,90.3,169,Unhealthy,35.0,UG/M3,1 Hr,Valid
Ulaanbaatar,PM2.5 - Principal,2022-02-14 08:00 AM,2022,02,14,08,60.1,153,Unhealthy,30.0,UG/M3,1 Hr,Valid
Ulaanbaatar,PM2.5 - Principal,2022-02-14 09:00 AM,2022,02,14,09,47.5,131,Unhealthy for Sensitive Groups,35.0,UG/M3,1 Hr,Valid
Ulaanbaatar,PM2.5 - Principal,2022-02-14 10:00 AM,2022,02,14,10,36.2,103,Unhealthy for Sensitive Groups,25.0,UG/M3,1 Hr,Valid
Ulaanbaatar,PM2.5 - Principal,2022-02-14 11:00 AM,2022,02,14,11,34.6,98,Moderate,33.0,UG/M3,1 Hr,Valid
Ulaanbaatar,PM2.5 - Principal,2022-02-14 12:00 PM,2022,02,14,12,27.2,83,Moderate,20.0,UG/M3,1 Hr,Valid
Ulaanbaatar,PM2.5 - Principal,2022-02-14 01:00 PM,2022,02,14,13,27.1,83,Moderate,27.0,UG/M3,1 Hr,Valid
Ulaanbaatar,PM2.5 - Principal,2022-02-14 02:00 PM,2022,02,14,14,26.5,81,Moderate,26.0,UG/M3,1 Hr,Valid
Ulaanbaatar,PM2.5 - Principal,2022-02-14 03:00 PM,2022,02,14,15,25.2,79,Moderate,24.0,UG/M3,1 Hr,Valid
Ulaanbaatar,PM2.5 - Principal,2022-02-14 04:00 PM,2022,02,14,16,25.1,78,Moderate,25.0,UG/M3,1 Hr,Valid
Ulaanbaatar,PM2.5 - Principal,2022-02-14 05:00 PM,2022,02,14,17,25.0,78,Moderate,25.0,UG/M3,1 Hr,Valid
Ulaanbaatar,PM2.5 - Principal,2022-02-14 06:00 PM,2022,02,14,18,28.0,84,Moderate,32.0,UG/M3,1 Hr,Valid
Ulaanbaatar,PM2.5 - Principal,2022-02-14 07:00 PM,2022,02,14,19,22.2,72,Moderate,16.0,UG/M3,1 Hr,Valid
Ulaanbaatar,PM2.5 - Principal,2022-02-14 08:00 PM,2022,02,14,20,32.1,93,Moderate,42.0,UG/M3,1 Hr,Valid
Ulaanbaatar,PM2.5 - Principal,2022-02-14 09:00 PM,2022,02,14,21,51.5,140,Unhealthy for Sensitive Groups,71.0,UG/M3,1 Hr,Valid
Ulaanbaatar,PM2.5 - Principal,2022-02-14 10:00 PM,2022,02,14,22,81.7,165,Unhealthy,112.0,UG/M3,1 Hr,Valid
Ulaanbaatar,PM2.5 - Principal,2022-02-14 11:00 PM,2022,02,14,23,91.4,170,Unhealthy,101.0,UG/M3,1 Hr,Valid
Ulaanbaatar,PM2.5 - Principal,2022-02-15 12:00 AM,2022,02,15,00,90.2,169,Unhealthy,89.0,UG/M3,1 Hr,Valid
Ulaanbaatar,PM2.5 - Principal,2022-02-15 01:00 AM,2022,02,15,01,95.6,172,Unhealthy,101.0,UG/M3,1 Hr,Valid
Ulaanbaatar,PM2.5 - Principal,2022-02-15 02:00 AM,2022,02,15,02,112.3,180,Unhealthy,129.0,UG/M3,1 Hr,Valid
Ulaanbaatar,PM2.5 - Principal,2022-02-15 03:00 AM,2022,02,15,03,114.1,181,Unhealthy,116.0,UG/M3,1 Hr,Valid
Ulaanbaatar,PM2.5 - Principal,2022-02-15 04:00 AM,2022,02,15,04,97.5,173,Unhealthy,81.0,UG/M3,1 Hr,Valid
Ulaanbaatar,PM2.5 - Principal,2022-02-15 05:00 AM,2022,02,15,05,87.3,167,Unhealthy,77.0,UG/M3,1 Hr,Valid
Ulaanbaatar,PM2.5 - Principal,2022-02-15 06:00 AM,2022,02,15,06,73.1,160,Unhealthy,59.0,UG/M3,1 Hr,Valid
Ulaanbaatar,PM2.5 - Principal,2022-02-15 07:00 AM,2022,02,15,07,74.0,161,Unhealthy,75.0,UG/M3,1 Hr,Valid
Ulaanbaatar,PM2.5 - Principal,2022-02-15 08:00 AM,2022,02,15,08,99.0,173,Unhealthy,124.0,UG/M3,1 Hr,Valid
Ulaanbaatar,PM2.5 - Principal,2022-02-15 09:00 AM,2022,02,15,09,136.5,193,Unhealthy,174.0,UG/M3,1 Hr,Valid
Ulaanbaatar,PM2.5 - Principal,2022-02-15 10:00 AM,2022,02,15,10,208.7,259,Very Unhealthy,281.0,UG/M3,1 Hr,Valid
Ulaanbaatar,PM2.5 - Principal,2022-02-15 11:00 AM,2022,02,15,11,305.4,355,Hazardous,402.0,UG/M3,1 Hr,Valid
Ulaanbaatar,PM2.5 - Principal,2022-02-15 12:00 PM,2022,02,15,12,189.2,239,Very Unhealthy,73.0,UG/M3,1 Hr,Valid
Ulaanbaatar,PM2.5 - Principal,2022-02-15 01:00 PM,2022,02,15,13,118.1,183,Unhealthy,47.0,UG/M3,1 Hr,Valid
Ulaanbaatar,PM2.5 - Principal,2022-02-15 02:00 PM,2022,02,15,14,86.0,167,Unhealthy,54.0,UG/M3,1 Hr,Valid
Ulaanbaatar,PM2.5 - Principal,2022-02-15 03:00 PM,2022,02,15,15,96.0,172,Unhealthy,106.0,UG/M3,1 Hr,Valid
Ulaanbaatar,PM2.5 - Principal,2022-02-15 04:00 PM,2022,02,15,16,64.0,155,Unhealthy,32.0,UG/M3,1 Hr,Valid
Ulaanbaatar,PM2.5 - Principal,2022-02-15 05:00 PM,2022,02,15,17,40.4,113,Unhealthy for Sensitive Groups,17.0,UG/M3,1 Hr,Valid
Ulaanbaatar,PM2.5 - Principal,2022-02-15 06:00 PM,2022,02,15,18,30.2,89,Moderate,20.0,UG/M3,1 Hr,Valid
Ulaanbaatar,PM2.5 - Principal,2022-02-15 07:00 PM,2022,02,15,19,25.1,78,Moderate,20.0,UG/M3,1 Hr,Valid
Ulaanbaatar,PM2.5 - Principal,2022-02-15 08:00 PM,2022,02,15,20,23.5,75,Moderate,22.0,UG/M3,1 Hr,Valid
Ulaanbaatar,PM2.5 - Principal,2022-02-15 09:00 PM,2022,02,15,21,52.2,142,Unhealthy for Sensitive Groups,81.0,UG/M3,1 Hr,Valid
Ulaanbaatar,PM2.5 - Principal,2022-02-15 10:00 PM,2022,02,15,22,133.1,191,Unhealthy,214.0,UG/M3,1 Hr,Valid
Ulaanbaatar,PM2.5 - Principal,2022-02-15 11:00 PM,2022,02,15,23,149.0,199,Unhealthy,165.0,UG/M3,1 Hr,Valid
Ulaanbaatar,PM2.5 - Principal,2022-02-16 12:00 AM,2022,02,16,00,146.0,198,Unhealthy,143.0,UG/M3,1 Hr,Valid
Ulaanbaatar,PM2.5 - Principal,2022-02-16 01:00 AM,2022,02,16,01,158.5,209,Very Unhealthy,171.0,UG/M3,1 Hr,Valid
Ulaanbaatar,PM2.5 - Principal,2022-02-16 02:00 AM,2022,02,16,02,171.2,222,Very Unhealthy,184.0,UG/M3,1 Hr,Valid
Ulaanbaatar,PM2.5 - Principal,2022-02-16 03:00 AM,2022,02,16,03,167.1,217,Very Unhealthy,163.0,UG/M3,1 Hr,Valid
Ulaanbaatar,PM2.5 - Principal,2022-02-16 04:00 AM,2022,02,16,04,163.0,213,Very Unhealthy,159.0,UG/M3,1 Hr,Valid
Ulaanbaatar,PM2.5 - Principal,2022-02-16 05:00 AM,2022,02,16,05,146.0,198,Unhealthy,129.0,UG/M3,1 Hr,Valid
Ulaanbaatar,PM2.5 - Principal,2022-02-16 06:00 AM,2022,02,16,06,125.0,187,Unhealthy,104.0,UG/M3,1 Hr,Valid
Ulaanbaatar,PM2.5 - Principal,2022-02-16 07:00 AM,2022,02,16,07,111.5,180,Unhealthy,98.0,UG/M3,1 Hr,Valid
Ulaanbaatar,PM2.5 - Principal,2022-02-16 08:00 AM,2022,02,16,08,106.2,177,Unhealthy,101.0,UG/M3,1 Hr,Valid
Ulaanbaatar,PM2.5 - Principal,2022-02-16 09:00 AM,2022,02,16,09,111.1,180,Unhealthy,116.0,UG/M3,1 Hr,Valid
Ulaanbaatar,PM2.5 - Principal,2022-02-16 10:00 AM,2022,02,16,10,162.0,212,Very Unhealthy,213.0,UG/M3,1 Hr,Valid
Ulaanbaatar,PM2.5 - Principal,2022-02-16 11:00 AM,2022,02,16,11,102.5,175,Unhealthy,43.0,UG/M3,1 Hr,Valid
Ulaanbaatar,PM2.5 - Principal,2022-02-16 12:00 PM,2022,02,16,12,66.7,157,Unhealthy,31.0,UG/M3,1 Hr,Valid
Ulaanbaatar,PM2.5 - Principal,2022-02-16 01:00 PM,2022,02,16,13,47.8,131,Unhealthy for Sensitive Groups,29.0,UG/M3,1 Hr,Valid
Ulaanbaatar,PM2.5 - Principal,2022-02-16 02:00 PM,2022,02,16,14,38.4,108,Unhealthy for Sensitive Groups,29.0,UG/M3,1 Hr,Valid
Ulaanbaatar,PM2.5 - Principal,2022-02-16 03:00 PM,2022,02,16,15,29.6,88,Moderate,21.0,UG/M3,1 Hr,Valid
Ulaanbaatar,PM2.5 - Principal,2022-02-16 04:00 PM,2022,02,16,16,21.3,70,Moderate,13.0,UG/M3,1 Hr,Valid
Ulaanbaatar,PM2.5 - Principal,2022-02-16 05:00 PM,2022,02,16,17,17.1,62,Moderate,13.0,UG/M3,1 Hr,Valid
Ulaanbaatar,PM2.5 - Principal,2022-02-16 06:00 PM,2022,02,16,18,16.5,60,Moderate,16.0,UG/M3,1 Hr,Valid
Ulaanbaatar,PM2.5 - Principal,2022-02-16 07:00 PM,2022,02,16,19,13.7,54,Moderate,11.0,UG/M3,1 Hr,Valid
Ulaanbaatar,PM2.5 - Principal,2022-02-16 08:00 PM,2022,02,16,20,19.3,66,Moderate,25.0,UG/M3,1 Hr,Valid
Ulaanbaatar,PM2.5 - Principal,2022-02-16 09:00 PM,2022,02,16,21,25.6,79,Moderate,32.0,UG/M3,1 Hr,Valid
Ulaanbaatar,PM2.5 - Principal,2022-02-16 10:00 PM,2022,02,16,22,25.8,80,Moderate,26.0,UG/M3,1 Hr,Valid
Ulaanbaatar,PM2.5 - Principal,2022-02-16 11:00 PM,2022,02,16,23,35.9,102,Unhealthy for Sensitive Groups,46.0,UG/M3,1 Hr,Valid
Ulaanbaatar,PM2.5 - Principal,2022-02-17 12:00 AM,2022,02,17,00,36.9,104,Unhealthy for Sensitive Groups,38.0,UG/M3,1 Hr,Valid
Ulaanbaatar,PM2.5 - Principal,2022-02-17 01:00 AM,2022,02,17,01,36.9,104,Unhealthy for Sensitive Groups,37.0,UG/M3,1 Hr,Valid
Ulaanbaatar,PM2.5 - Principal,2022-02-17 02:00 AM,2022,02,17,02,42.4,118,Unhealthy for Sensitive Groups,48.0,UG/M3,1 Hr,Valid
Ulaanbaatar,PM2.5 - Principal,2022-02-17 03:00 AM,2022,02,17,03,40.7,114,Unhealthy for Sensitive Groups,39.0,UG/M3,1 Hr,Valid
Ulaanbaatar,PM2.5 - Principal,2022-02-17 04:00 AM,2022,02,17,04,40.8,114,Unhealthy for Sensitive Groups,41.0,UG/M3,1 Hr,Valid
Ulaanbaatar,PM2.5 - Principal,2022-02-17 05:00 AM,2022,02,17,05,49.9,136,Unhealthy for Sensitive Groups,59.0,UG/M3,1 Hr,Valid
Ulaanbaatar,PM2.5 - Principal,2022-02-17 06:00 AM,2022,02,17,06,59.4,153,Unhealthy,69.0,UG/M3,1 Hr,Valid
Ulaanbaatar,PM2.5 - Principal,2022-02-17 07:00 AM,2022,02,17,07,58.7,153,Unhealthy,58.0,UG/M3,1 Hr,Valid
Ulaanbaatar,PM2.5 - Principal,2022-02-17 08:00 AM,2022,02,17,08,61.8,154,Unhealthy,65.0,UG/M3,1 Hr,Valid
Ulaanbaatar,PM2.5 - Principal,2022-02-17 09:00 AM,2022,02,17,09,111.4,180,Unhealthy,161.0,UG/M3,1 Hr,Valid
Ulaanbaatar,PM2.5 - Principal,2022-02-17 10:00 AM,2022,02,17,10,227.2,277,Very Unhealthy,343.0,UG/M3,1 Hr,Valid
Ulaanbaatar,PM2.5 - Principal,2022-02-17 11:00 AM,2022,02,17,11,143.1,196,Unhealthy,59.0,UG/M3,1 Hr,Valid
Ulaanbaatar,PM2.5 - Principal,2022-02-17 12:00 PM,2022,02,17,12,84.5,166,Unhealthy,26.0,UG/M3,1 Hr,Valid
Ulaanbaatar,PM2.5 - Principal,2022-02-17 01:00 PM,2022,02,17,13,50.7,138,Unhealthy for Sensitive Groups,17.0,UG/M3,1 Hr,Valid
Ulaanbaatar,PM2.5 - Principal,2022-02-17 02:00 PM,2022,02,17,14,32.3,93,Moderate,14.0,UG/M3,1 Hr,Valid
Ulaanbaatar,PM2.5 - Principal,2022-02-17 03:00 PM,2022,02,17,15,22.6,73,Moderate,13.0,UG/M3,1 Hr,Valid
Ulaanbaatar,PM2.5 - Principal,2022-02-17 04:00 PM,2022,02,17,16,19.3,66,Moderate,16.0,UG/M3,1 Hr,Valid
Ulaanbaatar,PM2.5 - Principal,2022-02-17 05:00 PM,2022,02,17,17,18.1,64,Moderate,17.0,UG/M3,1 Hr,Valid
Ulaanbaatar,PM2.5 - Principal,2022-02-17 06:00 PM,2022,02,17,18,17.5,62,Moderate,17.0,UG/M3,1 Hr,Valid
Ulaanbaatar,PM2.5 - Principal,2022-02-17 07:00 PM,2022,02,17,19,18.7,65,Moderate,20.0,UG/M3,1 Hr,Valid
Ulaanbaatar,PM2.5 - Principal,2022-02-17 08:00 PM,2022,02,17,20,19.8,67,Moderate,21.0,UG/M3,1 Hr,Valid
Ulaanbaatar,PM2.5 - Principal,2022-02-17 09:00 PM,2022,02,17,21,18.9,65,Moderate,18.0,UG/M3,1 Hr,Valid
Ulaanbaatar,PM2.5 - Principal,2022-02-17 10:00 PM,2022,02,17,22,20.4,68,Moderate,22.0,UG/M3,1 Hr,Valid
Ulaanbaatar,PM2.5 - Principal,2022-02-17 11:00 PM,2022,02,17,23,19.7,67,Moderate,19.0,UG/M3,1 Hr,Valid
Ulaanbaatar,PM2.5 - Principal,2022-02-18 12:00 AM,2022,02,18,00,20.5,69,Moderate,22.0,UG/M3,1 Hr,Valid
Ulaanbaatar,PM2.5 - Principal,2022-02-18 01:00 AM,2022,02,18,01,36.4,103,Unhealthy for Sensitive Groups,52.0,UG/M3,1 Hr,Valid
Ulaanbaatar,PM2.5 - Principal,2022-02-18 02:00 AM,2022,02,18,02,73.7,160,Unhealthy,111.0,UG/M3,1 Hr,Valid
Ulaanbaatar,PM2.5 - Principal,2022-02-18 03:00 AM,2022,02,18,03,66.3,157,Unhealthy,59.0,UG/M3,1 Hr,Valid
Ulaanbaatar,PM2.5 - Principal,2022-02-18 04:00 AM,2022,02,18,04,83.6,166,Unhealthy,101.0,UG/M3,1 Hr,Valid
Ulaanbaatar,PM2.5 - Principal,2022-02-18 05:00 AM,2022,02,18,05,73.8,160,Unhealthy,64.0,UG/M3,1 Hr,Valid
Ulaanbaatar,PM2.5 - Principal,2022-02-18 06:00 AM,2022,02,18,06,77.9,163,Unhealthy,82.0,UG/M3,1 Hr,Valid
Ulaanbaatar,PM2.5 - Principal,2022-02-18 07:00 AM,2022,02,18,07,81.9,165,Unhealthy,86.0,UG/M3,1 Hr,Valid
Ulaanbaatar,PM2.5 - Principal,2022-02-18 08:00 AM,2022,02,18,08,117.5,183,Unhealthy,153.0,UG/M3,1 Hr,Valid
Ulaanbaatar,PM2.5 - Principal,2022-02-18 09:00 AM,2022,02,18,09,167.7,218,Very Unhealthy,218.0,UG/M3,1 Hr,Valid
Ulaanbaatar,PM2.5 - Principal,2022-02-18 10:00 AM,2022,02,18,10,202.9,253,Very Unhealthy,238.0,UG/M3,1 Hr,Valid
Ulaanbaatar,PM2.5 - Principal,2022-02-18 11:00 AM,2022,02,18,11,183.4,234,Very Unhealthy,164.0,UG/M3,1 Hr,Valid
Ulaanbaatar,PM2.5 - Principal,2022-02-18 12:00 PM,2022,02,18,12,128.2,189,Unhealthy,73.0,UG/M3,1 Hr,Valid
Ulaanbaatar,PM2.5 - Principal,2022-02-18 01:00 PM,2022,02,18,13,82.1,165,Unhealthy,36.0,UG/M3,1 Hr,Valid
Ulaanbaatar,PM2.5 - Principal,2022-02-18 02:00 PM,2022,02,18,14,53.0,144,Unhealthy for Sensitive Groups,24.0,UG/M3,1 Hr,Valid
Ulaanbaatar,PM2.5 - Principal,2022-02-18 03:00 PM,2022,02,18,15,31.5,92,Moderate,10.0,UG/M3,1 Hr,Valid
Ulaanbaatar,PM2.5 - Principal,2022-02-18 04:00 PM,2022,02,18,16,23.7,75,Moderate,16.0,UG/M3,1 Hr,Valid
Ulaanbaatar,PM2.5 - Principal,2022-02-18 05:00 PM,2022,02,18,17,18.8,65,Moderate,14.0,UG/M3,1 Hr,Valid
Ulaanbaatar,PM2.5 - Principal,2022-02-18 06:00 PM,2022,02,18,18,16.4,60,Moderate,14.0,UG/M3,1 Hr,Valid
Ulaanbaatar,PM2.5 - Principal,2022-02-18 07:00 PM,2022,02,18,19,17.2,62,Moderate,18.0,UG/M3,1 Hr,Valid
Ulaanbaatar,PM2.5 - Principal,2022-02-18 08:00 PM,2022,02,18,20,26.0,80,Moderate,35.0,UG/M3,1 Hr,Valid
Ulaanbaatar,PM2.5 - Principal,2022-02-18 09:00 PM,2022,02,18,21,66.5,157,Unhealthy,107.0,UG/M3,1 Hr,Valid
Ulaanbaatar,PM2.5 - Principal,2022-02-18 10:00 PM,2022,02,18,22,151.7,202,Very Unhealthy,237.0,UG/M3,1 Hr,Valid
Ulaanbaatar,PM2.5 - Principal,2022-02-18 11:00 PM,2022,02,18,23,126.3,188,Unhealthy,101.0,UG/M3,1 Hr,Valid
Ulaanbaatar,PM2.5 - Principal,2022-02-19 12:00 AM,2022,02,19,00,105.6,177,Unhealthy,85.0,UG/M3,1 Hr,Valid
Ulaanbaatar,PM2.5 - Principal,2022-02-19 01:00 AM,2022,02,19,01,101.3,175,Unhealthy,97.0,UG/M3,1 Hr,Valid
Ulaanbaatar,PM2.5 - Principal,2022-02-19 02:00 AM,2022,02,19,02,102.1,175,Unhealthy,103.0,UG/M3,1 Hr,Valid
Ulaanbaatar,PM2.5 - Principal,2022-02-19 03:00 AM,2022,02,19,03,93.6,171,Unhealthy,85.0,UG/M3,1 Hr,Valid
Ulaanbaatar,PM2.5 - Principal,2022-02-19 04:00 AM,2022,02,19,04,100.8,174,Unhealthy,108.0,UG/M3,1 Hr,Valid
Ulaanbaatar,PM2.5 - Principal,2022-02-19 05:00 AM,2022,02,19,05,87.4,167,Unhealthy,74.0,UG/M3,1 Hr,Valid
Ulaanbaatar,PM2.5 - Principal,2022-02-19 06:00 AM,2022,02,19,06,89.7,169,Unhealthy,92.0,UG/M3,1 Hr,Valid
Ulaanbaatar,PM2.5 - Principal,2022-02-19 07:00 AM,2022,02,19,07,81.3,164,Unhealthy,73.0,UG/M3,1 Hr,Valid
Ulaanbaatar,PM2.5 - Principal,2022-02-19 08:00 AM,2022,02,19,08,86.6,167,Unhealthy,92.0,UG/M3,1 Hr,Valid
Ulaanbaatar,PM2.5 - Principal,2022-02-19 09:00 AM,2022,02,19,09,103.3,176,Unhealthy,120.0,UG/M3,1 Hr,Valid
Ulaanbaatar,PM2.5 - Principal,2022-02-19 10:00 AM,2022,02,19,10,146.1,198,Unhealthy,189.0,UG/M3,1 Hr,Valid
Ulaanbaatar,PM2.5 - Principal,2022-02-19 11:00 AM,2022,02,19,11,206.1,256,Very Unhealthy,266.0,UG/M3,1 Hr,Valid
Ulaanbaatar,PM2.5 - Principal,2022-02-19 12:00 PM,2022,02,19,12,181.0,231,Very Unhealthy,156.0,UG/M3,1 Hr,Valid
Ulaanbaatar,PM2.5 - Principal,2022-02-19 01:00 PM,2022,02,19,13,133.0,191,Unhealthy,85.0,UG/M3,1 Hr,Valid
Ulaanbaatar,PM2.5 - Principal,2022-02-19 02:00 PM,2022,02,19,14,84.0,166,Unhealthy,35.0,UG/M3,1 Hr,Valid
Ulaanbaatar,PM2.5 - Principal,2022-02-19 03:00 PM,2022,02,19,15,53.9,146,Unhealthy for Sensitive Groups,24.0,UG/M3,1 Hr,Valid
Ulaanbaatar,PM2.5 - Principal,2022-02-19 04:00 PM,2022,02,19,16,37.9,107,Unhealthy for Sensitive Groups,22.0,UG/M3,1 Hr,Valid
Ulaanbaatar,PM2.5 - Principal,2022-02-19 05:00 PM,2022,02,19,17,28.4,85,Moderate,19.0,UG/M3,1 Hr,Valid
Ulaanbaatar,PM2.5 - Principal,2022-02-19 06:00 PM,2022,02,19,18,19.7,67,Moderate,11.0,UG/M3,1 Hr,Valid
Ulaanbaatar,PM2.5 - Principal,2022-02-19 07:00 PM,2022,02,19,19,18.3,64,Moderate,17.0,UG/M3,1 Hr,Valid
Ulaanbaatar,PM2.5 - Principal,2022-02-19 08:00 PM,2022,02,19,20,30.1,89,Moderate,42.0,UG/M3,1 Hr,Valid
Ulaanbaatar,PM2.5 - Principal,2022-02-19 09:00 PM,2022,02,19,21,34.0,97,Moderate,38.0,UG/M3,1 Hr,Valid
Ulaanbaatar,PM2.5 - Principal,2022-02-19 10:00 PM,2022,02,19,22,68.5,158,Unhealthy,103.0,UG/M3,1 Hr,Valid
Ulaanbaatar,PM2.5 - Principal,2022-02-19 11:00 PM,2022,02,19,23,151.2,202,Very Unhealthy,234.0,UG/M3,1 Hr,Valid
Ulaanbaatar,PM2.5 - Principal,2022-02-20 12:00 AM,2022,02,20,00,178.1,228,Very Unhealthy,205.0,UG/M3,1 Hr,Valid
Ulaanbaatar,PM2.5 - Principal,2022-02-20 01:00 AM,2022,02,20,01,138.5,194,Unhealthy,99.0,UG/M3,1 Hr,Valid
Ulaanbaatar,PM2.5 - Principal,2022-02-20 02:00 AM,2022,02,20,02,114.7,182,Unhealthy,91.0,UG/M3,1 Hr,Valid
Ulaanbaatar,PM2.5 - Principal,2022-02-20 03:00 AM,2022,02,20,03,94.4,171,Unhealthy,74.0,UG/M3,1 Hr,Valid
Ulaanbaatar,PM2.5 - Principal,2022-02-20 04:00 AM,2022,02,20,04,71.7,159,Unhealthy,49.0,UG/M3,1 Hr,Valid
Ulaanbaatar,PM2.5 - Principal,2022-02-20 05:00 AM,2022,02,20,05,63.3,155,Unhealthy,55.0,UG/M3,1 Hr,Valid
Ulaanbaatar,PM2.5 - Principal,2022-02-20 06:00 AM,2022,02,20,06,48.1,132,Unhealthy for Sensitive Groups,33.0,UG/M3,1 Hr,Valid
Ulaanbaatar,PM2.5 - Principal,2022-02-20 07:00 AM,2022,02,20,07,39.5,111,Unhealthy for Sensitive Groups,31.0,UG/M3,1 Hr,Valid
Ulaanbaatar,PM2.5 - Principal,2022-02-20 08:00 AM,2022,02,20,08,43.2,120,Unhealthy for Sensitive Groups,47.0,UG/M3,1 Hr,Valid
Ulaanbaatar,PM2.5 - Principal,2022-02-20 09:00 AM,2022,02,20,09,51.1,139,Unhealthy for Sensitive Groups,59.0,UG/M3,1 Hr,Valid
Ulaanbaatar,PM2.5 - Principal,2022-02-20 10:00 AM,2022,02,20,10,85.0,166,Unhealthy,119.0,UG/M3,1 Hr,Valid
Ulaanbaatar,PM2.5 - Principal,2022-02-20 11:00 AM,2022,02,20,11,176.0,226,Very Unhealthy,267.0,UG/M3,1 Hr,Valid
Ulaanbaatar,PM2.5 - Principal,2022-02-20 12:00 PM,2022,02,20,12,98.4,173,Unhealthy,21.0,UG/M3,1 Hr,Valid
Ulaanbaatar,PM2.5 - Principal,2022-02-20 01:00 PM,2022,02,20,13,61.2,154,Unhealthy,24.0,UG/M3,1 Hr,Valid
Ulaanbaatar,PM2.5 - Principal,2022-02-20 02:00 PM,2022,02,20,14,39.6,111,Unhealthy for Sensitive Groups,18.0,UG/M3,1 Hr,Valid
Ulaanbaatar,PM2.5 - Principal,2022-02-20 03:00 PM,2022,02,20,15,26.7,82,Moderate,14.0,UG/M3,1 Hr,Valid
Ulaanbaatar,PM2.5 - Principal,2022-02-20 04:00 PM,2022,02,20,16,18.8,65,Moderate,11.0,UG/M3,1 Hr,Valid
Ulaanbaatar,PM2.5 - Principal,2022-02-20 05:00 PM,2022,02,20,17,13.4,54,Moderate,8.0,UG/M3,1 Hr,Valid
Ulaanbaatar,PM2.5 - Principal,2022-02-20 06:00 PM,2022,02,20,18,10.2,43,Good,7.0,UG/M3,1 Hr,Valid
Ulaanbaatar,PM2.5 - Principal,2022-02-20 07:00 PM,2022,02,20,19,11.1,46,Good,12.0,UG/M3,1 Hr,Valid
Ulaanbaatar,PM2.5 - Principal,2022-02-20 08:00 PM,2022,02,20,20,14.5,56,Moderate,18.0,UG/M3,1 Hr,Valid
Ulaanbaatar,PM2.5 - Principal,2022-02-20 09:00 PM,2022,02,20,21,21.7,71,Moderate,29.0,UG/M3,1 Hr,Valid
Ulaanbaatar,PM2.5 - Principal,2022-02-20 10:00 PM,2022,02,20,22,17.3,62,Moderate,13.0,UG/M3,1 Hr,Valid
Ulaanbaatar,PM2.5 - Principal,2022-02-20 11:00 PM,2022,02,20,23,14.6,56,Moderate,12.0,UG/M3,1 Hr,Valid
Ulaanbaatar,PM2.5 - Principal,2022-02-21 12:00 AM,2022,02,21,00,21.3,70,Moderate,28.0,UG/M3,1 Hr,Valid
Ulaanbaatar,PM2.5 - Principal,2022-02-21 01:00 AM,2022,02,21,01,26.1,80,Moderate,31.0,UG/M3,1 Hr,Valid
Ulaanbaatar,PM2.5 - Principal,2022-02-21 02:00 AM,2022,02,21,02,24.5,77,Moderate,23.0,UG/M3,1 Hr,Valid
Ulaanbaatar,PM2.5 - Principal,2022-02-21 03:00 AM,2022,02,21,03,32.7,94,Moderate,41.0,UG/M3,1 Hr,Valid
Ulaanbaatar,PM2.5 - Principal,2022-02-21 04:00 AM,2022,02,21,04,32.9,95,Moderate,33.0,UG/M3,1 Hr,Valid
Ulaanbaatar,PM2.5 - Principal,2022-02-21 05:00 AM,2022,02,21,05,42.4,118,Unhealthy for Sensitive Groups,52.0,UG/M3,1 Hr,Valid
Ulaanbaatar,PM2.5 - Principal,2022-02-21 06:00 AM,2022,02,21,06,61.7,154,Unhealthy,81.0,UG/M3,1 Hr,Valid
Ulaanbaatar,PM2.5 - Principal,2022-02-21 07:00 AM,2022,02,21,07,89.8,169,Unhealthy,118.0,UG/M3,1 Hr,Valid
Ulaanbaatar,PM2.5 - Principal,2022-02-21 08:00 AM,2022,02,21,08,98.4,173,Unhealthy,107.0,UG/M3,1 Hr,Valid
Ulaanbaatar,PM2.5 - Principal,2022-02-21 09:00 AM,2022,02,21,09,103.7,176,Unhealthy,109.0,UG/M3,1 Hr,Valid
Ulaanbaatar,PM2.5 - Principal,2022-02-21 10:00 AM,2022,02,21,10,211.4,261,Very Unhealthy,319.0,UG/M3,1 Hr,Valid
Ulaanbaatar,PM2.5 - Principal,2022-02-21 11:00 AM,2022,02,21,11,158.7,209,Very Unhealthy,106.0,UG/M3,1 Hr,Valid
Ulaanbaatar,PM2.5 - Principal,2022-02-21 12:00 PM,2022,02,21,12,128.8,189,Unhealthy,99.0,UG/M3,1 Hr,Valid
Ulaanbaatar,PM2.5 - Principal,2022-02-21 01:00 PM,2022,02,21,13,83.9,166,Unhealthy,39.0,UG/M3,1 Hr,Valid
Ulaanbaatar,PM2.5 - Principal,2022-02-21 02:00 PM,2022,02,21,14,48.9,134,Unhealthy for Sensitive Groups,14.0,UG/M3,1 Hr,Valid
Ulaanbaatar,PM2.5 - Principal,2022-02-21 03:00 PM,2022,02,21,15,32.9,95,Moderate,17.0,UG/M3,1 Hr,Valid
Ulaanbaatar,PM2.5 - Principal,2022-02-21 04:00 PM,2022,02,21,16,22.9,74,Moderate,13.0,UG/M3,1 Hr,Valid
Ulaanbaatar,PM2.5 - Principal,2022-02-21 05:00 PM,2022,02,21,17,18.9,65,Moderate,15.0,UG/M3,1 Hr,Valid
Ulaanbaatar,PM2.5 - Principal,2022-02-21 06:00 PM,2022,02,21,18,16.4,60,Moderate,14.0,UG/M3,1 Hr,Valid
Ulaanbaatar,PM2.5 - Principal,2022-02-21 07:00 PM,2022,02,21,19,16.2,60,Moderate,16.0,UG/M3,1 Hr,Valid
Ulaanbaatar,PM2.5 - Principal,2022-02-21 08:00 PM,2022,02,21,20,16.6,60,Moderate,17.0,UG/M3,1 Hr,Valid
Ulaanbaatar,PM2.5 - Principal,2022-02-21 09:00 PM,2022,02,21,21,45.2,125,Unhealthy for Sensitive Groups,74.0,UG/M3,1 Hr,Valid
Ulaanbaatar,PM2.5 - Principal,2022-02-21 10:00 PM,2022,02,21,22,111.6,180,Unhealthy,178.0,UG/M3,1 Hr,Valid
Ulaanbaatar,PM2.5 - Principal,2022-02-21 11:00 PM,2022,02,21,23,124.3,187,Unhealthy,137.0,UG/M3,1 Hr,Valid
Ulaanbaatar,PM2.5 - Principal,2022-02-22 12:00 AM,2022,02,22,00,133.1,191,Unhealthy,142.0,UG/M3,1 Hr,Valid
Ulaanbaatar,PM2.5 - Principal,2022-02-22 01:00 AM,2022,02,22,01,131.0,190,Unhealthy,129.0,UG/M3,1 Hr,Valid
Ulaanbaatar,PM2.5 - Principal,2022-02-22 02:00 AM,2022,02,22,02,134.5,192,Unhealthy,138.0,UG/M3,1 Hr,Valid
Ulaanbaatar,PM2.5 - Principal,2022-02-22 03:00 AM,2022,02,22,03,118.2,183,Unhealthy,102.0,UG/M3,1 Hr,Valid
Ulaanbaatar,PM2.5 - Principal,2022-02-22 04:00 AM,2022,02,22,04,137.6,193,Unhealthy,157.0,UG/M3,1 Hr,Valid
Ulaanbaatar,PM2.5 - Principal,2022-02-22 05:00 AM,2022,02,22,05,95.8,172,Unhealthy,54.0,UG/M3,1 Hr,Valid
Ulaanbaatar,PM2.5 - Principal,2022-02-22 06:00 AM,2022,02,22,06,74.9,161,Unhealthy,54.0,UG/M3,1 Hr,Valid
Ulaanbaatar,PM2.5 - Principal,2022-02-22 07:00 AM,2022,02,22,07,62.9,155,Unhealthy,51.0,UG/M3,1 Hr,Valid
Ulaanbaatar,PM2.5 - Principal,2022-02-22 08:00 AM,2022,02,22,08,74.9,161,Unhealthy,87.0,UG/M3,1 Hr,Valid
Ulaanbaatar,PM2.5 - Principal,2022-02-22 09:00 AM,2022,02,22,09,124.0,186,Unhealthy,173.0,UG/M3,1 Hr,Valid
Ulaanbaatar,PM2.5 - Principal,2022-02-22 10:00 AM,2022,02,22,10,207.0,257,Very Unhealthy,290.0,UG/M3,1 Hr,Valid
Ulaanbaatar,PM2.5 - Principal,2022-02-22 11:00 AM,2022,02,22,11,263.0,313,Hazardous,319.0,UG/M3,1 Hr,Valid
Ulaanbaatar,PM2.5 - Principal,2022-02-22 12:00 PM,2022,02,22,12,182.0,232,Very Unhealthy,101.0,UG/M3,1 Hr,Valid
Ulaanbaatar,PM2.5 - Principal,2022-02-22 01:00 PM,2022,02,22,13,123.9,186,Unhealthy,66.0,UG/M3,1 Hr,Valid
Ulaanbaatar,PM2.5 - Principal,2022-02-22 02:00 PM,2022,02,22,14,94.9,171,Unhealthy,66.0,UG/M3,1 Hr,Valid
Ulaanbaatar,PM2.5 - Principal,2022-02-22 03:00 PM,2022,02,22,15,71.9,159,Unhealthy,49.0,UG/M3,1 Hr,Valid
Ulaanbaatar,PM2.5 - Principal,2022-02-22 04:00 PM,2022,02,22,16,45.9,127,Unhealthy for Sensitive Groups,20.0,UG/M3,1 Hr,Valid
Ulaanbaatar,PM2.5 - Principal,2022-02-22 05:00 PM,2022,02,22,17,27.4,83,Moderate,9.0,UG/M3,1 Hr,Valid
Ulaanbaatar,PM2.5 - Principal,2022-02-22 06:00 PM,2022,02,22,18,18.2,64,Moderate,9.0,UG/M3,1 Hr,Valid
Ulaanbaatar,PM2.5 - Principal,2022-02-22 07:00 PM,2022,02,22,19,12.1,51,Moderate,6.0,UG/M3,1 Hr,Valid
Ulaanbaatar,PM2.5 - Principal,2022-02-22 08:00 PM,2022,02,22,20,26.5,81,Moderate,41.0,UG/M3,1 Hr,Valid
Ulaanbaatar,PM2.5 - Principal,2022-02-22 09:00 PM,2022,02,22,21,115.7,182,Unhealthy,205.0,UG/M3,1 Hr,Valid
Ulaanbaatar,PM2.5 - Principal,2022-02-22 10:00 PM,2022,02,22,22,143.3,196,Unhealthy,171.0,UG/M3,1 Hr,Valid
Ulaanbaatar,PM2.5 - Principal,2022-02-22 11:00 PM,2022,02,22,23,138.6,194,Unhealthy,134.0,UG/M3,1 Hr,Valid
Ulaanbaatar,PM2.5 - Principal,2022-02-23 12:00 AM,2022,02,23,00,135.8,192,Unhealthy,133.0,UG/M3,1 Hr,Valid
Ulaanbaatar,PM2.5 - Principal,2022-02-23 01:00 AM,2022,02,23,01,132.9,191,Unhealthy,130.0,UG/M3,1 Hr,Valid
Ulaanbaatar,PM2.5 - Principal,2022-02-23 02:00 AM,2022,02,23,02,135.4,192,Unhealthy,138.0,UG/M3,1 Hr,Valid
Ulaanbaatar,PM2.5 - Principal,2022-02-23 03:00 AM,2022,02,23,03,157.2,208,Very Unhealthy,179.0,UG/M3,1 Hr,Valid
Ulaanbaatar,PM2.5 - Principal,2022-02-23 04:00 AM,2022,02,23,04,143.6,196,Unhealthy,130.0,UG/M3,1 Hr,Valid
Ulaanbaatar,PM2.5 - Principal,2022-02-23 05:00 AM,2022,02,23,05,124.3,187,Unhealthy,105.0,UG/M3,1 Hr,Valid
Ulaanbaatar,PM2.5 - Principal,2022-02-23 06:00 AM,2022,02,23,06,103.1,176,Unhealthy,82.0,UG/M3,1 Hr,Valid
Ulaanbaatar,PM2.5 - Principal,2022-02-23 07:00 AM,2022,02,23,07,88.0,168,Unhealthy,73.0,UG/M3,1 Hr,Valid
Ulaanbaatar,PM2.5 - Principal,2022-02-23 08:00 AM,2022,02,23,08,87.0,167,Unhealthy,86.0,UG/M3,1 Hr,Valid
Ulaanbaatar,PM2.5 - Principal,2022-02-23 09:00 AM,2022,02,23,09,116.5,182,Unhealthy,146.0,UG/M3,1 Hr,Valid
Ulaanbaatar,PM2.5 - Principal,2022-02-23 10:00 AM,2022,02,23,10,216.7,267,Very Unhealthy,317.0,UG/M3,1 Hr,Valid
Ulaanbaatar,PM2.5 - Principal,2022-02-23 11:00 AM,2022,02,23,11,328.9,379,Hazardous,441.0,UG/M3,1 Hr,Valid
Ulaanbaatar,PM2.5 - Principal,2022-02-23 12:00 PM,2022,02,23,12,180.4,231,Very Unhealthy,32.0,UG/M3,1 Hr,Valid
Ulaanbaatar,PM2.5 - Principal,2022-02-23 01:00 PM,2022,02,23,13,106.7,177,Unhealthy,33.0,UG/M3,1 Hr,Valid
Ulaanbaatar,PM2.5 - Principal,2022-02-23 02:00 PM,2022,02,23,14,68.8,158,Unhealthy,31.0,UG/M3,1 Hr,Valid
Ulaanbaatar,PM2.5 - Principal,2022-02-23 03:00 PM,2022,02,23,15,48.4,133,Unhealthy for Sensitive Groups,28.0,UG/M3,1 Hr,Valid
Ulaanbaatar,PM2.5 - Principal,2022-02-23 04:00 PM,2022,02,23,16,47.6,131,Unhealthy for Sensitive Groups,47.0,UG/M3,1 Hr,Valid
Ulaanbaatar,PM2.5 - Principal,2022-02-23 05:00 PM,2022,02,23,17,34.3,98,Moderate,21.0,UG/M3,1 Hr,Valid
Ulaanbaatar,PM2.5 - Principal,2022-02-23 06:00 PM,2022,02,23,18,25.6,79,Moderate,17.0,UG/M3,1 Hr,Valid
Ulaanbaatar,PM2.5 - Principal,2022-02-23 07:00 PM,2022,02,23,19,16.3,60,Moderate,7.0,UG/M3,1 Hr,Valid
Ulaanbaatar,PM2.5 - Principal,2022-02-23 08:00 PM,2022,02,23,20,28.1,85,Moderate,40.0,UG/M3,1 Hr,Valid
Ulaanbaatar,PM2.5 - Principal,2022-02-23 09:00 PM,2022,02,23,21,104.5,176,Unhealthy,181.0,UG/M3,1 Hr,Valid
Ulaanbaatar,PM2.5 - Principal,2022-02-23 10:00 PM,2022,02,23,22,152.7,203,Very Unhealthy,201.0,UG/M3,1 Hr,Valid
Ulaanbaatar,PM2.5 - Principal,2022-02-23 11:00 PM,2022,02,23,23,147.8,199,Unhealthy,143.0,UG/M3,1 Hr,Valid
Ulaanbaatar,PM2.5 - Principal,2022-02-24 12:00 AM,2022,02,24,00,146.4,198,Unhealthy,145.0,UG/M3,1 Hr,Valid
Ulaanbaatar,PM2.5 - Principal,2022-02-24 01:00 AM,2022,02,24,01,154.7,205,Very Unhealthy,163.0,UG/M3,1 Hr,Valid
Ulaanbaatar,PM2.5 - Principal,2022-02-24 02:00 AM,2022,02,24,02,168.3,219,Very Unhealthy,182.0,UG/M3,1 Hr,Valid
Ulaanbaatar,PM2.5 - Principal,2022-02-24 03:00 AM,2022,02,24,03,157.7,208,Very Unhealthy,147.0,UG/M3,1 Hr,Valid
Ulaanbaatar,PM2.5 - Principal,2022-02-24 04:00 AM,2022,02,24,04,141.3,195,Unhealthy,125.0,UG/M3,1 Hr,Valid
Ulaanbaatar,PM2.5 - Principal,2022-02-24 05:00 AM,2022,02,24,05,113.6,181,Unhealthy,86.0,UG/M3,1 Hr,Valid
Ulaanbaatar,PM2.5 - Principal,2022-02-24 06:00 AM,2022,02,24,06,93.8,171,Unhealthy,74.0,UG/M3,1 Hr,Valid
Ulaanbaatar,PM2.5 - Principal,2022-02-24 07:00 AM,2022,02,24,07,101.9,175,Unhealthy,110.0,UG/M3,1 Hr,Valid
Ulaanbaatar,PM2.5 - Principal,2022-02-24 08:00 AM,2022,02,24,08,102.9,175,Unhealthy,104.0,UG/M3,1 Hr,Valid
Ulaanbaatar,PM2.5 - Principal,2022-02-24 09:00 AM,2022,02,24,09,168.9,219,Very Unhealthy,235.0,UG/M3,1 Hr,Valid
Ulaanbaatar,PM2.5 - Principal,2022-02-24 10:00 AM,2022,02,24,10,284.5,335,Hazardous,400.0,UG/M3,1 Hr,Valid
Ulaanbaatar,PM2.5 - Principal,2022-02-24 11:00 AM,2022,02,24,11,380.3,421,Hazardous,476.0,UG/M3,1 Hr,Valid
Ulaanbaatar,PM2.5 - Principal,2022-02-24 12:00 PM,2022,02,24,12,210.6,261,Very Unhealthy,41.0,UG/M3,1 Hr,Valid
Ulaanbaatar,PM2.5 - Principal,2022-02-24 01:00 PM,2022,02,24,13,125.3,187,Unhealthy,40.0,UG/M3,1 Hr,Valid
Ulaanbaatar,PM2.5 - Principal,2022-02-24 02:00 PM,2022,02,24,14,83.1,165,Unhealthy,41.0,UG/M3,1 Hr,Valid
Ulaanbaatar,PM2.5 - Principal,2022-02-24 03:00 PM,2022,02,24,15,61.0,154,Unhealthy,39.0,UG/M3,1 Hr,Valid
Ulaanbaatar,PM2.5 - Principal,2022-02-24 04:00 PM,2022,02,24,16,51.0,139,Unhealthy for Sensitive Groups,41.0,UG/M3,1 Hr,Valid
Ulaanbaatar,PM2.5 - Principal,2022-02-24 05:00 PM,2022,02,24,17,40.0,112,Unhealthy for Sensitive Groups,29.0,UG/M3,1 Hr,Valid
Ulaanbaatar,PM2.5 - Principal,2022-02-24 06:00 PM,2022,02,24,18,31.9,93,Moderate,24.0,UG/M3,1 Hr,Valid
Ulaanbaatar,PM2.5 - Principal,2022-02-24 07:00 PM,2022,02,24,19,27.4,83,Moderate,23.0,UG/M3,1 Hr,Valid
Ulaanbaatar,PM2.5 - Principal,2022-02-24 08:00 PM,2022,02,24,20,27.2,83,Moderate,27.0,UG/M3,1 Hr,Valid
Ulaanbaatar,PM2.5 - Principal,2022-02-24 09:00 PM,2022,02,24,21,41.5,116,Unhealthy for Sensitive Groups,56.0,UG/M3,1 Hr,Valid
Ulaanbaatar,PM2.5 - Principal,2022-02-24 10:00 PM,2022,02,24,22,53.7,146,Unhealthy for Sensitive Groups,66.0,UG/M3,1 Hr,Valid
Ulaanbaatar,PM2.5 - Principal,2022-02-24 11:00 PM,2022,02,24,23,52.3,142,Unhealthy for Sensitive Groups,51.0,UG/M3,1 Hr,Valid
Ulaanbaatar,PM2.5 - Principal,2022-02-25 12:00 AM,2022,02,25,00,71.1,159,Unhealthy,90.0,UG/M3,1 Hr,Valid
Ulaanbaatar,PM2.5 - Principal,2022-02-25 01:00 AM,2022,02,25,01,65.5,156,Unhealthy,60.0,UG/M3,1 Hr,Valid
Ulaanbaatar,PM2.5 - Principal,2022-02-25 02:00 AM,2022,02,25,02,72.2,160,Unhealthy,79.0,UG/M3,1 Hr,Valid
Ulaanbaatar,PM2.5 - Principal,2022-02-25 03:00 AM,2022,02,25,03,101.1,175,Unhealthy,130.0,UG/M3,1 Hr,Valid
Ulaanbaatar,PM2.5 - Principal,2022-02-25 04:00 AM,2022,02,25,04,108.5,178,Unhealthy,116.0,UG/M3,1 Hr,Valid
Ulaanbaatar,PM2.5 - Principal,2022-02-25 05:00 AM,2022,02,25,05,81.7,165,Unhealthy,55.0,UG/M3,1 Hr,Valid
Ulaanbaatar,PM2.5 - Principal,2022-02-25 06:00 AM,2022,02,25,06,60.4,154,Unhealthy,39.0,UG/M3,1 Hr,Valid
Ulaanbaatar,PM2.5 - Principal,2022-02-25 07:00 AM,2022,02,25,07,56.7,152,Unhealthy,53.0,UG/M3,1 Hr,Valid
Ulaanbaatar,PM2.5 - Principal,2022-02-25 08:00 AM,2022,02,25,08,61.3,154,Unhealthy,66.0,UG/M3,1 Hr,Valid
Ulaanbaatar,PM2.5 - Principal,2022-02-25 09:00 AM,2022,02,25,09,84.1,166,Unhealthy,107.0,UG/M3,1 Hr,Valid
Ulaanbaatar,PM2.5 - Principal,2022-02-25 10:00 AM,2022,02,25,10,123.6,186,Unhealthy,163.0,UG/M3,1 Hr,Valid
Ulaanbaatar,PM2.5 - Principal,2022-02-25 11:00 AM,2022,02,25,11,168.3,219,Very Unhealthy,213.0,UG/M3,1 Hr,Valid
Ulaanbaatar,PM2.5 - Principal,2022-02-25 12:00 PM,2022,02,25,12,105.1,177,Unhealthy,42.0,UG/M3,1 Hr,Valid
Ulaanbaatar,PM2.5 - Principal,2022-02-25 01:00 PM,2022,02,25,13,55.5,151,Unhealthy,6.0,UG/M3,1 Hr,Valid
Ulaanbaatar,PM2.5 - Principal,2022-02-25 02:00 PM,2022,02,25,14,30.7,90,Moderate,6.0,UG/M3,1 Hr,Valid
Ulaanbaatar,PM2.5 - Principal,2022-02-25 03:00 PM,2022,02,25,15,19.8,67,Moderate,9.0,UG/M3,1 Hr,Valid
Ulaanbaatar,PM2.5 - Principal,2022-02-25 04:00 PM,2022,02,25,16,16.4,60,Moderate,13.0,UG/M3,1 Hr,Valid
Ulaanbaatar,PM2.5 - Principal,2022-02-25 05:00 PM,2022,02,25,17,12.7,52,Moderate,9.0,UG/M3,1 Hr,Valid
Ulaanbaatar,PM2.5 - Principal,2022-02-25 06:00 PM,2022,02,25,18,11.8,49,Good,11.0,UG/M3,1 Hr,Valid
Ulaanbaatar,PM2.5 - Principal,2022-02-25 07:00 PM,2022,02,25,19,12.9,53,Moderate,14.0,UG/M3,1 Hr,Valid
Ulaanbaatar,PM2.5 - Principal,2022-02-25 08:00 PM,2022,02,25,20,19.4,66,Moderate,26.0,UG/M3,1 Hr,Valid
Ulaanbaatar,PM2.5 - Principal,2022-02-25 09:00 PM,2022,02,25,21,40.2,113,Unhealthy for Sensitive Groups,61.0,UG/M3,1 Hr,Valid
Ulaanbaatar,PM2.5 - Principal,2022-02-25 10:00 PM,2022,02,25,22,112.6,180,Unhealthy,185.0,UG/M3,1 Hr,Valid
Ulaanbaatar,PM2.5 - Principal,2022-02-25 11:00 PM,2022,02,25,23,95.7,172,Unhealthy,79.0,UG/M3,1 Hr,Valid
Ulaanbaatar,PM2.5 - Principal,2022-02-26 12:00 AM,2022,02,26,00,83.3,165,Unhealthy,71.0,UG/M3,1 Hr,Valid
Ulaanbaatar,PM2.5 - Principal,2022-02-26 01:00 AM,2022,02,26,01,73.7,160,Unhealthy,64.0,UG/M3,1 Hr,Valid
Ulaanbaatar,PM2.5 - Principal,2022-02-26 02:00 AM,2022,02,26,02,76.3,162,Unhealthy,79.0,UG/M3,1 Hr,Valid
Ulaanbaatar,PM2.5 - Principal,2022-02-26 03:00 AM,2022,02,26,03,71.1,159,Unhealthy,66.0,UG/M3,1 Hr,Valid
Ulaanbaatar,PM2.5 - Principal,2022-02-26 04:00 AM,2022,02,26,04,88.6,168,Unhealthy,106.0,UG/M3,1 Hr,Valid
Ulaanbaatar,PM2.5 - Principal,2022-02-26 05:00 AM,2022,02,26,05,83.3,165,Unhealthy,78.0,UG/M3,1 Hr,Valid
Ulaanbaatar,PM2.5 - Principal,2022-02-26 06:00 AM,2022,02,26,06,68.6,158,Unhealthy,54.0,UG/M3,1 Hr,Valid
Ulaanbaatar,PM2.5 - Principal,2022-02-26 07:00 AM,2022,02,26,07,60.8,154,Unhealthy,53.0,UG/M3,1 Hr,Valid
Ulaanbaatar,PM2.5 - Principal,2022-02-26 08:00 AM,2022,02,26,08,69.4,158,Unhealthy,78.0,UG/M3,1 Hr,Valid
Ulaanbaatar,PM2.5 - Principal,2022-02-26 09:00 AM,2022,02,26,09,89.2,168,Unhealthy,109.0,UG/M3,1 Hr,Valid
Ulaanbaatar,PM2.5 - Principal,2022-02-26 10:00 AM,2022,02,26,10,159.1,210,Very Unhealthy,229.0,UG/M3,1 Hr,Valid
Ulaanbaatar,PM2.5 - Principal,2022-02-26 11:00 AM,2022,02,26,11,129.0,189,Unhealthy,99.0,UG/M3,1 Hr,Valid
Ulaanbaatar,PM2.5 - Principal,2022-02-26 12:00 PM,2022,02,26,12,106.0,177,Unhealthy,83.0,UG/M3,1 Hr,Valid
Ulaanbaatar,PM2.5 - Principal,2022-02-26 01:00 PM,2022,02,26,13,81.0,164,Unhealthy,56.0,UG/M3,1 Hr,Valid
Ulaanbaatar,PM2.5 - Principal,2022-02-26 02:00 PM,2022,02,26,14,71.0,159,Unhealthy,61.0,UG/M3,1 Hr,Valid
Ulaanbaatar,PM2.5 - Principal,2022-02-26 03:00 PM,2022,02,26,15,50.9,139,Unhealthy for Sensitive Groups,31.0,UG/M3,1 Hr,Valid
Ulaanbaatar,PM2.5 - Principal,2022-02-26 04:00 PM,2022,02,26,16,36.4,103,Unhealthy for Sensitive Groups,22.0,UG/M3,1 Hr,Valid
Ulaanbaatar,PM2.5 - Principal,2022-02-26 05:00 PM,2022,02,26,17,24.2,76,Moderate,12.0,UG/M3,1 Hr,Valid
Ulaanbaatar,PM2.5 - Principal,2022-02-26 06:00 PM,2022,02,26,18,19.6,67,Moderate,15.0,UG/M3,1 Hr,Valid
Ulaanbaatar,PM2.5 - Principal,2022-02-26 07:00 PM,2022,02,26,19,17.3,62,Moderate,15.0,UG/M3,1 Hr,Valid
Ulaanbaatar,PM2.5 - Principal,2022-02-26 08:00 PM,2022,02,26,20,13.6,54,Moderate,10.0,UG/M3,1 Hr,Valid
Ulaanbaatar,PM2.5 - Principal,2022-02-26 09:00 PM,2022,02,26,21,83.3,165,Unhealthy,153.0,UG/M3,1 Hr,Valid
Ulaanbaatar,PM2.5 - Principal,2022-02-26 10:00 PM,2022,02,26,22,145.6,198,Unhealthy,208.0,UG/M3,1 Hr,Valid
Ulaanbaatar,PM2.5 - Principal,2022-02-26 11:00 PM,2022,02,26,23,120.3,184,Unhealthy,95.0,UG/M3,1 Hr,Valid
Ulaanbaatar,PM2.5 - Principal,2022-02-27 12:00 AM,2022,02,27,00,105.1,177,Unhealthy,90.0,UG/M3,1 Hr,Valid
Ulaanbaatar,PM2.5 - Principal,2022-02-27 01:00 AM,2022,02,27,01,96.0,172,Unhealthy,87.0,UG/M3,1 Hr,Valid
Ulaanbaatar,PM2.5 - Principal,2022-02-27 02:00 AM,2022,02,27,02,110.5,179,Unhealthy,125.0,UG/M3,1 Hr,Valid
Ulaanbaatar,PM2.5 - Principal,2022-02-27 03:00 AM,2022,02,27,03,111.2,180,Unhealthy,112.0,UG/M3,1 Hr,Valid
Ulaanbaatar,PM2.5 - Principal,2022-02-27 04:00 AM,2022,02,27,04,105.6,177,Unhealthy,100.0,UG/M3,1 Hr,Valid
Ulaanbaatar,PM2.5 - Principal,2022-02-27 05:00 AM,2022,02,27,05,112.8,181,Unhealthy,120.0,UG/M3,1 Hr,Valid
Ulaanbaatar,PM2.5 - Principal,2022-02-27 06:00 AM,2022,02,27,06,89.4,169,Unhealthy,66.0,UG/M3,1 Hr,Valid
Ulaanbaatar,PM2.5 - Principal,2022-02-27 07:00 AM,2022,02,27,07,78.2,163,Unhealthy,67.0,UG/M3,1 Hr,Valid
Ulaanbaatar,PM2.5 - Principal,2022-02-27 08:00 AM,2022,02,27,08,62.1,154,Unhealthy,46.0,UG/M3,1 Hr,Valid
Ulaanbaatar,PM2.5 - Principal,2022-02-27 09:00 AM,2022,02,27,09,70.0,158,Unhealthy,78.0,UG/M3,1 Hr,Valid
Ulaanbaatar,PM2.5 - Principal,2022-02-27 10:00 AM,2022,02,27,10,86.0,167,Unhealthy,102.0,UG/M3,1 Hr,Valid
Ulaanbaatar,PM2.5 - Principal,2022-02-27 11:00 AM,2022,02,27,11,117.5,183,Unhealthy,149.0,UG/M3,1 Hr,Valid
Ulaanbaatar,PM2.5 - Principal,2022-02-27 12:00 PM,2022,02,27,12,108.7,178,Unhealthy,100.0,UG/M3,1 Hr,Valid
Ulaanbaatar,PM2.5 - Principal,2022-02-27 01:00 PM,2022,02,27,13,71.3,159,Unhealthy,34.0,UG/M3,1 Hr,Valid
Ulaanbaatar,PM2.5 - Principal,2022-02-27 02:00 PM,2022,02,27,14,53.6,146,Unhealthy for Sensitive Groups,36.0,UG/M3,1 Hr,Valid
Ulaanbaatar,PM2.5 - Principal,2022-02-27 03:00 PM,2022,02,27,15,44.8,124,Unhealthy for Sensitive Groups,36.0,UG/M3,1 Hr,Valid
Ulaanbaatar,PM2.5 - Principal,2022-02-27 04:00 PM,2022,02,27,16,56.4,151,Unhealthy,68.0,UG/M3,1 Hr,Valid
Ulaanbaatar,PM2.5 - Principal,2022-02-27 05:00 PM,2022,02,27,17,34.1,97,Moderate,12.0,UG/M3,1 Hr,Valid
Ulaanbaatar,PM2.5 - Principal,2022-02-27 06:00 PM,2022,02,27,18,21.5,71,Moderate,9.0,UG/M3,1 Hr,Valid
Ulaanbaatar,PM2.5 - Principal,2022-02-27 07:00 PM,2022,02,27,19,15.2,58,Moderate,9.0,UG/M3,1 Hr,Valid
Ulaanbaatar,PM2.5 - Principal,2022-02-27 08:00 PM,2022,02,27,20,12.6,52,Moderate,10.0,UG/M3,1 Hr,Valid
Ulaanbaatar,PM2.5 - Principal,2022-02-27 09:00 PM,2022,02,27,21,12.3,51,Moderate,12.0,UG/M3,1 Hr,Valid
Ulaanbaatar,PM2.5 - Principal,2022-02-27 10:00 PM,2022,02,27,22,17.1,62,Moderate,22.0,UG/M3,1 Hr,Valid
Ulaanbaatar,PM2.5 - Principal,2022-02-27 11:00 PM,2022,02,27,23,16.0,59,Moderate,15.0,UG/M3,1 Hr,Valid
Ulaanbaatar,PM2.5 - Principal,2022-02-28 12:00 AM,2022,02,28,00,14.5,56,Moderate,13.0,UG/M3,1 Hr,Valid
Ulaanbaatar,PM2.5 - Principal,2022-02-28 01:00 AM,2022,02,28,01,18.2,64,Moderate,22.0,UG/M3,1 Hr,Valid
Ulaanbaatar,PM2.5 - Principal,2022-02-28 02:00 AM,2022,02,28,02,24.1,76,Moderate,30.0,UG/M3,1 Hr,Valid
Ulaanbaatar,PM2.5 - Principal,2022-02-28 03:00 AM,2022,02,28,03,56.0,151,Unhealthy,88.0,UG/M3,1 Hr,Valid
Ulaanbaatar,PM2.5 - Principal,2022-02-28 04:00 AM,2022,02,28,04,89.0,168,Unhealthy,122.0,UG/M3,1 Hr,Valid
Ulaanbaatar,PM2.5 - Principal,2022-02-28 05:00 AM,2022,02,28,05,69.5,158,Unhealthy,50.0,UG/M3,1 Hr,Valid
Ulaanbaatar,PM2.5 - Principal,2022-02-28 06:00 AM,2022,02,28,06,54.7,148,Unhealthy for Sensitive Groups,40.0,UG/M3,1 Hr,Valid
Ulaanbaatar,PM2.5 - Principal,2022-02-28 07:00 AM,2022,02,28,07,39.8,112,Unhealthy for Sensitive Groups,25.0,UG/M3,1 Hr,Valid
Ulaanbaatar,PM2.5 - Principal,2022-02-28 08:00 AM,2022,02,28,08,37.9,107,Unhealthy for Sensitive Groups,36.0,UG/M3,1 Hr,Valid
Ulaanbaatar,PM2.5 - Principal,2022-02-28 09:00 AM,2022,02,28,09,49.9,136,Unhealthy for Sensitive Groups,62.0,UG/M3,1 Hr,Valid
Ulaanbaatar,PM2.5 - Principal,2022-02-28 10:00 AM,2022,02,28,10,108.5,178,Unhealthy,167.0,UG/M3,1 Hr,Valid
Ulaanbaatar,PM2.5 - Principal,2022-02-28 11:00 AM,2022,02,28,11,106.2,177,Unhealthy,104.0,UG/M3,1 Hr,Valid
Ulaanbaatar,PM2.5 - Principal,2022-02-28 12:00 PM,2022,02,28,12,62.6,155,Unhealthy,19.0,UG/M3,1 Hr,Valid
Ulaanbaatar,PM2.5 - Principal,2022-02-28 01:00 PM,2022,02,28,13,38.3,108,Unhealthy for Sensitive Groups,14.0,UG/M3,1 Hr,Valid
Ulaanbaatar,PM2.5 - Principal,2022-02-28 02:00 PM,2022,02,28,14,26.6,81,Moderate,15.0,UG/M3,1 Hr,Valid
Ulaanbaatar,PM2.5 - Principal,2022-02-28 03:00 PM,2022,02,28,15,18.8,65,Moderate,11.0,UG/M3,1 Hr,Valid
Ulaanbaatar,PM2.5 - Principal,2022-02-28 04:00 PM,2022,02,28,16,13.3,54,Moderate,8.0,UG/M3,1 Hr,Valid
Ulaanbaatar,PM2.5 - Principal,2022-02-28 05:00 PM,2022,02,28,17,12.1,51,Moderate,11.0,UG/M3,1 Hr,Valid
Ulaanbaatar,PM2.5 - Principal,2022-02-28 06:00 PM,2022,02,28,18,10.0,42,Good,8.0,UG/M3,1 Hr,Valid
Ulaanbaatar,PM2.5 - Principal,2022-02-28 07:00 PM,2022,02,28,19,8.0,33,Good,6.0,UG/M3,1 Hr,Valid
Ulaanbaatar,PM2.5 - Principal,2022-02-28 08:00 PM,2022,02,28,20,9.0,38,Good,10.0,UG/M3,1 Hr,Valid
Ulaanbaatar,PM2.5 - Principal,2022-02-28 09:00 PM,2022,02,28,21,39.5,111,Unhealthy for Sensitive Groups,70.0,UG/M3,1 Hr,Valid
Ulaanbaatar,PM2.5 - Principal,2022-02-28 10:00 PM,2022,02,28,22,53.7,146,Unhealthy for Sensitive Groups,68.0,UG/M3,1 Hr,Valid
Ulaanbaatar,PM2.5 - Principal,2022-02-28 11:00 PM,2022,02,28,23,85.3,166,Unhealthy,117.0,UG/M3,1 Hr,Valid
Ulaanbaatar,PM2.5 - Principal,2022-03-01 12:00 AM,2022,03,01,00,83.6,166,Unhealthy,82.0,UG/M3,1 Hr,Valid
Ulaanbaatar,PM2.5 - Principal,2022-03-01 01:00 AM,2022,03,01,01,111.8,180,Unhealthy,140.0,UG/M3,1 Hr,Valid
Ulaanbaatar,PM2.5 - Principal,2022-03-01 02:00 AM,2022,03,01,02,90.9,169,Unhealthy,70.0,UG/M3,1 Hr,Valid
Ulaanbaatar,PM2.5 - Principal,2022-03-01 03:00 AM,2022,03,01,03,83.9,166,Unhealthy,77.0,UG/M3,1 Hr,Valid
Ulaanbaatar,PM2.5 - Principal,2022-03-01 04:00 AM,2022,03,01,04,68.9,158,Unhealthy,54.0,UG/M3,1 Hr,Valid
Ulaanbaatar,PM2.5 - Principal,2022-03-01 05:00 AM,2022,03,01,05,58.0,152,Unhealthy,47.0,UG/M3,1 Hr,Valid
Ulaanbaatar,PM2.5 - Principal,2022-03-01 06:00 AM,2022,03,01,06,53.0,144,Unhealthy for Sensitive Groups,48.0,UG/M3,1 Hr,Valid
Ulaanbaatar,PM2.5 - Principal,2022-03-01 07:00 AM,2022,03,01,07,42.0,117,Unhealthy for Sensitive Groups,31.0,UG/M3,1 Hr,Valid
Ulaanbaatar,PM2.5 - Principal,2022-03-01 08:00 AM,2022,03,01,08,63.5,155,Unhealthy,85.0,UG/M3,1 Hr,Valid
Ulaanbaatar,PM2.5 - Principal,2022-03-01 09:00 AM,2022,03,01,09,80.7,164,Unhealthy,98.0,UG/M3,1 Hr,Valid
Ulaanbaatar,PM2.5 - Principal,2022-03-01 10:00 AM,2022,03,01,10,191.9,242,Very Unhealthy,303.0,UG/M3,1 Hr,Valid
Ulaanbaatar,PM2.5 - Principal,2022-03-01 11:00 AM,2022,03,01,11,201.4,251,Very Unhealthy,211.0,UG/M3,1 Hr,Valid
Ulaanbaatar,PM2.5 - Principal,2022-03-01 12:00 PM,2022,03,01,12,171.2,222,Very Unhealthy,141.0,UG/M3,1 Hr,Valid
Ulaanbaatar,PM2.5 - Principal,2022-03-01 01:00 PM,2022,03,01,13,108.1,178,Unhealthy,45.0,UG/M3,1 Hr,Valid
Ulaanbaatar,PM2.5 - Principal,2022-03-01 02:00 PM,2022,03,01,14,67.5,157,Unhealthy,27.0,UG/M3,1 Hr,Valid
Ulaanbaatar,PM2.5 - Principal,2022-03-01 03:00 PM,2022,03,01,15,36.7,104,Unhealthy for Sensitive Groups,6.0,UG/M3,1 Hr,Valid
Ulaanbaatar,PM2.5 - Principal,2022-03-01 04:00 PM,2022,03,01,16,21.3,70,Moderate,6.0,UG/M3,1 Hr,Valid
Ulaanbaatar,PM2.5 - Principal,2022-03-01 05:00 PM,2022,03,01,17,13.1,53,Moderate,5.0,UG/M3,1 Hr,Valid
Ulaanbaatar,PM2.5 - Principal,2022-03-01 06:00 PM,2022,03,01,18,9.0,38,Good,5.0,UG/M3,1 Hr,Valid
Ulaanbaatar,PM2.5 - Principal,2022-03-01 07:00 PM,2022,03,01,19,8.0,33,Good,7.0,UG/M3,1 Hr,Valid
Ulaanbaatar,PM2.5 - Principal,2022-03-01 08:00 PM,2022,03,01,20,13.5,54,Moderate,19.0,UG/M3,1 Hr,Valid
Ulaanbaatar,PM2.5 - Principal,2022-03-01 09:00 PM,2022,03,01,21,68.2,158,Unhealthy,123.0,UG/M3,1 Hr,Valid
Ulaanbaatar,PM2.5 - Principal,2022-03-01 10:00 PM,2022,03,01,22,99.1,174,Unhealthy,130.0,UG/M3,1 Hr,Valid
Ulaanbaatar,PM2.5 - Principal,2022-03-01 11:00 PM,2022,03,01,23,129.5,189,Unhealthy,160.0,UG/M3,1 Hr,Valid
Ulaanbaatar,PM2.5 - Principal,2022-03-02 12:00 AM,2022,03,02,00,107.7,178,Unhealthy,86.0,UG/M3,1 Hr,Valid
Ulaanbaatar,PM2.5 - Principal,2022-03-02 01:00 AM,2022,03,02,01,95.3,172,Unhealthy,83.0,UG/M3,1 Hr,Valid
Ulaanbaatar,PM2.5 - Principal,2022-03-02 02:00 AM,2022,03,02,02,84.6,166,Unhealthy,74.0,UG/M3,1 Hr,Valid
Ulaanbaatar,PM2.5 - Principal,2022-03-02 03:00 AM,2022,03,02,03,84.7,166,Unhealthy,0.0,UG/M3,1 Hr,Invalid
Ulaanbaatar,PM2.5 - Principal,2022-03-02 04:00 AM,2022,03,02,04,81.5,164,Unhealthy,80.0,UG/M3,1 Hr,Valid
Ulaanbaatar,PM2.5 - Principal,2022-03-02 05:00 AM,2022,03,02,05,68.6,158,Unhealthy,59.0,UG/M3,1 Hr,Valid
Ulaanbaatar,PM2.5 - Principal,2022-03-02 06:00 AM,2022,03,02,06,54.9,149,Unhealthy for Sensitive Groups,43.0,UG/M3,1 Hr,Valid
Ulaanbaatar,PM2.5 - Principal,2022-03-02 07:00 AM,2022,03,02,07,48.8,134,Unhealthy for Sensitive Groups,43.0,UG/M3,1 Hr,Valid
Ulaanbaatar,PM2.5 - Principal,2022-03-02 08:00 AM,2022,03,02,08,61.1,154,Unhealthy,73.0,UG/M3,1 Hr,Valid
Ulaanbaatar,PM2.5 - Principal,2022-03-02 09:00 AM,2022,03,02,09,108.9,179,Unhealthy,156.0,UG/M3,1 Hr,Valid
Ulaanbaatar,PM2.5 - Principal,2022-03-02 10:00 AM,2022,03,02,10,177.7,228,Very Unhealthy,246.0,UG/M3,1 Hr,Valid
Ulaanbaatar,PM2.5 - Principal,2022-03-02 11:00 AM,2022,03,02,11,185.8,236,Very Unhealthy,194.0,UG/M3,1 Hr,Valid
Ulaanbaatar,PM2.5 - Principal,2022-03-02 12:00 PM,2022,03,02,12,114.8,182,Unhealthy,44.0,UG/M3,1 Hr,Valid
Ulaanbaatar,PM2.5 - Principal,2022-03-02 01:00 PM,2022,03,02,13,72.4,160,Unhealthy,30.0,UG/M3,1 Hr,Valid
Ulaanbaatar,PM2.5 - Principal,2022-03-02 02:00 PM,2022,03,02,14,59.1,153,Unhealthy,46.0,UG/M3,1 Hr,Valid
Ulaanbaatar,PM2.5 - Principal,2022-03-02 03:00 PM,2022,03,02,15,57.0,152,Unhealthy,55.0,UG/M3,1 Hr,Valid
Ulaanbaatar,PM2.5 - Principal,2022-03-02 04:00 PM,2022,03,02,16,36.0,102,Unhealthy for Sensitive Groups,15.0,UG/M3,1 Hr,Valid
Ulaanbaatar,PM2.5 - Principal,2022-03-02 05:00 PM,2022,03,02,17,24.0,76,Moderate,12.0,UG/M3,1 Hr,Valid
Ulaanbaatar,PM2.5 - Principal,2022-03-02 06:00 PM,2022,03,02,18,17.5,62,Moderate,11.0,UG/M3,1 Hr,Valid
Ulaanbaatar,PM2.5 - Principal,2022-03-02 07:00 PM,2022,03,02,19,12.2,51,Moderate,7.0,UG/M3,1 Hr,Valid
Ulaanbaatar,PM2.5 - Principal,2022-03-02 08:00 PM,2022,03,02,20,7.6,32,Good,3.0,UG/M3,1 Hr,Valid
Ulaanbaatar,PM2.5 - Principal,2022-03-02 09:00 PM,2022,03,02,21,66.3,157,Unhealthy,125.0,UG/M3,1 Hr,Valid
Ulaanbaatar,PM2.5 - Principal,2022-03-02 10:00 PM,2022,03,02,22,98.1,173,Unhealthy,130.0,UG/M3,1 Hr,Valid
Ulaanbaatar,PM2.5 - Principal,2022-03-02 11:00 PM,2022,03,02,23,92.5,170,Unhealthy,87.0,UG/M3,1 Hr,Valid
Ulaanbaatar,PM2.5 - Principal,2022-03-03 12:00 AM,2022,03,03,00,98.7,173,Unhealthy,105.0,UG/M3,1 Hr,Valid
Ulaanbaatar,PM2.5 - Principal,2022-03-03 01:00 AM,2022,03,03,01,100.9,174,Unhealthy,103.0,UG/M3,1 Hr,Valid
Ulaanbaatar,PM2.5 - Principal,2022-03-03 02:00 AM,2022,03,03,02,104.9,177,Unhealthy,109.0,UG/M3,1 Hr,Valid
Ulaanbaatar,PM2.5 - Principal,2022-03-03 03:00 AM,2022,03,03,03,124.4,187,Unhealthy,144.0,UG/M3,1 Hr,Valid
Ulaanbaatar,PM2.5 - Principal,2022-03-03 04:00 AM,2022,03,03,04,97.7,173,Unhealthy,71.0,UG/M3,1 Hr,Valid
Ulaanbaatar,PM2.5 - Principal,2022-03-03 05:00 AM,2022,03,03,05,90.8,169,Unhealthy,84.0,UG/M3,1 Hr,Valid
Ulaanbaatar,PM2.5 - Principal,2022-03-03 06:00 AM,2022,03,03,06,69.4,158,Unhealthy,48.0,UG/M3,1 Hr,Valid
Ulaanbaatar,PM2.5 - Principal,2022-03-03 07:00 AM,2022,03,03,07,68.2,158,Unhealthy,67.0,UG/M3,1 Hr,Valid
Ulaanbaatar,PM2.5 - Principal,2022-03-03 08:00 AM,2022,03,03,08,80.6,164,Unhealthy,93.0,UG/M3,1 Hr,Valid
Ulaanbaatar,PM2.5 - Principal,2022-03-03 09:00 AM,2022,03,03,09,129.3,189,Unhealthy,178.0,UG/M3,1 Hr,Valid
Ulaanbaatar,PM2.5 - Principal,2022-03-03 10:00 AM,2022,03,03,10,157.6,208,Very Unhealthy,186.0,UG/M3,1 Hr,Valid
Ulaanbaatar,PM2.5 - Principal,2022-03-03 11:00 AM,2022,03,03,11,174.3,225,Very Unhealthy,191.0,UG/M3,1 Hr,Valid
Ulaanbaatar,PM2.5 - Principal,2022-03-03 12:00 PM,2022,03,03,12,124.6,187,Unhealthy,75.0,UG/M3,1 Hr,Valid
Ulaanbaatar,PM2.5 - Principal,2022-03-03 01:00 PM,2022,03,03,13,83.8,166,Unhealthy,43.0,UG/M3,1 Hr,Valid
Ulaanbaatar,PM2.5 - Principal,2022-03-03 02:00 PM,2022,03,03,14,48.9,134,Unhealthy for Sensitive Groups,14.0,UG/M3,1 Hr,Valid
Ulaanbaatar,PM2.5 - Principal,2022-03-03 03:00 PM,2022,03,03,15,29.9,88,Moderate,11.0,UG/M3,1 Hr,Valid
Ulaanbaatar,PM2.5 - Principal,2022-03-03 04:00 PM,2022,03,03,16,21.9,72,Moderate,14.0,UG/M3,1 Hr,Valid
Ulaanbaatar,PM2.5 - Principal,2022-03-03 05:00 PM,2022,03,03,17,17.9,63,Moderate,14.0,UG/M3,1 Hr,Valid
Ulaanbaatar,PM2.5 - Principal,2022-03-03 06:00 PM,2022,03,03,18,14.9,57,Moderate,12.0,UG/M3,1 Hr,Valid
Ulaanbaatar,PM2.5 - Principal,2022-03-03 07:00 PM,2022,03,03,19,12.9,53,Moderate,11.0,UG/M3,1 Hr,Valid
Ulaanbaatar,PM2.5 - Principal,2022-03-03 08:00 PM,2022,03,03,20,13.9,55,Moderate,15.0,UG/M3,1 Hr,Valid
Ulaanbaatar,PM2.5 - Principal,2022-03-03 09:00 PM,2022,03,03,21,14.9,57,Moderate,16.0,UG/M3,1 Hr,Valid
Ulaanbaatar,PM2.5 - Principal,2022-03-03 10:00 PM,2022,03,03,22,15.9,59,Moderate,17.0,UG/M3,1 Hr,Valid
Ulaanbaatar,PM2.5 - Principal,2022-03-03 11:00 PM,2022,03,03,23,13.9,55,Moderate,12.0,UG/M3,1 Hr,Valid
Ulaanbaatar,PM2.5 - Principal,2022-03-04 12:00 AM,2022,03,04,00,24.4,77,Moderate,35.0,UG/M3,1 Hr,Valid
Ulaanbaatar,PM2.5 - Principal,2022-03-04 01:00 AM,2022,03,04,01,27.7,84,Moderate,31.0,UG/M3,1 Hr,Valid
Ulaanbaatar,PM2.5 - Principal,2022-03-04 02:00 AM,2022,03,04,02,27.7,84,Moderate,0.0,UG/M3,1 Hr,Invalid
Ulaanbaatar,PM2.5 - Principal,2022-03-04 03:00 AM,2022,03,04,03,65.2,156,Unhealthy,84.0,UG/M3,1 Hr,Valid
Ulaanbaatar,PM2.5 - Principal,2022-03-04 04:00 AM,2022,03,04,04,34.8,99,Moderate,12.0,UG/M3,1 Hr,Valid
Ulaanbaatar,PM2.5 - Principal,2022-03-04 05:00 AM,2022,03,04,05,21.0,70,Moderate,9.0,UG/M3,1 Hr,Valid
Ulaanbaatar,PM2.5 - Principal,2022-03-04 06:00 AM,2022,03,04,06,13.7,54,Moderate,7.0,UG/M3,1 Hr,Valid
Ulaanbaatar,PM2.5 - Principal,2022-03-04 07:00 AM,2022,03,04,07,9.8,41,Good,6.0,UG/M3,1 Hr,Valid
Ulaanbaatar,PM2.5 - Principal,2022-03-04 08:00 AM,2022,03,04,08,9.9,41,Good,10.0,UG/M3,1 Hr,Valid
Ulaanbaatar,PM2.5 - Principal,2022-03-04 09:00 AM,2022,03,04,09,14.9,57,Moderate,20.0,UG/M3,1 Hr,Valid
Ulaanbaatar,PM2.5 - Principal,2022-03-04 10:00 AM,2022,03,04,10,17.9,63,Moderate,21.0,UG/M3,1 Hr,Valid
Ulaanbaatar,PM2.5 - Principal,2022-03-04 11:00 AM,2022,03,04,11,21.0,70,Moderate,24.0,UG/M3,1 Hr,Valid
Ulaanbaatar,PM2.5 - Principal,2022-03-04 12:00 PM,2022,03,04,12,16.4,60,Moderate,12.0,UG/M3,1 Hr,Valid
Ulaanbaatar,PM2.5 - Principal,2022-03-04 01:00 PM,2022,03,04,13,13.7,54,Moderate,11.0,UG/M3,1 Hr,Valid
Ulaanbaatar,PM2.5 - Principal,2022-03-04 02:00 PM,2022,03,04,14,10.3,43,Good,7.0,UG/M3,1 Hr,Valid
Ulaanbaatar,PM2.5 - Principal,2022-03-04 03:00 PM,2022,03,04,15,6.6,28,Good,3.0,UG/M3,1 Hr,Valid
Ulaanbaatar,PM2.5 - Principal,2022-03-04 04:00 PM,2022,03,04,16,5.3,22,Good,4.0,UG/M3,1 Hr,Valid
Ulaanbaatar,PM2.5 - Principal,2022-03-04 05:00 PM,2022,03,04,17,5.6,23,Good,6.0,UG/M3,1 Hr,Valid
Ulaanbaatar,PM2.5 - Principal,2022-03-04 06:00 PM,2022,03,04,18,6.8,28,Good,8.0,UG/M3,1 Hr,Valid
Ulaanbaatar,PM2.5 - Principal,2022-03-04 07:00 PM,2022,03,04,19,6.4,27,Good,6.0,UG/M3,1 Hr,Valid
Ulaanbaatar,PM2.5 - Principal,2022-03-04 08:00 PM,2022,03,04,20,9.7,40,Good,13.0,UG/M3,1 Hr,Valid
Ulaanbaatar,PM2.5 - Principal,2022-03-04 09:00 PM,2022,03,04,21,33.8,97,Moderate,58.0,UG/M3,1 Hr,Valid
Ulaanbaatar,PM2.5 - Principal,2022-03-04 10:00 PM,2022,03,04,22,110.4,179,Unhealthy,187.0,UG/M3,1 Hr,Valid
Ulaanbaatar,PM2.5 - Principal,2022-03-04 11:00 PM,2022,03,04,23,89.7,169,Unhealthy,69.0,UG/M3,1 Hr,Valid
Ulaanbaatar,PM2.5 - Principal,2022-03-05 12:00 AM,2022,03,05,00,76.8,162,Unhealthy,64.0,UG/M3,1 Hr,Valid
Ulaanbaatar,PM2.5 - Principal,2022-03-05 01:00 AM,2022,03,05,01,69.4,158,Unhealthy,62.0,UG/M3,1 Hr,Valid
Ulaanbaatar,PM2.5 - Principal,2022-03-05 02:00 AM,2022,03,05,02,74.2,161,Unhealthy,79.0,UG/M3,1 Hr,Valid
Ulaanbaatar,PM2.5 - Principal,2022-03-05 03:00 AM,2022,03,05,03,84.1,166,Unhealthy,94.0,UG/M3,1 Hr,Valid
Ulaanbaatar,PM2.5 - Principal,2022-03-05 04:00 AM,2022,03,05,04,73.5,160,Unhealthy,63.0,UG/M3,1 Hr,Valid
Ulaanbaatar,PM2.5 - Principal,2022-03-05 05:00 AM,2022,03,05,05,58.7,153,Unhealthy,44.0,UG/M3,1 Hr,Valid
Ulaanbaatar,PM2.5 - Principal,2022-03-05 06:00 AM,2022,03,05,06,52.8,144,Unhealthy for Sensitive Groups,47.0,UG/M3,1 Hr,Valid
Ulaanbaatar,PM2.5 - Principal,2022-03-05 07:00 AM,2022,03,05,07,51.4,140,Unhealthy for Sensitive Groups,50.0,UG/M3,1 Hr,Valid
Ulaanbaatar,PM2.5 - Principal,2022-03-05 08:00 AM,2022,03,05,08,49.7,136,Unhealthy for Sensitive Groups,48.0,UG/M3,1 Hr,Valid
Ulaanbaatar,PM2.5 - Principal,2022-03-05 09:00 AM,2022,03,05,09,69.8,158,Unhealthy,90.0,UG/M3,1 Hr,Valid
Ulaanbaatar,PM2.5 - Principal,2022-03-05 10:00 AM,2022,03,05,10,108.9,179,Unhealthy,148.0,UG/M3,1 Hr,Valid
Ulaanbaatar,PM2.5 - Principal,2022-03-05 11:00 AM,2022,03,05,11,100.4,174,Unhealthy,92.0,UG/M3,1 Hr,Valid
Ulaanbaatar,PM2.5 - Principal,2022-03-05 12:00 PM,2022,03,05,12,60.2,153,Unhealthy,20.0,UG/M3,1 Hr,Valid
Ulaanbaatar,PM2.5 - Principal,2022-03-05 01:00 PM,2022,03,05,13,45.1,125,Unhealthy for Sensitive Groups,30.0,UG/M3,1 Hr,Valid
Ulaanbaatar,PM2.5 - Principal,2022-03-05 02:00 PM,2022,03,05,14,30.5,90,Moderate,16.0,UG/M3,1 Hr,Valid
Ulaanbaatar,PM2.5 - Principal,2022-03-05 03:00 PM,2022,03,05,15,18.2,64,Moderate,6.0,UG/M3,1 Hr,Valid
Ulaanbaatar,PM2.5 - Principal,2022-03-05 04:00 PM,2022,03,05,16,14.6,56,Moderate,11.0,UG/M3,1 Hr,Valid
Ulaanbaatar,PM2.5 - Principal,2022-03-05 05:00 PM,2022,03,05,17,10.3,43,Good,6.0,UG/M3,1 Hr,Valid
Ulaanbaatar,PM2.5 - Principal,2022-03-05 06:00 PM,2022,03,05,18,6.6,28,Good,3.0,UG/M3,1 Hr,Valid
Ulaanbaatar,PM2.5 - Principal,2022-03-05 07:00 PM,2022,03,05,19,4.8,20,Good,3.0,UG/M3,1 Hr,Valid
Ulaanbaatar,PM2.5 - Principal,2022-03-05 08:00 PM,2022,03,05,20,4.4,18,Good,4.0,UG/M3,1 Hr,Valid
Ulaanbaatar,PM2.5 - Principal,2022-03-05 09:00 PM,2022,03,05,21,68.2,158,Unhealthy,132.0,UG/M3,1 Hr,Valid
Ulaanbaatar,PM2.5 - Principal,2022-03-05 10:00 PM,2022,03,05,22,130.1,190,Unhealthy,192.0,UG/M3,1 Hr,Valid
Ulaanbaatar,PM2.5 - Principal,2022-03-05 11:00 PM,2022,03,05,23,134.0,192,Unhealthy,138.0,UG/M3,1 Hr,Valid
Ulaanbaatar,PM2.5 - Principal,2022-03-06 12:00 AM,2022,03,06,00,122.5,186,Unhealthy,111.0,UG/M3,1 Hr,Valid
Ulaanbaatar,PM2.5 - Principal,2022-03-06 01:00 AM,2022,03,06,01,111.2,180,Unhealthy,100.0,UG/M3,1 Hr,Valid
Ulaanbaatar,PM2.5 - Principal,2022-03-06 02:00 AM,2022,03,06,02,88.1,168,Unhealthy,65.0,UG/M3,1 Hr,Valid
Ulaanbaatar,PM2.5 - Principal,2022-03-06 03:00 AM,2022,03,06,03,86.5,167,Unhealthy,85.0,UG/M3,1 Hr,Valid
Ulaanbaatar,PM2.5 - Principal,2022-03-06 04:00 AM,2022,03,06,04,71.2,159,Unhealthy,56.0,UG/M3,1 Hr,Valid
Ulaanbaatar,PM2.5 - Principal,2022-03-06 05:00 AM,2022,03,06,05,63.1,155,Unhealthy,55.0,UG/M3,1 Hr,Valid
Ulaanbaatar,PM2.5 - Principal,2022-03-06 06:00 AM,2022,03,06,06,54.0,147,Unhealthy for Sensitive Groups,45.0,UG/M3,1 Hr,Valid
Ulaanbaatar,PM2.5 - Principal,2022-03-06 07:00 AM,2022,03,06,07,52.0,142,Unhealthy for Sensitive Groups,50.0,UG/M3,1 Hr,Valid
Ulaanbaatar,PM2.5 - Principal,2022-03-06 08:00 AM,2022,03,06,08,47.0,129,Unhealthy for Sensitive Groups,42.0,UG/M3,1 Hr,Valid
Ulaanbaatar,PM2.5 - Principal,2022-03-06 09:00 AM,2022,03,06,09,62.0,154,Unhealthy,77.0,UG/M3,1 Hr,Valid
Ulaanbaatar,PM2.5 - Principal,2022-03-06 10:00 AM,2022,03,06,10,125.5,187,Unhealthy,189.0,UG/M3,1 Hr,Valid
Ulaanbaatar,PM2.5 - Principal,2022-03-06 11:00 AM,2022,03,06,11,135.2,192,Unhealthy,145.0,UG/M3,1 Hr,Valid
Ulaanbaatar,PM2.5 - Principal,2022-03-06 12:00 PM,2022,03,06,12,96.1,172,Unhealthy,57.0,UG/M3,1 Hr,Valid
Ulaanbaatar,PM2.5 - Principal,2022-03-06 01:00 PM,2022,03,06,13,62.0,154,Unhealthy,28.0,UG/M3,1 Hr,Valid
Ulaanbaatar,PM2.5 - Principal,2022-03-06 02:00 PM,2022,03,06,14,36.0,102,Unhealthy for Sensitive Groups,10.0,UG/M3,1 Hr,Valid
Ulaanbaatar,PM2.5 - Principal,2022-03-06 03:00 PM,2022,03,06,15,20.9,70,Moderate,6.0,UG/M3,1 Hr,Valid
Ulaanbaatar,PM2.5 - Principal,2022-03-06 04:00 PM,2022,03,06,16,11.4,48,Good,2.0,UG/M3,1 Hr,Valid
Ulaanbaatar,PM2.5 - Principal,2022-03-06 05:00 PM,2022,03,06,17,7.7,32,Good,4.0,UG/M3,1 Hr,Valid
Ulaanbaatar,PM2.5 - Principal,2022-03-06 06:00 PM,2022,03,06,18,6.8,28,Good,6.0,UG/M3,1 Hr,Valid
Ulaanbaatar,PM2.5 - Principal,2022-03-06 07:00 PM,2022,03,06,19,6.9,29,Good,7.0,UG/M3,1 Hr,Valid
Ulaanbaatar,PM2.5 - Principal,2022-03-06 08:00 PM,2022,03,06,20,9.9,41,Good,13.0,UG/M3,1 Hr,Valid
Ulaanbaatar,PM2.5 - Principal,2022-03-06 09:00 PM,2022,03,06,21,28.9,86,Moderate,48.0,UG/M3,1 Hr,Valid
Ulaanbaatar,PM2.5 - Principal,2022-03-06 10:00 PM,2022,03,06,22,93.9,171,Unhealthy,159.0,UG/M3,1 Hr,Valid
Ulaanbaatar,PM2.5 - Principal,2022-03-06 11:00 PM,2022,03,06,23,81.9,165,Unhealthy,70.0,UG/M3,1 Hr,Valid
Ulaanbaatar,PM2.5 - Principal,2022-03-07 12:00 AM,2022,03,07,00,68.9,158,Unhealthy,56.0,UG/M3,1 Hr,Valid
Ulaanbaatar,PM2.5 - Principal,2022-03-07 01:00 AM,2022,03,07,01,79.5,163,Unhealthy,90.0,UG/M3,1 Hr,Valid
Ulaanbaatar,PM2.5 - Principal,2022-03-07 02:00 AM,2022,03,07,02,75.7,161,Unhealthy,72.0,UG/M3,1 Hr,Valid
Ulaanbaatar,PM2.5 - Principal,2022-03-07 03:00 AM,2022,03,07,03,76.8,162,Unhealthy,78.0,UG/M3,1 Hr,Valid
Ulaanbaatar,PM2.5 - Principal,2022-03-07 04:00 AM,2022,03,07,04,89.9,169,Unhealthy,103.0,UG/M3,1 Hr,Valid
Ulaanbaatar,PM2.5 - Principal,2022-03-07 05:00 AM,2022,03,07,05,66.9,157,Unhealthy,44.0,UG/M3,1 Hr,Valid
Ulaanbaatar,PM2.5 - Principal,2022-03-07 06:00 AM,2022,03,07,06,70.4,159,Unhealthy,74.0,UG/M3,1 Hr,Valid
Ulaanbaatar,PM2.5 - Principal,2022-03-07 07:00 AM,2022,03,07,07,58.2,152,Unhealthy,46.0,UG/M3,1 Hr,Valid
Ulaanbaatar,PM2.5 - Principal,2022-03-07 08:00 AM,2022,03,07,08,53.1,144,Unhealthy for Sensitive Groups,48.0,UG/M3,1 Hr,Valid
Ulaanbaatar,PM2.5 - Principal,2022-03-07 09:00 AM,2022,03,07,09,91.5,170,Unhealthy,130.0,UG/M3,1 Hr,Valid
Ulaanbaatar,PM2.5 - Principal,2022-03-07 10:00 AM,2022,03,07,10,155.7,206,Very Unhealthy,220.0,UG/M3,1 Hr,Valid
Ulaanbaatar,PM2.5 - Principal,2022-03-07 11:00 AM,2022,03,07,11,146.9,198,Unhealthy,138.0,UG/M3,1 Hr,Valid
Ulaanbaatar,PM2.5 - Principal,2022-03-07 12:00 PM,2022,03,07,12,99.4,174,Unhealthy,52.0,UG/M3,1 Hr,Valid
Ulaanbaatar,PM2.5 - Principal,2022-03-07 01:00 PM,2022,03,07,13,62.7,155,Unhealthy,26.0,UG/M3,1 Hr,Valid
Ulaanbaatar,PM2.5 - Principal,2022-03-07 02:00 PM,2022,03,07,14,45.3,125,Unhealthy for Sensitive Groups,28.0,UG/M3,1 Hr,Valid
Ulaanbaatar,PM2.5 - Principal,2022-03-07 03:00 PM,2022,03,07,15,39.1,110,Unhealthy for Sensitive Groups,33.0,UG/M3,1 Hr,Valid
Ulaanbaatar,PM2.5 - Principal,2022-03-07 04:00 PM,2022,03,07,16,35.0,99,Moderate,31.0,UG/M3,1 Hr,Valid
Ulaanbaatar,PM2.5 - Principal,2022-03-07 05:00 PM,2022,03,07,17,27.0,82,Moderate,19.0,UG/M3,1 Hr,Valid
Ulaanbaatar,PM2.5 - Principal,2022-03-07 06:00 PM,2022,03,07,18,17.0,61,Moderate,7.0,UG/M3,1 Hr,Valid
Ulaanbaatar,PM2.5 - Principal,2022-03-07 07:00 PM,2022,03,07,19,12.5,52,Moderate,8.0,UG/M3,1 Hr,Valid
Ulaanbaatar,PM2.5 - Principal,2022-03-07 08:00 PM,2022,03,07,20,18.7,65,Moderate,25.0,UG/M3,1 Hr,Valid
Ulaanbaatar,PM2.5 - Principal,2022-03-07 09:00 PM,2022,03,07,21,99.8,174,Unhealthy,181.0,UG/M3,1 Hr,Valid
Ulaanbaatar,PM2.5 - Principal,2022-03-07 10:00 PM,2022,03,07,22,105.4,177,Unhealthy,111.0,UG/M3,1 Hr,Valid
Ulaanbaatar,PM2.5 - Principal,2022-03-07 11:00 PM,2022,03,07,23,96.7,172,Unhealthy,88.0,UG/M3,1 Hr,Valid
Ulaanbaatar,PM2.5 - Principal,2022-03-08 12:00 AM,2022,03,08,00,104.3,176,Unhealthy,112.0,UG/M3,1 Hr,Valid
Ulaanbaatar,PM2.5 - Principal,2022-03-08 01:00 AM,2022,03,08,01,106.1,177,Unhealthy,108.0,UG/M3,1 Hr,Valid
Ulaanbaatar,PM2.5 - Principal,2022-03-08 02:00 AM,2022,03,08,02,98.1,173,Unhealthy,90.0,UG/M3,1 Hr,Valid
Ulaanbaatar,PM2.5 - Principal,2022-03-08 03:00 AM,2022,03,08,03,115.5,182,Unhealthy,133.0,UG/M3,1 Hr,Valid
Ulaanbaatar,PM2.5 - Principal,2022-03-08 04:00 AM,2022,03,08,04,87.2,167,Unhealthy,59.0,UG/M3,1 Hr,Valid
Ulaanbaatar,PM2.5 - Principal,2022-03-08 05:00 AM,2022,03,08,05,69.6,158,Unhealthy,52.0,UG/M3,1 Hr,Valid
Ulaanbaatar,PM2.5 - Principal,2022-03-08 06:00 AM,2022,03,08,06,65.3,156,Unhealthy,61.0,UG/M3,1 Hr,Valid
Ulaanbaatar,PM2.5 - Principal,2022-03-08 07:00 AM,2022,03,08,07,44.6,123,Unhealthy for Sensitive Groups,24.0,UG/M3,1 Hr,Valid
Ulaanbaatar,PM2.5 - Principal,2022-03-08 08:00 AM,2022,03,08,08,53.8,146,Unhealthy for Sensitive Groups,63.0,UG/M3,1 Hr,Valid
Ulaanbaatar,PM2.5 - Principal,2022-03-08 09:00 AM,2022,03,08,09,58.4,152,Unhealthy,63.0,UG/M3,1 Hr,Valid
Ulaanbaatar,PM2.5 - Principal,2022-03-08 10:00 AM,2022,03,08,10,90.7,169,Unhealthy,123.0,UG/M3,1 Hr,Valid
Ulaanbaatar,PM2.5 - Principal,2022-03-08 11:00 AM,2022,03,08,11,83.8,166,Unhealthy,77.0,UG/M3,1 Hr,Valid
Ulaanbaatar,PM2.5 - Principal,2022-03-08 12:00 PM,2022,03,08,12,52.9,144,Unhealthy for Sensitive Groups,22.0,UG/M3,1 Hr,Valid
Ulaanbaatar,PM2.5 - Principal,2022-03-08 01:00 PM,2022,03,08,13,34.9,99,Moderate,17.0,UG/M3,1 Hr,Valid
Ulaanbaatar,PM2.5 - Principal,2022-03-08 02:00 PM,2022,03,08,14,25.9,80,Moderate,17.0,UG/M3,1 Hr,Valid
Ulaanbaatar,PM2.5 - Principal,2022-03-08 03:00 PM,2022,03,08,15,14.9,57,Moderate,4.0,UG/M3,1 Hr,Valid
Ulaanbaatar,PM2.5 - Principal,2022-03-08 04:00 PM,2022,03,08,16,10.4,43,Good,6.0,UG/M3,1 Hr,Valid
Ulaanbaatar,PM2.5 - Principal,2022-03-08 05:00 PM,2022,03,08,17,7.7,32,Good,5.0,UG/M3,1 Hr,Valid
Ulaanbaatar,PM2.5 - Principal,2022-03-08 06:00 PM,2022,03,08,18,5.8,24,Good,4.0,UG/M3,1 Hr,Valid
Ulaanbaatar,PM2.5 - Principal,2022-03-08 07:00 PM,2022,03,08,19,5.4,23,Good,5.0,UG/M3,1 Hr,Valid
Ulaanbaatar,PM2.5 - Principal,2022-03-08 08:00 PM,2022,03,08,20,6.2,26,Good,7.0,UG/M3,1 Hr,Valid
Ulaanbaatar,PM2.5 - Principal,2022-03-08 09:00 PM,2022,03,08,21,6.0,25,Good,6.0,UG/M3,1 Hr,Valid
Ulaanbaatar,PM2.5 - Principal,2022-03-08 10:00 PM,2022,03,08,22,6.5,27,Good,7.0,UG/M3,1 Hr,Valid
Ulaanbaatar,PM2.5 - Principal,2022-03-08 11:00 PM,2022,03,08,23,13.7,54,Moderate,21.0,UG/M3,1 Hr,Valid
Ulaanbaatar,PM2.5 - Principal,2022-03-09 12:00 AM,2022,03,09,00,66.8,157,Unhealthy,120.0,UG/M3,1 Hr,Valid
Ulaanbaatar,PM2.5 - Principal,2022-03-09 01:00 AM,2022,03,09,01,87.4,167,Unhealthy,108.0,UG/M3,1 Hr,Valid
Ulaanbaatar,PM2.5 - Principal,2022-03-09 02:00 AM,2022,03,09,02,111.2,180,Unhealthy,135.0,UG/M3,1 Hr,Valid
Ulaanbaatar,PM2.5 - Principal,2022-03-09 03:00 AM,2022,03,09,03,150.6,201,Very Unhealthy,190.0,UG/M3,1 Hr,Valid
Ulaanbaatar,PM2.5 - Principal,2022-03-09 04:00 AM,2022,03,09,04,115.8,182,Unhealthy,81.0,UG/M3,1 Hr,Valid
Ulaanbaatar,PM2.5 - Principal,2022-03-09 05:00 AM,2022,03,09,05,88.9,168,Unhealthy,62.0,UG/M3,1 Hr,Valid
Ulaanbaatar,PM2.5 - Principal,2022-03-09 06:00 AM,2022,03,09,06,70.4,159,Unhealthy,52.0,UG/M3,1 Hr,Valid
Ulaanbaatar,PM2.5 - Principal,2022-03-09 07:00 AM,2022,03,09,07,48.7,134,Unhealthy for Sensitive Groups,27.0,UG/M3,1 Hr,Valid
Ulaanbaatar,PM2.5 - Principal,2022-03-09 08:00 AM,2022,03,09,08,46.3,128,Unhealthy for Sensitive Groups,44.0,UG/M3,1 Hr,Valid
Ulaanbaatar,PM2.5 - Principal,2022-03-09 09:00 AM,2022,03,09,09,66.6,157,Unhealthy,87.0,UG/M3,1 Hr,Valid
Ulaanbaatar,PM2.5 - Principal,2022-03-09 10:00 AM,2022,03,09,10,121.3,185,Unhealthy,176.0,UG/M3,1 Hr,Valid
Ulaanbaatar,PM2.5 - Principal,2022-03-09 11:00 AM,2022,03,09,11,142.2,196,Unhealthy,163.0,UG/M3,1 Hr,Valid
Ulaanbaatar,PM2.5 - Principal,2022-03-09 12:00 PM,2022,03,09,12,91.0,169,Unhealthy,40.0,UG/M3,1 Hr,Valid
Ulaanbaatar,PM2.5 - Principal,2022-03-09 01:00 PM,2022,03,09,13,57.5,152,Unhealthy,24.0,UG/M3,1 Hr,Valid
Ulaanbaatar,PM2.5 - Principal,2022-03-09 02:00 PM,2022,03,09,14,37.2,105,Unhealthy for Sensitive Groups,17.0,UG/M3,1 Hr,Valid
Ulaanbaatar,PM2.5 - Principal,2022-03-09 03:00 PM,2022,03,09,15,20.6,69,Moderate,4.0,UG/M3,1 Hr,Valid
Ulaanbaatar,PM2.5 - Principal,2022-03-09 04:00 PM,2022,03,09,16,14.2,55,Moderate,8.0,UG/M3,1 Hr,Valid
Ulaanbaatar,PM2.5 - Principal,2022-03-09 05:00 PM,2022,03,09,17,10.6,44,Good,7.0,UG/M3,1 Hr,Valid
Ulaanbaatar,PM2.5 - Principal,2022-03-09 06:00 PM,2022,03,09,18,8.3,35,Good,6.0,UG/M3,1 Hr,Valid
Ulaanbaatar,PM2.5 - Principal,2022-03-09 07:00 PM,2022,03,09,19,7.6,32,Good,7.0,UG/M3,1 Hr,Valid
Ulaanbaatar,PM2.5 - Principal,2022-03-09 08:00 PM,2022,03,09,20,15.3,58,Moderate,23.0,UG/M3,1 Hr,Valid
Ulaanbaatar,PM2.5 - Principal,2022-03-09 09:00 PM,2022,03,09,21,89.6,169,Unhealthy,164.0,UG/M3,1 Hr,Valid
Ulaanbaatar,PM2.5 - Principal,2022-03-09 10:00 PM,2022,03,09,22,93.8,171,Unhealthy,98.0,UG/M3,1 Hr,Valid
Ulaanbaatar,PM2.5 - Principal,2022-03-09 11:00 PM,2022,03,09,23,97.9,173,Unhealthy,102.0,UG/M3,1 Hr,Valid
Ulaanbaatar,PM2.5 - Principal,2022-03-10 12:00 AM,2022,03,10,00,88.9,168,Unhealthy,80.0,UG/M3,1 Hr,Valid
Ulaanbaatar,PM2.5 - Principal,2022-03-10 01:00 AM,2022,03,10,01,77.9,163,Unhealthy,67.0,UG/M3,1 Hr,Valid
Ulaanbaatar,PM2.5 - Principal,2022-03-10 02:00 AM,2022,03,10,02,69.9,158,Unhealthy,62.0,UG/M3,1 Hr,Valid
Ulaanbaatar,PM2.5 - Principal,2022-03-10 03:00 AM,2022,03,10,03,69.0,158,Unhealthy,68.0,UG/M3,1 Hr,Valid
Ulaanbaatar,PM2.5 - Principal,2022-03-10 04:00 AM,2022,03,10,04,59.0,153,Unhealthy,49.0,UG/M3,1 Hr,Valid
Ulaanbaatar,PM2.5 - Principal,2022-03-10 05:00 AM,2022,03,10,05,49.0,134,Unhealthy for Sensitive Groups,39.0,UG/M3,1 Hr,Valid
Ulaanbaatar,PM2.5 - Principal,2022-03-10 06:00 AM,2022,03,10,06,43.5,121,Unhealthy for Sensitive Groups,38.0,UG/M3,1 Hr,Valid
Ulaanbaatar,PM2.5 - Principal,2022-03-10 07:00 AM,2022,03,10,07,68.7,158,Unhealthy,94.0,UG/M3,1 Hr,Valid
Ulaanbaatar,PM2.5 - Principal,2022-03-10 08:00 AM,2022,03,10,08,61.3,154,Unhealthy,54.0,UG/M3,1 Hr,Valid
Ulaanbaatar,PM2.5 - Principal,2022-03-10 09:00 AM,2022,03,10,09,69.1,158,Unhealthy,77.0,UG/M3,1 Hr,Valid
Ulaanbaatar,PM2.5 - Principal,2022-03-10 10:00 AM,2022,03,10,10,131.6,190,Unhealthy,194.0,UG/M3,1 Hr,Valid
Ulaanbaatar,PM2.5 - Principal,2022-03-10 11:00 AM,2022,03,10,11,131.8,190,Unhealthy,132.0,UG/M3,1 Hr,Valid
Ulaanbaatar,PM2.5 - Principal,2022-03-10 12:00 PM,2022,03,10,12,84.8,166,Unhealthy,38.0,UG/M3,1 Hr,Valid
Ulaanbaatar,PM2.5 - Principal,2022-03-10 01:00 PM,2022,03,10,13,59.9,153,Unhealthy,35.0,UG/M3,1 Hr,Valid
Ulaanbaatar,PM2.5 - Principal,2022-03-10 02:00 PM,2022,03,10,14,52.4,143,Unhealthy for Sensitive Groups,45.0,UG/M3,1 Hr,Valid
Ulaanbaatar,PM2.5 - Principal,2022-03-10 03:00 PM,2022,03,10,15,30.7,90,Moderate,9.0,UG/M3,1 Hr,Valid
Ulaanbaatar,PM2.5 - Principal,2022-03-10 04:00 PM,2022,03,10,16,21.8,71,Moderate,13.0,UG/M3,1 Hr,Valid
Ulaanbaatar,PM2.5 - Principal,2022-03-10 05:00 PM,2022,03,10,17,14.9,57,Moderate,8.0,UG/M3,1 Hr,Valid
Ulaanbaatar,PM2.5 - Principal,2022-03-10 06:00 PM,2022,03,10,18,10.9,45,Good,7.0,UG/M3,1 Hr,Valid
Ulaanbaatar,PM2.5 - Principal,2022-03-10 07:00 PM,2022,03,10,19,7.4,31,Good,4.0,UG/M3,1 Hr,Valid
Ulaanbaatar,PM2.5 - Principal,2022-03-10 08:00 PM,2022,03,10,20,8.2,34,Good,9.0,UG/M3,1 Hr,Valid
Ulaanbaatar,PM2.5 - Principal,2022-03-10 09:00 PM,2022,03,10,21,42.1,117,Unhealthy for Sensitive Groups,76.0,UG/M3,1 Hr,Valid
Ulaanbaatar,PM2.5 - Principal,2022-03-10 10:00 PM,2022,03,10,22,79.0,163,Unhealthy,116.0,UG/M3,1 Hr,Valid
Ulaanbaatar,PM2.5 - Principal,2022-03-10 11:00 PM,2022,03,10,23,116.5,182,Unhealthy,154.0,UG/M3,1 Hr,Valid
Ulaanbaatar,PM2.5 - Principal,2022-03-11 12:00 AM,2022,03,11,00,108.2,178,Unhealthy,100.0,UG/M3,1 Hr,Valid
Ulaanbaatar,PM2.5 - Principal,2022-03-11 01:00 AM,2022,03,11,01,85.6,167,Unhealthy,63.0,UG/M3,1 Hr,Valid
Ulaanbaatar,PM2.5 - Principal,2022-03-11 02:00 AM,2022,03,11,02,79.8,164,Unhealthy,74.0,UG/M3,1 Hr,Valid
Ulaanbaatar,PM2.5 - Principal,2022-03-11 03:00 AM,2022,03,11,03,66.4,157,Unhealthy,53.0,UG/M3,1 Hr,Valid
Ulaanbaatar,PM2.5 - Principal,2022-03-11 04:00 AM,2022,03,11,04,53.2,145,Unhealthy for Sensitive Groups,40.0,UG/M3,1 Hr,Valid
Ulaanbaatar,PM2.5 - Principal,2022-03-11 05:00 AM,2022,03,11,05,43.1,120,Unhealthy for Sensitive Groups,33.0,UG/M3,1 Hr,Valid
Ulaanbaatar,PM2.5 - Principal,2022-03-11 06:00 AM,2022,03,11,06,32.5,94,Moderate,22.0,UG/M3,1 Hr,Valid
Ulaanbaatar,PM2.5 - Principal,2022-03-11 07:00 AM,2022,03,11,07,19.2,66,Moderate,6.0,UG/M3,1 Hr,Valid
Ulaanbaatar,PM2.5 - Principal,2022-03-11 08:00 AM,2022,03,11,08,13.1,53,Moderate,7.0,UG/M3,1 Hr,Valid
Ulaanbaatar,PM2.5 - Principal,2022-03-11 09:00 AM,2022,03,11,09,12.5,52,Moderate,12.0,UG/M3,1 Hr,Valid
Ulaanbaatar,PM2.5 - Principal,2022-03-11 10:00 AM,2022,03,11,10,12.7,52,Moderate,13.0,UG/M3,1 Hr,Valid
Ulaanbaatar,PM2.5 - Principal,2022-03-11 11:00 AM,2022,03,11,11,16.3,60,Moderate,20.0,UG/M3,1 Hr,Valid
Ulaanbaatar,PM2.5 - Principal,2022-03-11 12:00 PM,2022,03,11,12,20.6,69,Moderate,25.0,UG/M3,1 Hr,Valid
Ulaanbaatar,PM2.5 - Principal,2022-03-11 01:00 PM,2022,03,11,13,15.8,59,Moderate,11.0,UG/M3,1 Hr,Valid
Ulaanbaatar,PM2.5 - Principal,2022-03-11 02:00 PM,2022,03,11,14,10.9,45,Good,6.0,UG/M3,1 Hr,Valid
Ulaanbaatar,PM2.5 - Principal,2022-03-11 03:00 PM,2022,03,11,15,7.4,31,Good,4.0,UG/M3,1 Hr,Valid
Ulaanbaatar,PM2.5 - Principal,2022-03-11 04:00 PM,2022,03,11,16,10.2,43,Good,13.0,UG/M3,1 Hr,Valid
Ulaanbaatar,PM2.5 - Principal,2022-03-11 05:00 PM,2022,03,11,17,14.6,56,Moderate,19.0,UG/M3,1 Hr,Valid
Ulaanbaatar,PM2.5 - Principal,2022-03-11 06:00 PM,2022,03,11,18,27.3,83,Moderate,40.0,UG/M3,1 Hr,Valid
Ulaanbaatar,PM2.5 - Principal,2022-03-11 07:00 PM,2022,03,11,19,34.6,98,Moderate,42.0,UG/M3,1 Hr,Valid
Ulaanbaatar,PM2.5 - Principal,2022-03-11 08:00 PM,2022,03,11,20,38.3,108,Unhealthy for Sensitive Groups,42.0,UG/M3,1 Hr,Valid
Ulaanbaatar,PM2.5 - Principal,2022-03-11 09:00 PM,2022,03,11,21,34.6,98,Moderate,31.0,UG/M3,1 Hr,Valid
Ulaanbaatar,PM2.5 - Principal,2022-03-11 10:00 PM,2022,03,11,22,25.3,79,Moderate,16.0,UG/M3,1 Hr,Valid
Ulaanbaatar,PM2.5 - Principal,2022-03-11 11:00 PM,2022,03,11,23,23.1,74,Moderate,21.0,UG/M3,1 Hr,Valid
Ulaanbaatar,PM2.5 - Principal,2022-03-12 12:00 AM,2022,03,12,00,20.5,69,Moderate,18.0,UG/M3,1 Hr,Valid
Ulaanbaatar,PM2.5 - Principal,2022-03-12 01:00 AM,2022,03,12,01,16.7,61,Moderate,13.0,UG/M3,1 Hr,Valid
Ulaanbaatar,PM2.5 - Principal,2022-03-12 02:00 AM,2022,03,12,02,14.8,57,Moderate,13.0,UG/M3,1 Hr,Valid
Ulaanbaatar,PM2.5 - Principal,2022-03-12 03:00 AM,2022,03,12,03,10.9,45,Good,7.0,UG/M3,1 Hr,Valid
Ulaanbaatar,PM2.5 - Principal,2022-03-12 04:00 AM,2022,03,12,04,8.9,37,Good,7.0,UG/M3,1 Hr,Valid
Ulaanbaatar,PM2.5 - Principal,2022-03-12 05:00 AM,2022,03,12,05,8.9,37,Good,9.0,UG/M3,1 Hr,Valid
Ulaanbaatar,PM2.5 - Principal,2022-03-12 06:00 AM,2022,03,12,06,7.9,33,Good,7.0,UG/M3,1 Hr,Valid
Ulaanbaatar,PM2.5 - Principal,2022-03-12 07:00 AM,2022,03,12,07,7.4,31,Good,7.0,UG/M3,1 Hr,Valid
Ulaanbaatar,PM2.5 - Principal,2022-03-12 08:00 AM,2022,03,12,08,6.2,26,Good,5.0,UG/M3,1 Hr,Valid
Ulaanbaatar,PM2.5 - Principal,2022-03-12 09:00 AM,2022,03,12,09,6.6,28,Good,7.0,UG/M3,1 Hr,Valid
Ulaanbaatar,PM2.5 - Principal,2022-03-12 10:00 AM,2022,03,12,10,10.3,43,Good,14.0,UG/M3,1 Hr,Valid
Ulaanbaatar,PM2.5 - Principal,2022-03-12 11:00 AM,2022,03,12,11,14.6,56,Moderate,19.0,UG/M3,1 Hr,Valid
Ulaanbaatar,PM2.5 - Principal,2022-03-12 12:00 PM,2022,03,12,12,19.3,66,Moderate,24.0,UG/M3,1 Hr,Valid
Ulaanbaatar,PM2.5 - Principal,2022-03-12 01:00 PM,2022,03,12,13,38.6,109,Unhealthy for Sensitive Groups,58.0,UG/M3,1 Hr,Valid
Ulaanbaatar,PM2.5 - Principal,2022-03-12 02:00 PM,2022,03,12,14,30.3,89,Moderate,22.0,UG/M3,1 Hr,Valid
Ulaanbaatar,PM2.5 - Principal,2022-03-12 03:00 PM,2022,03,12,15,25.1,78,Moderate,20.0,UG/M3,1 Hr,Valid
Ulaanbaatar,PM2.5 - Principal,2022-03-12 04:00 PM,2022,03,12,16,19.0,66,Moderate,13.0,UG/M3,1 Hr,Valid
Ulaanbaatar,PM2.5 - Principal,2022-03-12 05:00 PM,2022,03,12,17,13.0,53,Moderate,7.0,UG/M3,1 Hr,Valid
Ulaanbaatar,PM2.5 - Principal,2022-03-12 06:00 PM,2022,03,12,18,10.5,44,Good,8.0,UG/M3,1 Hr,Valid
Ulaanbaatar,PM2.5 - Principal,2022-03-12 07:00 PM,2022,03,12,19,9.7,40,Good,9.0,UG/M3,1 Hr,Valid
Ulaanbaatar,PM2.5 - Principal,2022-03-12 08:00 PM,2022,03,12,20,16.3,60,Moderate,23.0,UG/M3,1 Hr,Valid
Ulaanbaatar,PM2.5 - Principal,2022-03-12 09:00 PM,2022,03,12,21,17.1,62,Moderate,18.0,UG/M3,1 Hr,Valid
Ulaanbaatar,PM2.5 - Principal,2022-03-12 10:00 PM,2022,03,12,22,20.5,69,Moderate,24.0,UG/M3,1 Hr,Valid
Ulaanbaatar,PM2.5 - Principal,2022-03-12 11:00 PM,2022,03,12,23,57.3,152,Unhealthy,94.0,UG/M3,1 Hr,Valid
Ulaanbaatar,PM2.5 - Principal,2022-03-13 12:00 AM,2022,03,13,00,84.1,166,Unhealthy,111.0,UG/M3,1 Hr,Valid
Ulaanbaatar,PM2.5 - Principal,2022-03-13 01:00 AM,2022,03,13,01,79.5,163,Unhealthy,75.0,UG/M3,1 Hr,Valid
Ulaanbaatar,PM2.5 - Principal,2022-03-13 02:00 AM,2022,03,13,02,70.2,159,Unhealthy,61.0,UG/M3,1 Hr,Valid
Ulaanbaatar,PM2.5 - Principal,2022-03-13 03:00 AM,2022,03,13,03,60.1,153,Unhealthy,50.0,UG/M3,1 Hr,Valid
Ulaanbaatar,PM2.5 - Principal,2022-03-13 04:00 AM,2022,03,13,04,41.5,116,Unhealthy for Sensitive Groups,23.0,UG/M3,1 Hr,Valid
Ulaanbaatar,PM2.5 - Principal,2022-03-13 05:00 AM,2022,03,13,05,33.2,95,Moderate,25.0,UG/M3,1 Hr,Valid
Ulaanbaatar,PM2.5 - Principal,2022-03-13 06:00 AM,2022,03,13,06,19.6,67,Moderate,6.0,UG/M3,1 Hr,Valid
Ulaanbaatar,PM2.5 - Principal,2022-03-13 07:00 AM,2022,03,13,07,13.8,55,Moderate,8.0,UG/M3,1 Hr,Valid
Ulaanbaatar,PM2.5 - Principal,2022-03-13 08:00 AM,2022,03,13,08,9.4,39,Good,5.0,UG/M3,1 Hr,Valid
Ulaanbaatar,PM2.5 - Principal,2022-03-13 09:00 AM,2022,03,13,09,7.2,30,Good,5.0,UG/M3,1 Hr,Valid
Ulaanbaatar,PM2.5 - Principal,2022-03-13 10:00 AM,2022,03,13,10,9.6,40,Good,12.0,UG/M3,1 Hr,Valid
Ulaanbaatar,PM2.5 - Principal,2022-03-13 11:00 AM,2022,03,13,11,13.7,54,Moderate,18.0,UG/M3,1 Hr,Valid
Ulaanbaatar,PM2.5 - Principal,2022-03-13 12:00 PM,2022,03,13,12,14.8,57,Moderate,16.0,UG/M3,1 Hr,Valid
Ulaanbaatar,PM2.5 - Principal,2022-03-13 01:00 PM,2022,03,13,13,15.4,58,Moderate,16.0,UG/M3,1 Hr,Valid
Ulaanbaatar,PM2.5 - Principal,2022-03-13 02:00 PM,2022,03,13,14,13.2,53,Moderate,11.0,UG/M3,1 Hr,Valid
Ulaanbaatar,PM2.5 - Principal,2022-03-13 03:00 PM,2022,03,13,15,11.6,48,Good,10.0,UG/M3,1 Hr,Valid
Ulaanbaatar,PM2.5 - Principal,2022-03-13 04:00 PM,2022,03,13,16,17.3,62,Moderate,23.0,UG/M3,1 Hr,Valid
Ulaanbaatar,PM2.5 - Principal,2022-03-13 05:00 PM,2022,03,13,17,25.1,78,Moderate,33.0,UG/M3,1 Hr,Valid
Ulaanbaatar,PM2.5 - Principal,2022-03-13 06:00 PM,2022,03,13,18,25.0,78,Moderate,25.0,UG/M3,1 Hr,Valid
Ulaanbaatar,PM2.5 - Principal,2022-03-13 07:00 PM,2022,03,13,19,18.0,63,Moderate,11.0,UG/M3,1 Hr,Valid
Ulaanbaatar,PM2.5 - Principal,2022-03-13 08:00 PM,2022,03,13,20,17.0,61,Moderate,16.0,UG/M3,1 Hr,Valid
Ulaanbaatar,PM2.5 - Principal,2022-03-13 09:00 PM,2022,03,13,21,19.0,66,Moderate,21.0,UG/M3,1 Hr,Valid
Ulaanbaatar,PM2.5 - Principal,2022-03-13 10:00 PM,2022,03,13,22,20.0,68,Moderate,21.0,UG/M3,1 Hr,Valid
Ulaanbaatar,PM2.5 - Principal,2022-03-13 11:00 PM,2022,03,13,23,19.5,67,Moderate,19.0,UG/M3,1 Hr,Valid
Ulaanbaatar,PM2.5 - Principal,2022-03-14 12:00 AM,2022,03,14,00,31.7,92,Moderate,44.0,UG/M3,1 Hr,Valid
Ulaanbaatar,PM2.5 - Principal,2022-03-14 01:00 AM,2022,03,14,01,49.3,135,Unhealthy for Sensitive Groups,67.0,UG/M3,1 Hr,Valid
Ulaanbaatar,PM2.5 - Principal,2022-03-14 02:00 AM,2022,03,14,02,64.7,156,Unhealthy,80.0,UG/M3,1 Hr,Valid
Ulaanbaatar,PM2.5 - Principal,2022-03-14 03:00 AM,2022,03,14,03,72.8,160,Unhealthy,81.0,UG/M3,1 Hr,Valid
Ulaanbaatar,PM2.5 - Principal,2022-03-14 04:00 AM,2022,03,14,04,97.9,173,Unhealthy,123.0,UG/M3,1 Hr,Valid
Ulaanbaatar,PM2.5 - Principal,2022-03-14 05:00 AM,2022,03,14,05,97.9,173,Unhealthy,98.0,UG/M3,1 Hr,Valid
Ulaanbaatar,PM2.5 - Principal,2022-03-14 06:00 AM,2022,03,14,06,82.4,165,Unhealthy,67.0,UG/M3,1 Hr,Valid
Ulaanbaatar,PM2.5 - Principal,2022-03-14 07:00 AM,2022,03,14,07,71.7,159,Unhealthy,61.0,UG/M3,1 Hr,Valid
Ulaanbaatar,PM2.5 - Principal,2022-03-14 08:00 AM,2022,03,14,08,65.3,156,Unhealthy,59.0,UG/M3,1 Hr,Valid
Ulaanbaatar,PM2.5 - Principal,2022-03-14 09:00 AM,2022,03,14,09,86.2,167,Unhealthy,107.0,UG/M3,1 Hr,Valid
Ulaanbaatar,PM2.5 - Principal,2022-03-14 10:00 AM,2022,03,14,10,143.1,196,Unhealthy,200.0,UG/M3,1 Hr,Valid
Ulaanbaatar,PM2.5 - Principal,2022-03-14 11:00 AM,2022,03,14,11,126.5,188,Unhealthy,110.0,UG/M3,1 Hr,Valid
Ulaanbaatar,PM2.5 - Principal,2022-03-14 12:00 PM,2022,03,14,12,70.7,159,Unhealthy,15.0,UG/M3,1 Hr,Valid
Ulaanbaatar,PM2.5 - Principal,2022-03-14 01:00 PM,2022,03,14,13,43.3,120,Unhealthy for Sensitive Groups,16.0,UG/M3,1 Hr,Valid
Ulaanbaatar,PM2.5 - Principal,2022-03-14 02:00 PM,2022,03,14,14,29.6,88,Moderate,16.0,UG/M3,1 Hr,Valid
Ulaanbaatar,PM2.5 - Principal,2022-03-14 03:00 PM,2022,03,14,15,17.8,63,Moderate,6.0,UG/M3,1 Hr,Valid
Ulaanbaatar,PM2.5 - Principal,2022-03-14 04:00 PM,2022,03,14,16,11.4,48,Good,5.0,UG/M3,1 Hr,Valid
Ulaanbaatar,PM2.5 - Principal,2022-03-14 05:00 PM,2022,03,14,17,7.1,30,Good,3.0,UG/M3,1 Hr,Valid
Ulaanbaatar,PM2.5 - Principal,2022-03-14 06:00 PM,2022,03,14,18,7.0,29,Good,7.0,UG/M3,1 Hr,Valid
Ulaanbaatar,PM2.5 - Principal,2022-03-14 07:00 PM,2022,03,14,19,8.5,35,Good,10.0,UG/M3,1 Hr,Valid
Ulaanbaatar,PM2.5 - Principal,2022-03-14 08:00 PM,2022,03,14,20,13.7,54,Moderate,19.0,UG/M3,1 Hr,Valid
Ulaanbaatar,PM2.5 - Principal,2022-03-14 09:00 PM,2022,03,14,21,16.3,60,Moderate,19.0,UG/M3,1 Hr,Valid
Ulaanbaatar,PM2.5 - Principal,2022-03-14 10:00 PM,2022,03,14,22,20.1,68,Moderate,24.0,UG/M3,1 Hr,Valid
Ulaanbaatar,PM2.5 - Principal,2022-03-14 11:00 PM,2022,03,14,23,19.5,67,Moderate,19.0,UG/M3,1 Hr,Valid
Ulaanbaatar,PM2.5 - Principal,2022-03-15 12:00 AM,2022,03,15,00,17.7,63,Moderate,16.0,UG/M3,1 Hr,Valid
Ulaanbaatar,PM2.5 - Principal,2022-03-15 01:00 AM,2022,03,15,01,34.3,98,Moderate,51.0,UG/M3,1 Hr,Valid
Ulaanbaatar,PM2.5 - Principal,2022-03-15 02:00 AM,2022,03,15,02,23.6,75,Moderate,13.0,UG/M3,1 Hr,Valid
Ulaanbaatar,PM2.5 - Principal,2022-03-15 03:00 AM,2022,03,15,03,17.8,63,Moderate,12.0,UG/M3,1 Hr,Valid
Ulaanbaatar,PM2.5 - Principal,2022-03-15 04:00 AM,2022,03,15,04,13.4,54,Moderate,9.0,UG/M3,1 Hr,Valid
Ulaanbaatar,PM2.5 - Principal,2022-03-15 05:00 AM,2022,03,15,05,11.2,47,Good,9.0,UG/M3,1 Hr,Valid
Ulaanbaatar,PM2.5 - Principal,2022-03-15 06:00 AM,2022,03,15,06,9.1,38,Good,7.0,UG/M3,1 Hr,Valid
Ulaanbaatar,PM2.5 - Principal,2022-03-15 07:00 AM,2022,03,15,07,7.0,29,Good,5.0,UG/M3,1 Hr,Valid
Ulaanbaatar,PM2.5 - Principal,2022-03-15 08:00 AM,2022,03,15,08,7.5,31,Good,8.0,UG/M3,1 Hr,Valid
Ulaanbaatar,PM2.5 - Principal,2022-03-15 09:00 AM,2022,03,15,09,14.2,55,Moderate,21.0,UG/M3,1 Hr,Valid
Ulaanbaatar,PM2.5 - Principal,2022-03-15 10:00 AM,2022,03,15,10,16.6,60,Moderate,19.0,UG/M3,1 Hr,Valid
Ulaanbaatar,PM2.5 - Principal,2022-03-15 11:00 AM,2022,03,15,11,16.8,61,Moderate,17.0,UG/M3,1 Hr,Valid
Ulaanbaatar,PM2.5 - Principal,2022-03-15 12:00 PM,2022,03,15,12,14.4,56,Moderate,12.0,UG/M3,1 Hr,Valid
Ulaanbaatar,PM2.5 - Principal,2022-03-15 01:00 PM,2022,03,15,13,13.6,54,Moderate,13.0,UG/M3,1 Hr,Valid
Ulaanbaatar,PM2.5 - Principal,2022-03-15 02:00 PM,2022,03,15,14,11.8,49,Good,10.0,UG/M3,1 Hr,Valid
Ulaanbaatar,PM2.5 - Principal,2022-03-15 03:00 PM,2022,03,15,15,9.4,39,Good,7.0,UG/M3,1 Hr,Valid
Ulaanbaatar,PM2.5 - Principal,2022-03-15 04:00 PM,2022,03,15,16,8.7,36,Good,8.0,UG/M3,1 Hr,Valid
Ulaanbaatar,PM2.5 - Principal,2022-03-15 05:00 PM,2022,03,15,17,8.8,37,Good,9.0,UG/M3,1 Hr,Valid
Ulaanbaatar,PM2.5 - Principal,2022-03-15 06:00 PM,2022,03,15,18,9.9,41,Good,11.0,UG/M3,1 Hr,Valid
Ulaanbaatar,PM2.5 - Principal,2022-03-15 07:00 PM,2022,03,15,19,9.9,41,Good,10.0,UG/M3,1 Hr,Valid
Ulaanbaatar,PM2.5 - Principal,2022-03-15 08:00 PM,2022,03,15,20,10.9,45,Good,12.0,UG/M3,1 Hr,Valid
Ulaanbaatar,PM2.5 - Principal,2022-03-15 09:00 PM,2022,03,15,21,11.4,48,Good,12.0,UG/M3,1 Hr,Valid
Ulaanbaatar,PM2.5 - Principal,2022-03-15 10:00 PM,2022,03,15,22,12.2,51,Moderate,13.0,UG/M3,1 Hr,Valid
Ulaanbaatar,PM2.5 - Principal,2022-03-15 11:00 PM,2022,03,15,23,14.1,55,Moderate,16.0,UG/M3,1 Hr,Valid
Ulaanbaatar,PM2.5 - Principal,2022-03-16 12:00 AM,2022,03,16,00,15.5,58,Moderate,17.0,UG/M3,1 Hr,Valid
Ulaanbaatar,PM2.5 - Principal,2022-03-16 01:00 AM,2022,03,16,01,18.2,64,Moderate,21.0,UG/M3,1 Hr,Valid
Ulaanbaatar,PM2.5 - Principal,2022-03-16 02:00 AM,2022,03,16,02,16.1,59,Moderate,14.0,UG/M3,1 Hr,Valid
Ulaanbaatar,PM2.5 - Principal,2022-03-16 03:00 AM,2022,03,16,03,17.0,61,Moderate,18.0,UG/M3,1 Hr,Valid
Ulaanbaatar,PM2.5 - Principal,2022-03-16 04:00 AM,2022,03,16,04,18.0,63,Moderate,19.0,UG/M3,1 Hr,Valid
Ulaanbaatar,PM2.5 - Principal,2022-03-16 05:00 AM,2022,03,16,05,20.5,69,Moderate,23.0,UG/M3,1 Hr,Valid
Ulaanbaatar,PM2.5 - Principal,2022-03-16 06:00 AM,2022,03,16,06,18.7,65,Moderate,17.0,UG/M3,1 Hr,Valid
Ulaanbaatar,PM2.5 - Principal,2022-03-16 07:00 AM,2022,03,16,07,16.9,61,Moderate,15.0,UG/M3,1 Hr,Valid
Ulaanbaatar,PM2.5 - Principal,2022-03-16 08:00 AM,2022,03,16,08,23.4,75,Moderate,30.0,UG/M3,1 Hr,Valid
Ulaanbaatar,PM2.5 - Principal,2022-03-16 09:00 AM,2022,03,16,09,47.2,130,Unhealthy for Sensitive Groups,71.0,UG/M3,1 Hr,Valid
Ulaanbaatar,PM2.5 - Principal,2022-03-16 10:00 AM,2022,03,16,10,67.1,157,Unhealthy,87.0,UG/M3,1 Hr,Valid
Ulaanbaatar,PM2.5 - Principal,2022-03-16 11:00 AM,2022,03,16,11,64.5,156,Unhealthy,62.0,UG/M3,1 Hr,Valid
Ulaanbaatar,PM2.5 - Principal,2022-03-16 12:00 PM,2022,03,16,12,48.2,132,Unhealthy for Sensitive Groups,32.0,UG/M3,1 Hr,Valid
Ulaanbaatar,PM2.5 - Principal,2022-03-16 01:00 PM,2022,03,16,13,48.2,132,Unhealthy for Sensitive Groups,0.0,UG/M3,1 Hr,Invalid
Ulaanbaatar,PM2.5 - Principal,2022-03-16 02:00 PM,2022,03,16,14,-999.0,-999,N/A,0.0,UG/M3,1 Hr,Invalid
Ulaanbaatar,PM2.5 - Principal,2022-03-16 03:00 PM,2022,03,16,15,-999.0,-999,N/A,26.0,UG/M3,1 Hr,Valid
Ulaanbaatar,PM2.5 - Principal,2022-03-16 04:00 PM,2022,03,16,16,17.8,63,Moderate,10.0,UG/M3,1 Hr,Valid
Ulaanbaatar,PM2.5 - Principal,2022-03-16 05:00 PM,2022,03,16,17,12.9,53,Moderate,9.0,UG/M3,1 Hr,Valid
Ulaanbaatar,PM2.5 - Principal,2022-03-16 06:00 PM,2022,03,16,18,12.9,53,Moderate,13.0,UG/M3,1 Hr,Valid
Ulaanbaatar,PM2.5 - Principal,2022-03-16 07:00 PM,2022,03,16,19,10.4,43,Good,8.0,UG/M3,1 Hr,Valid
Ulaanbaatar,PM2.5 - Principal,2022-03-16 08:00 PM,2022,03,16,20,9.1,38,Good,8.0,UG/M3,1 Hr,Valid
Ulaanbaatar,PM2.5 - Principal,2022-03-16 09:00 PM,2022,03,16,21,15.6,58,Moderate,22.0,UG/M3,1 Hr,Valid
Ulaanbaatar,PM2.5 - Principal,2022-03-16 10:00 PM,2022,03,16,22,11.2,47,Good,7.0,UG/M3,1 Hr,Valid
Ulaanbaatar,PM2.5 - Principal,2022-03-16 11:00 PM,2022,03,16,23,68.2,158,Unhealthy,125.0,UG/M3,1 Hr,Valid
Ulaanbaatar,PM2.5 - Principal,2022-03-17 12:00 AM,2022,03,17,00,68.1,158,Unhealthy,68.0,UG/M3,1 Hr,Valid
Ulaanbaatar,PM2.5 - Principal,2022-03-17 01:00 AM,2022,03,17,01,105.5,177,Unhealthy,143.0,UG/M3,1 Hr,Valid
Ulaanbaatar,PM2.5 - Principal,2022-03-17 02:00 AM,2022,03,17,02,112.2,180,Unhealthy,119.0,UG/M3,1 Hr,Valid
Ulaanbaatar,PM2.5 - Principal,2022-03-17 03:00 AM,2022,03,17,03,121.6,185,Unhealthy,131.0,UG/M3,1 Hr,Valid
Ulaanbaatar,PM2.5 - Principal,2022-03-17 04:00 AM,2022,03,17,04,84.8,166,Unhealthy,48.0,UG/M3,1 Hr,Valid
Ulaanbaatar,PM2.5 - Principal,2022-03-17 05:00 AM,2022,03,17,05,62.9,155,Unhealthy,41.0,UG/M3,1 Hr,Valid
Ulaanbaatar,PM2.5 - Principal,2022-03-17 06:00 AM,2022,03,17,06,36.4,103,Unhealthy for Sensitive Groups,10.0,UG/M3,1 Hr,Valid
Ulaanbaatar,PM2.5 - Principal,2022-03-17 07:00 AM,2022,03,17,07,22.2,72,Moderate,8.0,UG/M3,1 Hr,Valid
Ulaanbaatar,PM2.5 - Principal,2022-03-17 08:00 AM,2022,03,17,08,15.6,58,Moderate,9.0,UG/M3,1 Hr,Valid
Ulaanbaatar,PM2.5 - Principal,2022-03-17 09:00 AM,2022,03,17,09,17.8,63,Moderate,20.0,UG/M3,1 Hr,Valid
Ulaanbaatar,PM2.5 - Principal,2022-03-17 10:00 AM,2022,03,17,10,18.4,64,Moderate,19.0,UG/M3,1 Hr,Valid
Ulaanbaatar,PM2.5 - Principal,2022-03-17 11:00 AM,2022,03,17,11,18.6,65,Moderate,19.0,UG/M3,1 Hr,Valid
Ulaanbaatar,PM2.5 - Principal,2022-03-17 12:00 PM,2022,03,17,12,17.8,63,Moderate,17.0,UG/M3,1 Hr,Valid
Ulaanbaatar,PM2.5 - Principal,2022-03-17 01:00 PM,2022,03,17,13,12.9,53,Moderate,8.0,UG/M3,1 Hr,Valid
Ulaanbaatar,PM2.5 - Principal,2022-03-17 02:00 PM,2022,03,17,14,10.9,45,Good,9.0,UG/M3,1 Hr,Valid
Ulaanbaatar,PM2.5 - Principal,2022-03-17 03:00 PM,2022,03,17,15,9.4,39,Good,8.0,UG/M3,1 Hr,Valid
Ulaanbaatar,PM2.5 - Principal,2022-03-17 04:00 PM,2022,03,17,16,7.7,32,Good,6.0,UG/M3,1 Hr,Valid
Ulaanbaatar,PM2.5 - Principal,2022-03-17 05:00 PM,2022,03,17,17,7.3,30,Good,7.0,UG/M3,1 Hr,Valid
Ulaanbaatar,PM2.5 - Principal,2022-03-17 06:00 PM,2022,03,17,18,11.1,46,Good,15.0,UG/M3,1 Hr,Valid
Ulaanbaatar,PM2.5 - Principal,2022-03-17 07:00 PM,2022,03,17,19,22.0,72,Moderate,33.0,UG/M3,1 Hr,Valid
Ulaanbaatar,PM2.5 - Principal,2022-03-17 08:00 PM,2022,03,17,20,26.5,81,Moderate,31.0,UG/M3,1 Hr,Valid
Ulaanbaatar,PM2.5 - Principal,2022-03-17 09:00 PM,2022,03,17,21,29.7,88,Moderate,33.0,UG/M3,1 Hr,Valid
Ulaanbaatar,PM2.5 - Principal,2022-03-17 10:00 PM,2022,03,17,22,30.3,89,Moderate,31.0,UG/M3,1 Hr,Valid
Ulaanbaatar,PM2.5 - Principal,2022-03-17 11:00 PM,2022,03,17,23,28.1,85,Moderate,26.0,UG/M3,1 Hr,Valid
Ulaanbaatar,PM2.5 - Principal,2022-03-18 12:00 AM,2022,03,18,00,28.5,85,Moderate,29.0,UG/M3,1 Hr,Valid
Ulaanbaatar,PM2.5 - Principal,2022-03-18 01:00 AM,2022,03,18,01,33.8,97,Moderate,39.0,UG/M3,1 Hr,Valid
Ulaanbaatar,PM2.5 - Principal,2022-03-18 02:00 AM,2022,03,18,02,40.9,114,Unhealthy for Sensitive Groups,48.0,UG/M3,1 Hr,Valid
Ulaanbaatar,PM2.5 - Principal,2022-03-18 03:00 AM,2022,03,18,03,27.9,84,Moderate,15.0,UG/M3,1 Hr,Valid
Ulaanbaatar,PM2.5 - Principal,2022-03-18 04:00 AM,2022,03,18,04,20.9,70,Moderate,14.0,UG/M3,1 Hr,Valid
Ulaanbaatar,PM2.5 - Principal,2022-03-18 05:00 AM,2022,03,18,05,16.9,61,Moderate,13.0,UG/M3,1 Hr,Valid
Ulaanbaatar,PM2.5 - Principal,2022-03-18 06:00 AM,2022,03,18,06,14.4,56,Moderate,12.0,UG/M3,1 Hr,Valid
Ulaanbaatar,PM2.5 - Principal,2022-03-18 07:00 AM,2022,03,18,07,12.2,51,Moderate,10.0,UG/M3,1 Hr,Valid
Ulaanbaatar,PM2.5 - Principal,2022-03-18 08:00 AM,2022,03,18,08,11.1,46,Good,10.0,UG/M3,1 Hr,Valid
Ulaanbaatar,PM2.5 - Principal,2022-03-18 09:00 AM,2022,03,18,09,21.0,70,Moderate,31.0,UG/M3,1 Hr,Valid
Ulaanbaatar,PM2.5 - Principal,2022-03-18 10:00 AM,2022,03,18,10,24.5,77,Moderate,28.0,UG/M3,1 Hr,Valid
Ulaanbaatar,PM2.5 - Principal,2022-03-18 11:00 AM,2022,03,18,11,21.2,70,Moderate,18.0,UG/M3,1 Hr,Valid
Ulaanbaatar,PM2.5 - Principal,2022-03-18 12:00 PM,2022,03,18,12,14.6,56,Moderate,8.0,UG/M3,1 Hr,Valid
Ulaanbaatar,PM2.5 - Principal,2022-03-18 01:00 PM,2022,03,18,13,15.8,59,Moderate,17.0,UG/M3,1 Hr,Valid
Ulaanbaatar,PM2.5 - Principal,2022-03-18 02:00 PM,2022,03,18,14,10.9,45,Good,6.0,UG/M3,1 Hr,Valid
Ulaanbaatar,PM2.5 - Principal,2022-03-18 03:00 PM,2022,03,18,15,7.4,31,Good,4.0,UG/M3,1 Hr,Valid
Ulaanbaatar,PM2.5 - Principal,2022-03-18 04:00 PM,2022,03,18,16,5.7,24,Good,4.0,UG/M3,1 Hr,Valid
Ulaanbaatar,PM2.5 - Principal,2022-03-18 05:00 PM,2022,03,18,17,5.8,24,Good,6.0,UG/M3,1 Hr,Valid
Ulaanbaatar,PM2.5 - Principal,2022-03-18 06:00 PM,2022,03,18,18,7.4,31,Good,9.0,UG/M3,1 Hr,Valid
Ulaanbaatar,PM2.5 - Principal,2022-03-18 07:00 PM,2022,03,18,19,6.7,28,Good,6.0,UG/M3,1 Hr,Valid
Ulaanbaatar,PM2.5 - Principal,2022-03-18 08:00 PM,2022,03,18,20,6.3,26,Good,6.0,UG/M3,1 Hr,Valid
Ulaanbaatar,PM2.5 - Principal,2022-03-18 09:00 PM,2022,03,18,21,32.1,93,Moderate,58.0,UG/M3,1 Hr,Valid
Ulaanbaatar,PM2.5 - Principal,2022-03-18 10:00 PM,2022,03,18,22,46.0,127,Unhealthy for Sensitive Groups,60.0,UG/M3,1 Hr,Valid
Ulaanbaatar,PM2.5 - Principal,2022-03-18 11:00 PM,2022,03,18,23,53.5,145,Unhealthy for Sensitive Groups,61.0,UG/M3,1 Hr,Valid
Ulaanbaatar,PM2.5 - Principal,2022-03-19 12:00 AM,2022,03,19,00,56.2,151,Unhealthy,59.0,UG/M3,1 Hr,Valid
Ulaanbaatar,PM2.5 - Principal,2022-03-19 01:00 AM,2022,03,19,01,54.1,147,Unhealthy for Sensitive Groups,52.0,UG/M3,1 Hr,Valid
Ulaanbaatar,PM2.5 - Principal,2022-03-19 02:00 AM,2022,03,19,02,53.5,145,Unhealthy for Sensitive Groups,53.0,UG/M3,1 Hr,Valid
Ulaanbaatar,PM2.5 - Principal,2022-03-19 03:00 AM,2022,03,19,03,51.2,140,Unhealthy for Sensitive Groups,49.0,UG/M3,1 Hr,Valid
Ulaanbaatar,PM2.5 - Principal,2022-03-19 04:00 AM,2022,03,19,04,48.1,132,Unhealthy for Sensitive Groups,45.0,UG/M3,1 Hr,Valid
Ulaanbaatar,PM2.5 - Principal,2022-03-19 05:00 AM,2022,03,19,05,45.5,126,Unhealthy for Sensitive Groups,43.0,UG/M3,1 Hr,Valid
Ulaanbaatar,PM2.5 - Principal,2022-03-19 06:00 AM,2022,03,19,06,36.2,103,Unhealthy for Sensitive Groups,27.0,UG/M3,1 Hr,Valid
Ulaanbaatar,PM2.5 - Principal,2022-03-19 07:00 AM,2022,03,19,07,24.1,76,Moderate,12.0,UG/M3,1 Hr,Valid
Ulaanbaatar,PM2.5 - Principal,2022-03-19 08:00 AM,2022,03,19,08,19.0,66,Moderate,14.0,UG/M3,1 Hr,Valid
Ulaanbaatar,PM2.5 - Principal,2022-03-19 09:00 AM,2022,03,19,09,17.5,62,Moderate,16.0,UG/M3,1 Hr,Valid
Ulaanbaatar,PM2.5 - Principal,2022-03-19 10:00 AM,2022,03,19,10,21.2,70,Moderate,25.0,UG/M3,1 Hr,Valid
Ulaanbaatar,PM2.5 - Principal,2022-03-19 11:00 AM,2022,03,19,11,25.1,78,Moderate,29.0,UG/M3,1 Hr,Valid
Ulaanbaatar,PM2.5 - Principal,2022-03-19 12:00 PM,2022,03,19,12,26.5,81,Moderate,28.0,UG/M3,1 Hr,Valid
Ulaanbaatar,PM2.5 - Principal,2022-03-19 01:00 PM,2022,03,19,13,25.2,79,Moderate,24.0,UG/M3,1 Hr,Valid
Ulaanbaatar,PM2.5 - Principal,2022-03-19 02:00 PM,2022,03,19,14,22.1,72,Moderate,19.0,UG/M3,1 Hr,Valid
Ulaanbaatar,PM2.5 - Principal,2022-03-19 03:00 PM,2022,03,19,15,21.5,71,Moderate,21.0,UG/M3,1 Hr,Valid
Ulaanbaatar,PM2.5 - Principal,2022-03-19 04:00 PM,2022,03,19,16,20.7,69,Moderate,20.0,UG/M3,1 Hr,Valid
Ulaanbaatar,PM2.5 - Principal,2022-03-19 05:00 PM,2022,03,19,17,16.3,60,Moderate,12.0,UG/M3,1 Hr,Valid
Ulaanbaatar,PM2.5 - Principal,2022-03-19 06:00 PM,2022,03,19,18,14.1,55,Moderate,12.0,UG/M3,1 Hr,Valid
Ulaanbaatar,PM2.5 - Principal,2022-03-19 07:00 PM,2022,03,19,19,11.5,48,Good,9.0,UG/M3,1 Hr,Valid
Ulaanbaatar,PM2.5 - Principal,2022-03-19 08:00 PM,2022,03,19,20,11.7,49,Good,12.0,UG/M3,1 Hr,Valid
Ulaanbaatar,PM2.5 - Principal,2022-03-19 09:00 PM,2022,03,19,21,13.8,55,Moderate,16.0,UG/M3,1 Hr,Valid
Ulaanbaatar,PM2.5 - Principal,2022-03-19 10:00 PM,2022,03,19,22,14.4,56,Moderate,15.0,UG/M3,1 Hr,Valid
Ulaanbaatar,PM2.5 - Principal,2022-03-19 11:00 PM,2022,03,19,23,17.2,62,Moderate,20.0,UG/M3,1 Hr,Valid
Ulaanbaatar,PM2.5 - Principal,2022-03-20 12:00 AM,2022,03,20,00,19.6,67,Moderate,22.0,UG/M3,1 Hr,Valid
Ulaanbaatar,PM2.5 - Principal,2022-03-20 01:00 AM,2022,03,20,01,18.8,65,Moderate,18.0,UG/M3,1 Hr,Valid
Ulaanbaatar,PM2.5 - Principal,2022-03-20 02:00 AM,2022,03,20,02,46.9,129,Unhealthy for Sensitive Groups,75.0,UG/M3,1 Hr,Valid
Ulaanbaatar,PM2.5 - Principal,2022-03-20 03:00 AM,2022,03,20,03,55.9,151,Unhealthy,65.0,UG/M3,1 Hr,Valid
Ulaanbaatar,PM2.5 - Principal,2022-03-20 04:00 AM,2022,03,20,04,55.9,151,Unhealthy,56.0,UG/M3,1 Hr,Valid
Ulaanbaatar,PM2.5 - Principal,2022-03-20 05:00 AM,2022,03,20,05,53.4,145,Unhealthy for Sensitive Groups,51.0,UG/M3,1 Hr,Valid
Ulaanbaatar,PM2.5 - Principal,2022-03-20 06:00 AM,2022,03,20,06,39.2,110,Unhealthy for Sensitive Groups,25.0,UG/M3,1 Hr,Valid
Ulaanbaatar,PM2.5 - Principal,2022-03-20 07:00 AM,2022,03,20,07,29.1,87,Moderate,19.0,UG/M3,1 Hr,Valid
Ulaanbaatar,PM2.5 - Principal,2022-03-20 08:00 AM,2022,03,20,08,29.0,87,Moderate,29.0,UG/M3,1 Hr,Valid
Ulaanbaatar,PM2.5 - Principal,2022-03-20 09:00 AM,2022,03,20,09,34.0,97,Moderate,39.0,UG/M3,1 Hr,Valid
Ulaanbaatar,PM2.5 - Principal,2022-03-20 10:00 AM,2022,03,20,10,54.0,147,Unhealthy for Sensitive Groups,74.0,UG/M3,1 Hr,Valid
Ulaanbaatar,PM2.5 - Principal,2022-03-20 11:00 AM,2022,03,20,11,59.5,153,Unhealthy,65.0,UG/M3,1 Hr,Valid
Ulaanbaatar,PM2.5 - Principal,2022-03-20 12:00 PM,2022,03,20,12,48.2,132,Unhealthy for Sensitive Groups,37.0,UG/M3,1 Hr,Valid
Ulaanbaatar,PM2.5 - Principal,2022-03-20 01:00 PM,2022,03,20,13,31.1,91,Moderate,14.0,UG/M3,1 Hr,Valid
Ulaanbaatar,PM2.5 - Principal,2022-03-20 02:00 PM,2022,03,20,14,20.5,69,Moderate,10.0,UG/M3,1 Hr,Valid
Ulaanbaatar,PM2.5 - Principal,2022-03-20 03:00 PM,2022,03,20,15,14.7,56,Moderate,9.0,UG/M3,1 Hr,Valid
Ulaanbaatar,PM2.5 - Principal,2022-03-20 04:00 PM,2022,03,20,16,10.3,43,Good,6.0,UG/M3,1 Hr,Valid
Ulaanbaatar,PM2.5 - Principal,2022-03-20 05:00 PM,2022,03,20,17,7.6,32,Good,5.0,UG/M3,1 Hr,Valid
Ulaanbaatar,PM2.5 - Principal,2022-03-20 06:00 PM,2022,03,20,18,6.8,28,Good,6.0,UG/M3,1 Hr,Valid
Ulaanbaatar,PM2.5 - Principal,2022-03-20 07:00 PM,2022,03,20,19,8.9,37,Good,11.0,UG/M3,1 Hr,Valid
Ulaanbaatar,PM2.5 - Principal,2022-03-20 08:00 PM,2022,03,20,20,11.9,50,Good,15.0,UG/M3,1 Hr,Valid
Ulaanbaatar,PM2.5 - Principal,2022-03-20 09:00 PM,2022,03,20,21,21.4,71,Moderate,31.0,UG/M3,1 Hr,Valid
Ulaanbaatar,PM2.5 - Principal,2022-03-20 10:00 PM,2022,03,20,22,34.7,99,Moderate,48.0,UG/M3,1 Hr,Valid
Ulaanbaatar,PM2.5 - Principal,2022-03-20 11:00 PM,2022,03,20,23,57.3,152,Unhealthy,80.0,UG/M3,1 Hr,Valid
Ulaanbaatar,PM2.5 - Principal,2022-03-21 12:00 AM,2022,03,21,00,56.6,152,Unhealthy,56.0,UG/M3,1 Hr,Valid
Ulaanbaatar,PM2.5 - Principal,2022-03-21 01:00 AM,2022,03,21,01,64.3,156,Unhealthy,72.0,UG/M3,1 Hr,Valid
Ulaanbaatar,PM2.5 - Principal,2022-03-21 02:00 AM,2022,03,21,02,65.1,156,Unhealthy,66.0,UG/M3,1 Hr,Valid
Ulaanbaatar,PM2.5 - Principal,2022-03-21 03:00 AM,2022,03,21,03,64.5,156,Unhealthy,64.0,UG/M3,1 Hr,Valid
Ulaanbaatar,PM2.5 - Principal,2022-03-21 04:00 AM,2022,03,21,04,47.8,131,Unhealthy for Sensitive Groups,31.0,UG/M3,1 Hr,Valid
Ulaanbaatar,PM2.5 - Principal,2022-03-21 05:00 AM,2022,03,21,05,35.9,102,Unhealthy for Sensitive Groups,24.0,UG/M3,1 Hr,Valid
Ulaanbaatar,PM2.5 - Principal,2022-03-21 06:00 AM,2022,03,21,06,26.4,81,Moderate,17.0,UG/M3,1 Hr,Valid
Ulaanbaatar,PM2.5 - Principal,2022-03-21 07:00 AM,2022,03,21,07,28.7,86,Moderate,31.0,UG/M3,1 Hr,Valid
Ulaanbaatar,PM2.5 - Principal,2022-03-21 08:00 AM,2022,03,21,08,32.3,93,Moderate,36.0,UG/M3,1 Hr,Valid
Ulaanbaatar,PM2.5 - Principal,2022-03-21 09:00 AM,2022,03,21,09,69.1,158,Unhealthy,106.0,UG/M3,1 Hr,Valid
Ulaanbaatar,PM2.5 - Principal,2022-03-21 10:00 AM,2022,03,21,10,110.1,179,Unhealthy,151.0,UG/M3,1 Hr,Valid
Ulaanbaatar,PM2.5 - Principal,2022-03-21 11:00 AM,2022,03,21,11,86.5,167,Unhealthy,63.0,UG/M3,1 Hr,Valid
Ulaanbaatar,PM2.5 - Principal,2022-03-21 12:00 PM,2022,03,21,12,67.2,157,Unhealthy,48.0,UG/M3,1 Hr,Valid
Ulaanbaatar,PM2.5 - Principal,2022-03-21 01:00 PM,2022,03,21,13,52.1,142,Unhealthy for Sensitive Groups,37.0,UG/M3,1 Hr,Valid
Ulaanbaatar,PM2.5 - Principal,2022-03-21 02:00 PM,2022,03,21,14,32.5,94,Moderate,13.0,UG/M3,1 Hr,Valid
Ulaanbaatar,PM2.5 - Principal,2022-03-21 03:00 PM,2022,03,21,15,21.2,70,Moderate,10.0,UG/M3,1 Hr,Valid
Ulaanbaatar,PM2.5 - Principal,2022-03-21 04:00 PM,2022,03,21,16,14.1,55,Moderate,7.0,UG/M3,1 Hr,Valid
Ulaanbaatar,PM2.5 - Principal,2022-03-21 05:00 PM,2022,03,21,17,12.0,50,Good,10.0,UG/M3,1 Hr,Valid
Ulaanbaatar,PM2.5 - Principal,2022-03-21 06:00 PM,2022,03,21,18,9.0,38,Good,6.0,UG/M3,1 Hr,Valid
Ulaanbaatar,PM2.5 - Principal,2022-03-21 07:00 PM,2022,03,21,19,11.0,46,Good,13.0,UG/M3,1 Hr,Valid
Ulaanbaatar,PM2.5 - Principal,2022-03-21 08:00 PM,2022,03,21,20,9.5,40,Good,8.0,UG/M3,1 Hr,Valid
Ulaanbaatar,PM2.5 - Principal,2022-03-21 09:00 PM,2022,03,21,21,7.7,32,Good,6.0,UG/M3,1 Hr,Valid
Ulaanbaatar,PM2.5 - Principal,2022-03-21 10:00 PM,2022,03,21,22,14.8,57,Moderate,22.0,UG/M3,1 Hr,Valid
Ulaanbaatar,PM2.5 - Principal,2022-03-21 11:00 PM,2022,03,21,23,58.4,152,Unhealthy,102.0,UG/M3,1 Hr,Valid
Ulaanbaatar,PM2.5 - Principal,2022-03-22 12:00 AM,2022,03,22,00,70.2,159,Unhealthy,82.0,UG/M3,1 Hr,Valid
Ulaanbaatar,PM2.5 - Principal,2022-03-22 01:00 AM,2022,03,22,01,81.1,164,Unhealthy,92.0,UG/M3,1 Hr,Valid
Ulaanbaatar,PM2.5 - Principal,2022-03-22 02:00 AM,2022,03,22,02,92.5,170,Unhealthy,104.0,UG/M3,1 Hr,Valid
Ulaanbaatar,PM2.5 - Principal,2022-03-22 03:00 AM,2022,03,22,03,110.7,180,Unhealthy,129.0,UG/M3,1 Hr,Valid
Ulaanbaatar,PM2.5 - Principal,2022-03-22 04:00 AM,2022,03,22,04,100.9,174,Unhealthy,91.0,UG/M3,1 Hr,Valid
Ulaanbaatar,PM2.5 - Principal,2022-03-22 05:00 AM,2022,03,22,05,88.4,168,Unhealthy,76.0,UG/M3,1 Hr,Valid
Ulaanbaatar,PM2.5 - Principal,2022-03-22 06:00 AM,2022,03,22,06,66.2,157,Unhealthy,44.0,UG/M3,1 Hr,Valid
Ulaanbaatar,PM2.5 - Principal,2022-03-22 07:00 AM,2022,03,22,07,60.1,153,Unhealthy,54.0,UG/M3,1 Hr,Valid
Ulaanbaatar,PM2.5 - Principal,2022-03-22 08:00 AM,2022,03,22,08,62.5,155,Unhealthy,65.0,UG/M3,1 Hr,Valid
Ulaanbaatar,PM2.5 - Principal,2022-03-22 09:00 AM,2022,03,22,09,87.7,168,Unhealthy,113.0,UG/M3,1 Hr,Valid
Ulaanbaatar,PM2.5 - Principal,2022-03-22 10:00 AM,2022,03,22,10,118.9,184,Unhealthy,150.0,UG/M3,1 Hr,Valid
Ulaanbaatar,PM2.5 - Principal,2022-03-22 11:00 AM,2022,03,22,11,77.4,162,Unhealthy,36.0,UG/M3,1 Hr,Valid
Ulaanbaatar,PM2.5 - Principal,2022-03-22 12:00 PM,2022,03,22,12,46.2,127,Unhealthy for Sensitive Groups,15.0,UG/M3,1 Hr,Valid
Ulaanbaatar,PM2.5 - Principal,2022-03-22 01:00 PM,2022,03,22,13,30.0,89,Moderate,14.0,UG/M3,1 Hr,Valid
Ulaanbaatar,PM2.5 - Principal,2022-03-22 02:00 PM,2022,03,22,14,32.0,93,Moderate,34.0,UG/M3,1 Hr,Valid
Ulaanbaatar,PM2.5 - Principal,2022-03-22 03:00 PM,2022,03,22,15,19.5,67,Moderate,7.0,UG/M3,1 Hr,Valid
Ulaanbaatar,PM2.5 - Principal,2022-03-22 04:00 PM,2022,03,22,16,13.7,54,Moderate,8.0,UG/M3,1 Hr,Valid
Ulaanbaatar,PM2.5 - Principal,2022-03-22 05:00 PM,2022,03,22,17,9.8,41,Good,6.0,UG/M3,1 Hr,Valid
Ulaanbaatar,PM2.5 - Principal,2022-03-22 06:00 PM,2022,03,22,18,8.9,37,Good,8.0,UG/M3,1 Hr,Valid
Ulaanbaatar,PM2.5 - Principal,2022-03-22 07:00 PM,2022,03,22,19,9.4,39,Good,10.0,UG/M3,1 Hr,Valid
Ulaanbaatar,PM2.5 - Principal,2022-03-22 08:00 PM,2022,03,22,20,11.2,47,Good,13.0,UG/M3,1 Hr,Valid
Ulaanbaatar,PM2.5 - Principal,2022-03-22 09:00 PM,2022,03,22,21,18.6,65,Moderate,26.0,UG/M3,1 Hr,Valid
Ulaanbaatar,PM2.5 - Principal,2022-03-22 10:00 PM,2022,03,22,22,37.7,106,Unhealthy for Sensitive Groups,57.0,UG/M3,1 Hr,Valid
Ulaanbaatar,PM2.5 - Principal,2022-03-22 11:00 PM,2022,03,22,23,88.9,168,Unhealthy,140.0,UG/M3,1 Hr,Valid
Ulaanbaatar,PM2.5 - Principal,2022-03-23 12:00 AM,2022,03,23,00,104.9,177,Unhealthy,121.0,UG/M3,1 Hr,Valid
Ulaanbaatar,PM2.5 - Principal,2022-03-23 01:00 AM,2022,03,23,01,81.4,164,Unhealthy,58.0,UG/M3,1 Hr,Valid
Ulaanbaatar,PM2.5 - Principal,2022-03-23 02:00 AM,2022,03,23,02,62.7,155,Unhealthy,44.0,UG/M3,1 Hr,Valid
Ulaanbaatar,PM2.5 - Principal,2022-03-23 03:00 AM,2022,03,23,03,48.3,133,Unhealthy for Sensitive Groups,34.0,UG/M3,1 Hr,Valid
Ulaanbaatar,PM2.5 - Principal,2022-03-23 04:00 AM,2022,03,23,04,35.6,101,Unhealthy for Sensitive Groups,23.0,UG/M3,1 Hr,Valid
Ulaanbaatar,PM2.5 - Principal,2022-03-23 05:00 AM,2022,03,23,05,31.8,92,Moderate,28.0,UG/M3,1 Hr,Valid
Ulaanbaatar,PM2.5 - Principal,2022-03-23 06:00 AM,2022,03,23,06,26.4,81,Moderate,21.0,UG/M3,1 Hr,Valid
Ulaanbaatar,PM2.5 - Principal,2022-03-23 07:00 AM,2022,03,23,07,22.7,73,Moderate,19.0,UG/M3,1 Hr,Valid
Ulaanbaatar,PM2.5 - Principal,2022-03-23 08:00 AM,2022,03,23,08,33.3,96,Moderate,44.0,UG/M3,1 Hr,Valid
Ulaanbaatar,PM2.5 - Principal,2022-03-23 09:00 AM,2022,03,23,09,67.1,157,Unhealthy,101.0,UG/M3,1 Hr,Valid
Ulaanbaatar,PM2.5 - Principal,2022-03-23 10:00 AM,2022,03,23,10,115.1,182,Unhealthy,163.0,UG/M3,1 Hr,Valid
Ulaanbaatar,PM2.5 - Principal,2022-03-23 11:00 AM,2022,03,23,11,81.0,164,Unhealthy,47.0,UG/M3,1 Hr,Valid
Ulaanbaatar,PM2.5 - Principal,2022-03-23 12:00 PM,2022,03,23,12,64.5,156,Unhealthy,48.0,UG/M3,1 Hr,Valid
Ulaanbaatar,PM2.5 - Principal,2022-03-23 01:00 PM,2022,03,23,13,79.7,163,Unhealthy,95.0,UG/M3,1 Hr,Valid
Ulaanbaatar,PM2.5 - Principal,2022-03-23 02:00 PM,2022,03,23,14,58.3,152,Unhealthy,37.0,UG/M3,1 Hr,Valid
Ulaanbaatar,PM2.5 - Principal,2022-03-23 03:00 PM,2022,03,23,15,34.6,98,Moderate,11.0,UG/M3,1 Hr,Valid
Ulaanbaatar,PM2.5 - Principal,2022-03-23 04:00 PM,2022,03,23,16,21.3,70,Moderate,8.0,UG/M3,1 Hr,Valid
Ulaanbaatar,PM2.5 - Principal,2022-03-23 05:00 PM,2022,03,23,17,13.6,54,Moderate,6.0,UG/M3,1 Hr,Valid
Ulaanbaatar,PM2.5 - Principal,2022-03-23 06:00 PM,2022,03,23,18,14.8,57,Moderate,16.0,UG/M3,1 Hr,Valid
Ulaanbaatar,PM2.5 - Principal,2022-03-23 07:00 PM,2022,03,23,19,21.9,72,Moderate,29.0,UG/M3,1 Hr,Valid
Ulaanbaatar,PM2.5 - Principal,2022-03-23 08:00 PM,2022,03,23,20,19.4,66,Moderate,17.0,UG/M3,1 Hr,Valid
Ulaanbaatar,PM2.5 - Principal,2022-03-23 09:00 PM,2022,03,23,21,24.2,76,Moderate,29.0,UG/M3,1 Hr,Valid
Ulaanbaatar,PM2.5 - Principal,2022-03-23 10:00 PM,2022,03,23,22,16.0,59,Moderate,8.0,UG/M3,1 Hr,Valid
Ulaanbaatar,PM2.5 - Principal,2022-03-23 11:00 PM,2022,03,23,23,16.0,59,Moderate,16.0,UG/M3,1 Hr,Valid
Ulaanbaatar,PM2.5 - Principal,2022-03-24 12:00 AM,2022,03,24,00,12.5,52,Moderate,9.0,UG/M3,1 Hr,Valid
Ulaanbaatar,PM2.5 - Principal,2022-03-24 01:00 AM,2022,03,24,01,11.7,49,Good,11.0,UG/M3,1 Hr,Valid
Ulaanbaatar,PM2.5 - Principal,2022-03-24 02:00 AM,2022,03,24,02,10.8,45,Good,10.0,UG/M3,1 Hr,Valid
Ulaanbaatar,PM2.5 - Principal,2022-03-24 03:00 AM,2022,03,24,03,10.4,43,Good,10.0,UG/M3,1 Hr,Valid
Ulaanbaatar,PM2.5 - Principal,2022-03-24 04:00 AM,2022,03,24,04,8.2,34,Good,6.0,UG/M3,1 Hr,Valid
Ulaanbaatar,PM2.5 - Principal,2022-03-24 05:00 AM,2022,03,24,05,7.1,30,Good,6.0,UG/M3,1 Hr,Valid
Ulaanbaatar,PM2.5 - Principal,2022-03-24 06:00 AM,2022,03,24,06,6.5,27,Good,6.0,UG/M3,1 Hr,Valid
Ulaanbaatar,PM2.5 - Principal,2022-03-24 07:00 AM,2022,03,24,07,7.2,30,Good,8.0,UG/M3,1 Hr,Valid
Ulaanbaatar,PM2.5 - Principal,2022-03-24 08:00 AM,2022,03,24,08,8.1,34,Good,9.0,UG/M3,1 Hr,Valid
Ulaanbaatar,PM2.5 - Principal,2022-03-24 09:00 AM,2022,03,24,09,10.5,44,Good,13.0,UG/M3,1 Hr,Valid
Ulaanbaatar,PM2.5 - Principal,2022-03-24 10:00 AM,2022,03,24,10,11.2,47,Good,12.0,UG/M3,1 Hr,Valid
Ulaanbaatar,PM2.5 - Principal,2022-03-24 11:00 AM,2022,03,24,11,10.1,42,Good,9.0,UG/M3,1 Hr,Valid
Ulaanbaatar,PM2.5 - Principal,2022-03-24 12:00 PM,2022,03,24,12,9.0,38,Good,8.0,UG/M3,1 Hr,Valid
Ulaanbaatar,PM2.5 - Principal,2022-03-24 01:00 PM,2022,03,24,13,8.0,33,Good,7.0,UG/M3,1 Hr,Valid
Ulaanbaatar,PM2.5 - Principal,2022-03-24 02:00 PM,2022,03,24,14,10.0,42,Good,12.0,UG/M3,1 Hr,Valid
Ulaanbaatar,PM2.5 - Principal,2022-03-24 03:00 PM,2022,03,24,15,9.0,38,Good,8.0,UG/M3,1 Hr,Valid
Ulaanbaatar,PM2.5 - Principal,2022-03-24 04:00 PM,2022,03,24,16,10.0,42,Good,11.0,UG/M3,1 Hr,Valid
Ulaanbaatar,PM2.5 - Principal,2022-03-24 05:00 PM,2022,03,24,17,10.5,44,Good,11.0,UG/M3,1 Hr,Valid
Ulaanbaatar,PM2.5 - Principal,2022-03-24 06:00 PM,2022,03,24,18,11.6,48,Good,13.0,UG/M3,1 Hr,Valid
Ulaanbaatar,PM2.5 - Principal,2022-03-24 07:00 PM,2022,03,24,19,11.7,49,Good,12.0,UG/M3,1 Hr,Valid
Ulaanbaatar,PM2.5 - Principal,2022-03-24 08:00 PM,2022,03,24,20,13.9,55,Moderate,16.0,UG/M3,1 Hr,Valid
Ulaanbaatar,PM2.5 - Principal,2022-03-24 09:00 PM,2022,03,24,21,18.4,64,Moderate,23.0,UG/M3,1 Hr,Valid
Ulaanbaatar,PM2.5 - Principal,2022-03-24 10:00 PM,2022,03,24,22,62.7,155,Unhealthy,107.0,UG/M3,1 Hr,Valid
Ulaanbaatar,PM2.5 - Principal,2022-03-24 11:00 PM,2022,03,24,23,71.3,159,Unhealthy,80.0,UG/M3,1 Hr,Valid
Ulaanbaatar,PM2.5 - Principal,2022-03-25 12:00 AM,2022,03,25,00,68.1,158,Unhealthy,65.0,UG/M3,1 Hr,Valid
Ulaanbaatar,PM2.5 - Principal,2022-03-25 01:00 AM,2022,03,25,01,62.1,154,Unhealthy,56.0,UG/M3,1 Hr,Valid
Ulaanbaatar,PM2.5 - Principal,2022-03-25 02:00 AM,2022,03,25,02,59.0,153,Unhealthy,56.0,UG/M3,1 Hr,Valid
Ulaanbaatar,PM2.5 - Principal,2022-03-25 03:00 AM,2022,03,25,03,55.5,151,Unhealthy,52.0,UG/M3,1 Hr,Valid
Ulaanbaatar,PM2.5 - Principal,2022-03-25 04:00 AM,2022,03,25,04,47.2,130,Unhealthy for Sensitive Groups,39.0,UG/M3,1 Hr,Valid
Ulaanbaatar,PM2.5 - Principal,2022-03-25 05:00 AM,2022,03,25,05,38.1,107,Unhealthy for Sensitive Groups,29.0,UG/M3,1 Hr,Valid
Ulaanbaatar,PM2.5 - Principal,2022-03-25 06:00 AM,2022,03,25,06,32.5,94,Moderate,27.0,UG/M3,1 Hr,Valid
Ulaanbaatar,PM2.5 - Principal,2022-03-25 07:00 AM,2022,03,25,07,32.2,93,Moderate,32.0,UG/M3,1 Hr,Valid
Ulaanbaatar,PM2.5 - Principal,2022-03-25 08:00 AM,2022,03,25,08,40.1,112,Unhealthy for Sensitive Groups,48.0,UG/M3,1 Hr,Valid
Ulaanbaatar,PM2.5 - Principal,2022-03-25 09:00 AM,2022,03,25,09,66.5,157,Unhealthy,93.0,UG/M3,1 Hr,Valid
Ulaanbaatar,PM2.5 - Principal,2022-03-25 10:00 AM,2022,03,25,10,102.7,175,Unhealthy,139.0,UG/M3,1 Hr,Valid
Ulaanbaatar,PM2.5 - Principal,2022-03-25 11:00 AM,2022,03,25,11,102.9,175,Unhealthy,103.0,UG/M3,1 Hr,Valid
Ulaanbaatar,PM2.5 - Principal,2022-03-25 12:00 PM,2022,03,25,12,90.4,169,Unhealthy,78.0,UG/M3,1 Hr,Valid
Ulaanbaatar,PM2.5 - Principal,2022-03-25 01:00 PM,2022,03,25,13,57.7,152,Unhealthy,25.0,UG/M3,1 Hr,Valid
Ulaanbaatar,PM2.5 - Principal,2022-03-25 02:00 PM,2022,03,25,14,33.8,97,Moderate,10.0,UG/M3,1 Hr,Valid
Ulaanbaatar,PM2.5 - Principal,2022-03-25 03:00 PM,2022,03,25,15,21.4,71,Moderate,9.0,UG/M3,1 Hr,Valid
Ulaanbaatar,PM2.5 - Principal,2022-03-25 04:00 PM,2022,03,25,16,14.2,55,Moderate,7.0,UG/M3,1 Hr,Valid
Ulaanbaatar,PM2.5 - Principal,2022-03-25 05:00 PM,2022,03,25,17,10.1,42,Good,6.0,UG/M3,1 Hr,Valid
Ulaanbaatar,PM2.5 - Principal,2022-03-25 06:00 PM,2022,03,25,18,6.5,27,Good,3.0,UG/M3,1 Hr,Valid
Ulaanbaatar,PM2.5 - Principal,2022-03-25 07:00 PM,2022,03,25,19,6.2,26,Good,6.0,UG/M3,1 Hr,Valid
Ulaanbaatar,PM2.5 - Principal,2022-03-25 08:00 PM,2022,03,25,20,12.6,52,Moderate,19.0,UG/M3,1 Hr,Valid
Ulaanbaatar,PM2.5 - Principal,2022-03-25 09:00 PM,2022,03,25,21,30.8,90,Moderate,49.0,UG/M3,1 Hr,Valid
Ulaanbaatar,PM2.5 - Principal,2022-03-25 10:00 PM,2022,03,25,22,41.8,117,Unhealthy for Sensitive Groups,53.0,UG/M3,1 Hr,Valid
Ulaanbaatar,PM2.5 - Principal,2022-03-25 11:00 PM,2022,03,25,23,68.4,158,Unhealthy,95.0,UG/M3,1 Hr,Valid
Ulaanbaatar,PM2.5 - Principal,2022-03-26 12:00 AM,2022,03,26,00,57.2,152,Unhealthy,46.0,UG/M3,1 Hr,Valid
Ulaanbaatar,PM2.5 - Principal,2022-03-26 01:00 AM,2022,03,26,01,55.6,151,Unhealthy,54.0,UG/M3,1 Hr,Valid
Ulaanbaatar,PM2.5 - Principal,2022-03-26 02:00 AM,2022,03,26,02,53.3,145,Unhealthy for Sensitive Groups,51.0,UG/M3,1 Hr,Valid
Ulaanbaatar,PM2.5 - Principal,2022-03-26 03:00 AM,2022,03,26,03,43.1,120,Unhealthy for Sensitive Groups,33.0,UG/M3,1 Hr,Valid
Ulaanbaatar,PM2.5 - Principal,2022-03-26 04:00 AM,2022,03,26,04,39.5,111,Unhealthy for Sensitive Groups,36.0,UG/M3,1 Hr,Valid
Ulaanbaatar,PM2.5 - Principal,2022-03-26 05:00 AM,2022,03,26,05,28.2,85,Moderate,17.0,UG/M3,1 Hr,Valid
Ulaanbaatar,PM2.5 - Principal,2022-03-26 06:00 AM,2022,03,26,06,22.1,72,Moderate,16.0,UG/M3,1 Hr,Valid
Ulaanbaatar,PM2.5 - Principal,2022-03-26 07:00 AM,2022,03,26,07,20.5,69,Moderate,19.0,UG/M3,1 Hr,Valid
Ulaanbaatar,PM2.5 - Principal,2022-03-26 08:00 AM,2022,03,26,08,23.7,75,Moderate,27.0,UG/M3,1 Hr,Valid
Ulaanbaatar,PM2.5 - Principal,2022-03-26 09:00 AM,2022,03,26,09,24.8,78,Moderate,26.0,UG/M3,1 Hr,Valid
Ulaanbaatar,PM2.5 - Principal,2022-03-26 10:00 AM,2022,03,26,10,23.4,75,Moderate,22.0,UG/M3,1 Hr,Valid
Ulaanbaatar,PM2.5 - Principal,2022-03-26 11:00 AM,2022,03,26,11,27.2,83,Moderate,31.0,UG/M3,1 Hr,Valid
Ulaanbaatar,PM2.5 - Principal,2022-03-26 12:00 PM,2022,03,26,12,29.6,88,Moderate,32.0,UG/M3,1 Hr,Valid
Ulaanbaatar,PM2.5 - Principal,2022-03-26 01:00 PM,2022,03,26,13,18.2,64,Moderate,7.0,UG/M3,1 Hr,Valid
Ulaanbaatar,PM2.5 - Principal,2022-03-26 02:00 PM,2022,03,26,14,12.1,51,Moderate,6.0,UG/M3,1 Hr,Valid
Ulaanbaatar,PM2.5 - Principal,2022-03-26 03:00 PM,2022,03,26,15,9.5,40,Good,7.0,UG/M3,1 Hr,Valid
Ulaanbaatar,PM2.5 - Principal,2022-03-26 04:00 PM,2022,03,26,16,7.2,30,Good,5.0,UG/M3,1 Hr,Valid
Ulaanbaatar,PM2.5 - Principal,2022-03-26 05:00 PM,2022,03,26,17,6.1,25,Good,5.0,UG/M3,1 Hr,Valid
Ulaanbaatar,PM2.5 - Principal,2022-03-26 06:00 PM,2022,03,26,18,4.5,19,Good,3.0,UG/M3,1 Hr,Valid
Ulaanbaatar,PM2.5 - Principal,2022-03-26 07:00 PM,2022,03,26,19,4.2,18,Good,4.0,UG/M3,1 Hr,Valid
Ulaanbaatar,PM2.5 - Principal,2022-03-26 08:00 PM,2022,03,26,20,7.1,30,Good,10.0,UG/M3,1 Hr,Valid
Ulaanbaatar,PM2.5 - Principal,2022-03-26 09:00 PM,2022,03,26,21,9.5,40,Good,12.0,UG/M3,1 Hr,Valid
Ulaanbaatar,PM2.5 - Principal,2022-03-26 10:00 PM,2022,03,26,22,30.2,89,Moderate,51.0,UG/M3,1 Hr,Valid
Ulaanbaatar,PM2.5 - Principal,2022-03-26 11:00 PM,2022,03,26,23,44.1,122,Unhealthy for Sensitive Groups,58.0,UG/M3,1 Hr,Valid
Ulaanbaatar,PM2.5 - Principal,2022-03-27 12:00 AM,2022,03,27,00,59.5,153,Unhealthy,75.0,UG/M3,1 Hr,Valid
Ulaanbaatar,PM2.5 - Principal,2022-03-27 01:00 AM,2022,03,27,01,55.7,151,Unhealthy,52.0,UG/M3,1 Hr,Valid
Ulaanbaatar,PM2.5 - Principal,2022-03-27 02:00 AM,2022,03,27,02,51.9,141,Unhealthy for Sensitive Groups,48.0,UG/M3,1 Hr,Valid
Ulaanbaatar,PM2.5 - Principal,2022-03-27 03:00 AM,2022,03,27,03,48.9,134,Unhealthy for Sensitive Groups,46.0,UG/M3,1 Hr,Valid
Ulaanbaatar,PM2.5 - Principal,2022-03-27 04:00 AM,2022,03,27,04,38.9,109,Unhealthy for Sensitive Groups,29.0,UG/M3,1 Hr,Valid
Ulaanbaatar,PM2.5 - Principal,2022-03-27 05:00 AM,2022,03,27,05,34.4,98,Moderate,30.0,UG/M3,1 Hr,Valid
Ulaanbaatar,PM2.5 - Principal,2022-03-27 06:00 AM,2022,03,27,06,31.7,92,Moderate,29.0,UG/M3,1 Hr,Valid
Ulaanbaatar,PM2.5 - Principal,2022-03-27 07:00 AM,2022,03,27,07,33.8,97,Moderate,36.0,UG/M3,1 Hr,Valid
Ulaanbaatar,PM2.5 - Principal,2022-03-27 08:00 AM,2022,03,27,08,34.9,99,Moderate,36.0,UG/M3,1 Hr,Valid
Ulaanbaatar,PM2.5 - Principal,2022-03-27 09:00 AM,2022,03,27,09,52.9,144,Unhealthy for Sensitive Groups,71.0,UG/M3,1 Hr,Valid
Ulaanbaatar,PM2.5 - Principal,2022-03-27 10:00 AM,2022,03,27,10,85.9,167,Unhealthy,119.0,UG/M3,1 Hr,Valid
Ulaanbaatar,PM2.5 - Principal,2022-03-27 11:00 AM,2022,03,27,11,76.4,162,Unhealthy,67.0,UG/M3,1 Hr,Valid
Ulaanbaatar,PM2.5 - Principal,2022-03-27 12:00 PM,2022,03,27,12,56.2,151,Unhealthy,36.0,UG/M3,1 Hr,Valid
Ulaanbaatar,PM2.5 - Principal,2022-03-27 01:00 PM,2022,03,27,13,42.1,117,Unhealthy for Sensitive Groups,28.0,UG/M3,1 Hr,Valid
Ulaanbaatar,PM2.5 - Principal,2022-03-27 02:00 PM,2022,03,27,14,26.5,81,Moderate,11.0,UG/M3,1 Hr,Valid
Ulaanbaatar,PM2.5 - Principal,2022-03-27 03:00 PM,2022,03,27,15,19.7,67,Moderate,13.0,UG/M3,1 Hr,Valid
Ulaanbaatar,PM2.5 - Principal,2022-03-27 04:00 PM,2022,03,27,16,13.3,54,Moderate,7.0,UG/M3,1 Hr,Valid
Ulaanbaatar,PM2.5 - Principal,2022-03-27 05:00 PM,2022,03,27,17,9.1,38,Good,5.0,UG/M3,1 Hr,Valid
Ulaanbaatar,PM2.5 - Principal,2022-03-27 06:00 PM,2022,03,27,18,6.5,27,Good,4.0,UG/M3,1 Hr,Valid
Ulaanbaatar,PM2.5 - Principal,2022-03-27 07:00 PM,2022,03,27,19,4.2,18,Good,2.0,UG/M3,1 Hr,Valid
Ulaanbaatar,PM2.5 - Principal,2022-03-27 08:00 PM,2022,03,27,20,5.1,21,Good,6.0,UG/M3,1 Hr,Valid
Ulaanbaatar,PM2.5 - Principal,2022-03-27 09:00 PM,2022,03,27,21,14.5,56,Moderate,24.0,UG/M3,1 Hr,Valid
Ulaanbaatar,PM2.5 - Principal,2022-03-27 10:00 PM,2022,03,27,22,109.7,179,Unhealthy,205.0,UG/M3,1 Hr,Valid
Ulaanbaatar,PM2.5 - Principal,2022-03-27 11:00 PM,2022,03,27,23,89.8,169,Unhealthy,70.0,UG/M3,1 Hr,Valid
Ulaanbaatar,PM2.5 - Principal,2022-03-28 12:00 AM,2022,03,28,00,81.9,165,Unhealthy,74.0,UG/M3,1 Hr,Valid
Ulaanbaatar,PM2.5 - Principal,2022-03-28 01:00 AM,2022,03,28,01,68.9,158,Unhealthy,56.0,UG/M3,1 Hr,Valid
Ulaanbaatar,PM2.5 - Principal,2022-03-28 02:00 AM,2022,03,28,02,73.4,160,Unhealthy,78.0,UG/M3,1 Hr,Valid
Ulaanbaatar,PM2.5 - Principal,2022-03-28 03:00 AM,2022,03,28,03,64.7,156,Unhealthy,56.0,UG/M3,1 Hr,Valid
Ulaanbaatar,PM2.5 - Principal,2022-03-28 04:00 AM,2022,03,28,04,53.8,146,Unhealthy for Sensitive Groups,43.0,UG/M3,1 Hr,Valid
Ulaanbaatar,PM2.5 - Principal,2022-03-28 05:00 AM,2022,03,28,05,55.4,150,Unhealthy for Sensitive Groups,57.0,UG/M3,1 Hr,Valid
Ulaanbaatar,PM2.5 - Principal,2022-03-28 06:00 AM,2022,03,28,06,54.2,147,Unhealthy for Sensitive Groups,53.0,UG/M3,1 Hr,Valid
Ulaanbaatar,PM2.5 - Principal,2022-03-28 07:00 AM,2022,03,28,07,47.1,130,Unhealthy for Sensitive Groups,40.0,UG/M3,1 Hr,Valid
Ulaanbaatar,PM2.5 - Principal,2022-03-28 08:00 AM,2022,03,28,08,50.5,138,Unhealthy for Sensitive Groups,54.0,UG/M3,1 Hr,Valid
Ulaanbaatar,PM2.5 - Principal,2022-03-28 09:00 AM,2022,03,28,09,47.7,131,Unhealthy for Sensitive Groups,45.0,UG/M3,1 Hr,Valid
Ulaanbaatar,PM2.5 - Principal,2022-03-28 10:00 AM,2022,03,28,10,56.1,151,Unhealthy,65.0,UG/M3,1 Hr,Valid
Ulaanbaatar,PM2.5 - Principal,2022-03-28 11:00 AM,2022,03,28,11,47.1,130,Unhealthy for Sensitive Groups,38.0,UG/M3,1 Hr,Valid
Ulaanbaatar,PM2.5 - Principal,2022-03-28 12:00 PM,2022,03,28,12,31.5,92,Moderate,16.0,UG/M3,1 Hr,Valid
Ulaanbaatar,PM2.5 - Principal,2022-03-28 01:00 PM,2022,03,28,13,18.2,64,Moderate,5.0,UG/M3,1 Hr,Valid
Ulaanbaatar,PM2.5 - Principal,2022-03-28 02:00 PM,2022,03,28,14,13.1,53,Moderate,8.0,UG/M3,1 Hr,Valid
Ulaanbaatar,PM2.5 - Principal,2022-03-28 03:00 PM,2022,03,28,15,10.5,44,Good,8.0,UG/M3,1 Hr,Valid
Ulaanbaatar,PM2.5 - Principal,2022-03-28 04:00 PM,2022,03,28,16,8.2,34,Good,6.0,UG/M3,1 Hr,Valid
Ulaanbaatar,PM2.5 - Principal,2022-03-28 05:00 PM,2022,03,28,17,6.6,28,Good,5.0,UG/M3,1 Hr,Valid
Ulaanbaatar,PM2.5 - Principal,2022-03-28 06:00 PM,2022,03,28,18,6.3,26,Good,6.0,UG/M3,1 Hr,Valid
Ulaanbaatar,PM2.5 - Principal,2022-03-28 07:00 PM,2022,03,28,19,7.1,30,Good,8.0,UG/M3,1 Hr,Valid
Ulaanbaatar,PM2.5 - Principal,2022-03-28 08:00 PM,2022,03,28,20,9.5,40,Good,12.0,UG/M3,1 Hr,Valid
Ulaanbaatar,PM2.5 - Principal,2022-03-28 09:00 PM,2022,03,28,21,14.2,55,Moderate,19.0,UG/M3,1 Hr,Valid
Ulaanbaatar,PM2.5 - Principal,2022-03-28 10:00 PM,2022,03,28,22,18.6,65,Moderate,23.0,UG/M3,1 Hr,Valid
Ulaanbaatar,PM2.5 - Principal,2022-03-28 11:00 PM,2022,03,28,23,18.8,65,Moderate,19.0,UG/M3,1 Hr,Valid
Ulaanbaatar,PM2.5 - Principal,2022-03-29 12:00 AM,2022,03,29,00,21.9,72,Moderate,25.0,UG/M3,1 Hr,Valid
Ulaanbaatar,PM2.5 - Principal,2022-03-29 01:00 AM,2022,03,29,01,30.4,89,Moderate,39.0,UG/M3,1 Hr,Valid
Ulaanbaatar,PM2.5 - Principal,2022-03-29 02:00 AM,2022,03,29,02,44.2,122,Unhealthy for Sensitive Groups,58.0,UG/M3,1 Hr,Valid
Ulaanbaatar,PM2.5 - Principal,2022-03-29 03:00 AM,2022,03,29,03,43.6,121,Unhealthy for Sensitive Groups,43.0,UG/M3,1 Hr,Valid
Ulaanbaatar,PM2.5 - Principal,2022-03-29 04:00 AM,2022,03,29,04,31.3,91,Moderate,19.0,UG/M3,1 Hr,Valid
Ulaanbaatar,PM2.5 - Principal,2022-03-29 05:00 AM,2022,03,29,05,22.1,72,Moderate,13.0,UG/M3,1 Hr,Valid
Ulaanbaatar,PM2.5 - Principal,2022-03-29 06:00 AM,2022,03,29,06,16.5,60,Moderate,11.0,UG/M3,1 Hr,Valid
Ulaanbaatar,PM2.5 - Principal,2022-03-29 07:00 AM,2022,03,29,07,15.2,58,Moderate,14.0,UG/M3,1 Hr,Valid
Ulaanbaatar,PM2.5 - Principal,2022-03-29 08:00 AM,2022,03,29,08,17.1,62,Moderate,19.0,UG/M3,1 Hr,Valid
Ulaanbaatar,PM2.5 - Principal,2022-03-29 09:00 AM,2022,03,29,09,35.5,101,Unhealthy for Sensitive Groups,54.0,UG/M3,1 Hr,Valid
Ulaanbaatar,PM2.5 - Principal,2022-03-29 10:00 AM,2022,03,29,10,51.2,140,Unhealthy for Sensitive Groups,67.0,UG/M3,1 Hr,Valid
Ulaanbaatar,PM2.5 - Principal,2022-03-29 11:00 AM,2022,03,29,11,38.6,109,Unhealthy for Sensitive Groups,26.0,UG/M3,1 Hr,Valid
Ulaanbaatar,PM2.5 - Principal,2022-03-29 12:00 PM,2022,03,29,12,30.8,90,Moderate,23.0,UG/M3,1 Hr,Valid
Ulaanbaatar,PM2.5 - Principal,2022-03-29 01:00 PM,2022,03,29,13,30.9,91,Moderate,31.0,UG/M3,1 Hr,Valid
Ulaanbaatar,PM2.5 - Principal,2022-03-29 02:00 PM,2022,03,29,14,28.4,85,Moderate,26.0,UG/M3,1 Hr,Valid
Ulaanbaatar,PM2.5 - Principal,2022-03-29 03:00 PM,2022,03,29,15,18.2,64,Moderate,8.0,UG/M3,1 Hr,Valid
Ulaanbaatar,PM2.5 - Principal,2022-03-29 04:00 PM,2022,03,29,16,13.6,54,Moderate,9.0,UG/M3,1 Hr,Valid
Ulaanbaatar,PM2.5 - Principal,2022-03-29 05:00 PM,2022,03,29,17,11.3,47,Good,9.0,UG/M3,1 Hr,Valid
Ulaanbaatar,PM2.5 - Principal,2022-03-29 06:00 PM,2022,03,29,18,10.1,42,Good,9.0,UG/M3,1 Hr,Valid
Ulaanbaatar,PM2.5 - Principal,2022-03-29 07:00 PM,2022,03,29,19,10.0,42,Good,10.0,UG/M3,1 Hr,Valid
Ulaanbaatar,PM2.5 - Principal,2022-03-29 08:00 PM,2022,03,29,20,10.0,42,Good,10.0,UG/M3,1 Hr,Valid
Ulaanbaatar,PM2.5 - Principal,2022-03-29 09:00 PM,2022,03,29,21,15.5,58,Moderate,21.0,UG/M3,1 Hr,Valid
Ulaanbaatar,PM2.5 - Principal,2022-03-29 10:00 PM,2022,03,29,22,25.7,80,Moderate,36.0,UG/M3,1 Hr,Valid
Ulaanbaatar,PM2.5 - Principal,2022-03-29 11:00 PM,2022,03,29,23,25.3,79,Moderate,25.0,UG/M3,1 Hr,Valid
Ulaanbaatar,PM2.5 - Principal,2022-03-30 12:00 AM,2022,03,30,00,41.1,115,Unhealthy for Sensitive Groups,57.0,UG/M3,1 Hr,Valid
Ulaanbaatar,PM2.5 - Principal,2022-03-30 01:00 AM,2022,03,30,01,38.0,107,Unhealthy for Sensitive Groups,35.0,UG/M3,1 Hr,Valid
Ulaanbaatar,PM2.5 - Principal,2022-03-30 02:00 AM,2022,03,30,02,48.5,133,Unhealthy for Sensitive Groups,59.0,UG/M3,1 Hr,Valid
Ulaanbaatar,PM2.5 - Principal,2022-03-30 03:00 AM,2022,03,30,03,39.2,110,Unhealthy for Sensitive Groups,30.0,UG/M3,1 Hr,Valid
Ulaanbaatar,PM2.5 - Principal,2022-03-30 04:00 AM,2022,03,30,04,27.1,83,Moderate,15.0,UG/M3,1 Hr,Valid
Ulaanbaatar,PM2.5 - Principal,2022-03-30 05:00 AM,2022,03,30,05,18.0,63,Moderate,9.0,UG/M3,1 Hr,Valid
Ulaanbaatar,PM2.5 - Principal,2022-03-30 06:00 AM,2022,03,30,06,12.5,52,Moderate,7.0,UG/M3,1 Hr,Valid
Ulaanbaatar,PM2.5 - Principal,2022-03-30 07:00 AM,2022,03,30,07,9.2,38,Good,6.0,UG/M3,1 Hr,Valid
Ulaanbaatar,PM2.5 - Principal,2022-03-30 08:00 AM,2022,03,30,08,8.6,36,Good,8.0,UG/M3,1 Hr,Valid
Ulaanbaatar,PM2.5 - Principal,2022-03-30 09:00 AM,2022,03,30,09,10.3,43,Good,12.0,UG/M3,1 Hr,Valid
Ulaanbaatar,PM2.5 - Principal,2022-03-30 10:00 AM,2022,03,30,10,19.6,67,Moderate,29.0,UG/M3,1 Hr,Valid
Ulaanbaatar,PM2.5 - Principal,2022-03-30 11:00 AM,2022,03,30,11,24.3,77,Moderate,29.0,UG/M3,1 Hr,Valid
Ulaanbaatar,PM2.5 - Principal,2022-03-30 12:00 PM,2022,03,30,12,16.1,59,Moderate,8.0,UG/M3,1 Hr,Valid
Ulaanbaatar,PM2.5 - Principal,2022-03-30 01:00 PM,2022,03,30,13,11.0,46,Good,6.0,UG/M3,1 Hr,Valid
Ulaanbaatar,PM2.5 - Principal,2022-03-30 02:00 PM,2022,03,30,14,8.0,33,Good,5.0,UG/M3,1 Hr,Valid
Ulaanbaatar,PM2.5 - Principal,2022-03-30 03:00 PM,2022,03,30,15,6.5,27,Good,5.0,UG/M3,1 Hr,Valid
Ulaanbaatar,PM2.5 - Principal,2022-03-30 04:00 PM,2022,03,30,16,5.7,24,Good,5.0,UG/M3,1 Hr,Valid
Ulaanbaatar,PM2.5 - Principal,2022-03-30 05:00 PM,2022,03,30,17,6.8,28,Good,8.0,UG/M3,1 Hr,Valid
Ulaanbaatar,PM2.5 - Principal,2022-03-30 06:00 PM,2022,03,30,18,6.4,27,Good,6.0,UG/M3,1 Hr,Valid
Ulaanbaatar,PM2.5 - Principal,2022-03-30 07:00 PM,2022,03,30,19,10.7,45,Good,15.0,UG/M3,1 Hr,Valid
Ulaanbaatar,PM2.5 - Principal,2022-03-30 08:00 PM,2022,03,30,20,11.8,49,Good,13.0,UG/M3,1 Hr,Valid
Ulaanbaatar,PM2.5 - Principal,2022-03-30 09:00 PM,2022,03,30,21,16.4,60,Moderate,21.0,UG/M3,1 Hr,Valid
Ulaanbaatar,PM2.5 - Principal,2022-03-30 10:00 PM,2022,03,30,22,29.7,88,Moderate,43.0,UG/M3,1 Hr,Valid
Ulaanbaatar,PM2.5 - Principal,2022-03-30 11:00 PM,2022,03,30,23,71.8,159,Unhealthy,114.0,UG/M3,1 Hr,Valid
Ulaanbaatar,PM2.5 - Principal,2022-03-31 12:00 AM,2022,03,31,00,92.9,170,Unhealthy,114.0,UG/M3,1 Hr,Valid
Ulaanbaatar,PM2.5 - Principal,2022-03-31 01:00 AM,2022,03,31,01,73.9,161,Unhealthy,55.0,UG/M3,1 Hr,Valid
Ulaanbaatar,PM2.5 - Principal,2022-03-31 02:00 AM,2022,03,31,02,57.9,152,Unhealthy,42.0,UG/M3,1 Hr,Valid
Ulaanbaatar,PM2.5 - Principal,2022-03-31 03:00 AM,2022,03,31,03,49.5,135,Unhealthy for Sensitive Groups,41.0,UG/M3,1 Hr,Valid
Ulaanbaatar,PM2.5 - Principal,2022-03-31 04:00 AM,2022,03,31,04,35.2,100,Moderate,21.0,UG/M3,1 Hr,Valid
Ulaanbaatar,PM2.5 - Principal,2022-03-31 05:00 AM,2022,03,31,05,27.1,83,Moderate,19.0,UG/M3,1 Hr,Valid
Ulaanbaatar,PM2.5 - Principal,2022-03-31 06:00 AM,2022,03,31,06,22.0,72,Moderate,17.0,UG/M3,1 Hr,Valid
Ulaanbaatar,PM2.5 - Principal,2022-03-31 07:00 AM,2022,03,31,07,24.0,76,Moderate,26.0,UG/M3,1 Hr,Valid
Ulaanbaatar,PM2.5 - Principal,2022-03-31 08:00 AM,2022,03,31,08,29.5,88,Moderate,35.0,UG/M3,1 Hr,Valid
Ulaanbaatar,PM2.5 - Principal,2022-03-31 09:00 AM,2022,03,31,09,69.2,158,Unhealthy,109.0,UG/M3,1 Hr,Valid
Ulaanbaatar,PM2.5 - Principal,2022-03-31 10:00 AM,2022,03,31,10,83.6,166,Unhealthy,98.0,UG/M3,1 Hr,Valid
Ulaanbaatar,PM2.5 - Principal,2022-03-31 11:00 AM,2022,03,31,11,49.8,136,Unhealthy for Sensitive Groups,16.0,UG/M3,1 Hr,Valid
Ulaanbaatar,PM2.5 - Principal,2022-03-31 12:00 PM,2022,03,31,12,30.3,89,Moderate,11.0,UG/M3,1 Hr,Valid
Ulaanbaatar,PM2.5 - Principal,2022-03-31 01:00 PM,2022,03,31,13,21.1,70,Moderate,12.0,UG/M3,1 Hr,Valid
Ulaanbaatar,PM2.5 - Principal,2022-03-31 02:00 PM,2022,03,31,14,14.5,56,Moderate,8.0,UG/M3,1 Hr,Valid
Ulaanbaatar,PM2.5 - Principal,2022-03-31 03:00 PM,2022,03,31,15,10.2,43,Good,6.0,UG/M3,1 Hr,Valid
Ulaanbaatar,PM2.5 - Principal,2022-03-31 04:00 PM,2022,03,31,16,7.6,32,Good,5.0,UG/M3,1 Hr,Valid
Ulaanbaatar,PM2.5 - Principal,2022-03-31 05:00 PM,2022,03,31,17,6.8,28,Good,6.0,UG/M3,1 Hr,Valid
Ulaanbaatar,PM2.5 - Principal,2022-03-31 06:00 PM,2022,03,31,18,8.4,35,Good,10.0,UG/M3,1 Hr,Valid
Ulaanbaatar,PM2.5 - Principal,2022-03-31 07:00 PM,2022,03,31,19,11.7,49,Good,15.0,UG/M3,1 Hr,Valid
Ulaanbaatar,PM2.5 - Principal,2022-03-31 08:00 PM,2022,03,31,20,13.3,54,Moderate,15.0,UG/M3,1 Hr,Valid
Ulaanbaatar,PM2.5 - Principal,2022-03-31 09:00 PM,2022,03,31,21,27.1,83,Moderate,41.0,UG/M3,1 Hr,Valid
Ulaanbaatar,PM2.5 - Principal,2022-03-31 10:00 PM,2022,03,31,22,72.5,160,Unhealthy,118.0,UG/M3,1 Hr,Valid
Ulaanbaatar,PM2.5 - Principal,2022-03-31 11:00 PM,2022,03,31,23,75.8,161,Unhealthy,79.0,UG/M3,1 Hr,Valid
Ulaanbaatar,PM2.5 - Principal,2022-04-01 12:00 AM,2022,04,01,00,74.9,161,Unhealthy,74.0,UG/M3,1 Hr,Valid
Ulaanbaatar,PM2.5 - Principal,2022-04-01 01:00 AM,2022,04,01,01,69.9,158,Unhealthy,65.0,UG/M3,1 Hr,Valid
Ulaanbaatar,PM2.5 - Principal,2022-04-01 02:00 AM,2022,04,01,02,77.4,162,Unhealthy,85.0,UG/M3,1 Hr,Valid
Ulaanbaatar,PM2.5 - Principal,2022-04-01 03:00 AM,2022,04,01,03,81.2,164,Unhealthy,85.0,UG/M3,1 Hr,Valid
Ulaanbaatar,PM2.5 - Principal,2022-04-01 04:00 AM,2022,04,01,04,53.6,146,Unhealthy for Sensitive Groups,26.0,UG/M3,1 Hr,Valid
Ulaanbaatar,PM2.5 - Principal,2022-04-01 05:00 AM,2022,04,01,05,46.8,129,Unhealthy for Sensitive Groups,40.0,UG/M3,1 Hr,Valid
Ulaanbaatar,PM2.5 - Principal,2022-04-01 06:00 AM,2022,04,01,06,33.9,97,Moderate,21.0,UG/M3,1 Hr,Valid
Ulaanbaatar,PM2.5 - Principal,2022-04-01 07:00 AM,2022,04,01,07,35.9,102,Unhealthy for Sensitive Groups,38.0,UG/M3,1 Hr,Valid
Ulaanbaatar,PM2.5 - Principal,2022-04-01 08:00 AM,2022,04,01,08,45.4,125,Unhealthy for Sensitive Groups,55.0,UG/M3,1 Hr,Valid
Ulaanbaatar,PM2.5 - Principal,2022-04-01 09:00 AM,2022,04,01,09,63.7,155,Unhealthy,82.0,UG/M3,1 Hr,Valid
Ulaanbaatar,PM2.5 - Principal,2022-04-01 10:00 AM,2022,04,01,10,82.3,165,Unhealthy,101.0,UG/M3,1 Hr,Valid
Ulaanbaatar,PM2.5 - Principal,2022-04-01 11:00 AM,2022,04,01,11,77.1,162,Unhealthy,72.0,UG/M3,1 Hr,Valid
Ulaanbaatar,PM2.5 - Principal,2022-04-01 12:00 PM,2022,04,01,12,57.0,152,Unhealthy,37.0,UG/M3,1 Hr,Valid
Ulaanbaatar,PM2.5 - Principal,2022-04-01 01:00 PM,2022,04,01,13,40.0,112,Unhealthy for Sensitive Groups,23.0,UG/M3,1 Hr,Valid
Ulaanbaatar,PM2.5 - Principal,2022-04-01 02:00 PM,2022,04,01,14,28.5,85,Moderate,17.0,UG/M3,1 Hr,Valid
Ulaanbaatar,PM2.5 - Principal,2022-04-01 03:00 PM,2022,04,01,15,17.7,63,Moderate,7.0,UG/M3,1 Hr,Valid
Ulaanbaatar,PM2.5 - Principal,2022-04-01 04:00 PM,2022,04,01,16,11.3,47,Good,5.0,UG/M3,1 Hr,Valid
Ulaanbaatar,PM2.5 - Principal,2022-04-01 05:00 PM,2022,04,01,17,7.1,30,Good,3.0,UG/M3,1 Hr,Valid
Ulaanbaatar,PM2.5 - Principal,2022-04-01 06:00 PM,2022,04,01,18,5.0,21,Good,3.0,UG/M3,1 Hr,Valid
Ulaanbaatar,PM2.5 - Principal,2022-04-01 07:00 PM,2022,04,01,19,4.0,17,Good,3.0,UG/M3,1 Hr,Valid
Ulaanbaatar,PM2.5 - Principal,2022-04-01 08:00 PM,2022,04,01,20,3.5,15,Good,3.0,UG/M3,1 Hr,Valid
Ulaanbaatar,PM2.5 - Principal,2022-04-01 09:00 PM,2022,04,01,21,19.2,66,Moderate,35.0,UG/M3,1 Hr,Valid
Ulaanbaatar,PM2.5 - Principal,2022-04-01 10:00 PM,2022,04,01,22,89.6,169,Unhealthy,160.0,UG/M3,1 Hr,Valid
Ulaanbaatar,PM2.5 - Principal,2022-04-01 11:00 PM,2022,04,01,23,78.3,163,Unhealthy,67.0,UG/M3,1 Hr,Valid
Ulaanbaatar,PM2.5 - Principal,2022-04-02 12:00 AM,2022,04,02,00,74.1,161,Unhealthy,70.0,UG/M3,1 Hr,Valid
Ulaanbaatar,PM2.5 - Principal,2022-04-02 01:00 AM,2022,04,02,01,66.5,157,Unhealthy,59.0,UG/M3,1 Hr,Valid
Ulaanbaatar,PM2.5 - Principal,2022-04-02 02:00 AM,2022,04,02,02,66.7,157,Unhealthy,67.0,UG/M3,1 Hr,Valid
Ulaanbaatar,PM2.5 - Principal,2022-04-02 03:00 AM,2022,04,02,03,62.4,155,Unhealthy,58.0,UG/M3,1 Hr,Valid
Ulaanbaatar,PM2.5 - Principal,2022-04-02 04:00 AM,2022,04,02,04,53.7,146,Unhealthy for Sensitive Groups,45.0,UG/M3,1 Hr,Valid
Ulaanbaatar,PM2.5 - Principal,2022-04-02 05:00 AM,2022,04,02,05,42.8,119,Unhealthy for Sensitive Groups,32.0,UG/M3,1 Hr,Valid
Ulaanbaatar,PM2.5 - Principal,2022-04-02 06:00 AM,2022,04,02,06,35.9,102,Unhealthy for Sensitive Groups,29.0,UG/M3,1 Hr,Valid
Ulaanbaatar,PM2.5 - Principal,2022-04-02 07:00 AM,2022,04,02,07,32.4,94,Moderate,29.0,UG/M3,1 Hr,Valid
Ulaanbaatar,PM2.5 - Principal,2022-04-02 08:00 AM,2022,04,02,08,35.2,100,Moderate,38.0,UG/M3,1 Hr,Valid
Ulaanbaatar,PM2.5 - Principal,2022-04-02 09:00 AM,2022,04,02,09,52.6,143,Unhealthy for Sensitive Groups,70.0,UG/M3,1 Hr,Valid
Ulaanbaatar,PM2.5 - Principal,2022-04-02 10:00 AM,2022,04,02,10,50.7,138,Unhealthy for Sensitive Groups,49.0,UG/M3,1 Hr,Valid
Ulaanbaatar,PM2.5 - Principal,2022-04-02 11:00 AM,2022,04,02,11,44.3,123,Unhealthy for Sensitive Groups,38.0,UG/M3,1 Hr,Valid
Ulaanbaatar,PM2.5 - Principal,2022-04-02 12:00 PM,2022,04,02,12,35.1,99,Moderate,26.0,UG/M3,1 Hr,Valid
Ulaanbaatar,PM2.5 - Principal,2022-04-02 01:00 PM,2022,04,02,13,28.0,84,Moderate,21.0,UG/M3,1 Hr,Valid
Ulaanbaatar,PM2.5 - Principal,2022-04-02 02:00 PM,2022,04,02,14,20.0,68,Moderate,12.0,UG/M3,1 Hr,Valid
Ulaanbaatar,PM2.5 - Principal,2022-04-02 03:00 PM,2022,04,02,15,15.5,58,Moderate,11.0,UG/M3,1 Hr,Valid
Ulaanbaatar,PM2.5 - Principal,2022-04-02 04:00 PM,2022,04,02,16,11.2,47,Good,7.0,UG/M3,1 Hr,Valid
Ulaanbaatar,PM2.5 - Principal,2022-04-02 05:00 PM,2022,04,02,17,7.6,32,Good,4.0,UG/M3,1 Hr,Valid
Ulaanbaatar,PM2.5 - Principal,2022-04-02 06:00 PM,2022,04,02,18,5.3,22,Good,3.0,UG/M3,1 Hr,Valid
Ulaanbaatar,PM2.5 - Principal,2022-04-02 07:00 PM,2022,04,02,19,4.6,19,Good,4.0,UG/M3,1 Hr,Valid
Ulaanbaatar,PM2.5 - Principal,2022-04-02 08:00 PM,2022,04,02,20,6.3,26,Good,8.0,UG/M3,1 Hr,Valid
Ulaanbaatar,PM2.5 - Principal,2022-04-02 09:00 PM,2022,04,02,21,17.1,62,Moderate,28.0,UG/M3,1 Hr,Valid
Ulaanbaatar,PM2.5 - Principal,2022-04-02 10:00 PM,2022,04,02,22,102.5,175,Unhealthy,188.0,UG/M3,1 Hr,Valid
Ulaanbaatar,PM2.5 - Principal,2022-04-02 11:00 PM,2022,04,02,23,81.3,164,Unhealthy,60.0,UG/M3,1 Hr,Valid
Ulaanbaatar,PM2.5 - Principal,2022-04-03 12:00 AM,2022,04,03,00,63.6,155,Unhealthy,46.0,UG/M3,1 Hr,Valid
Ulaanbaatar,PM2.5 - Principal,2022-04-03 01:00 AM,2022,04,03,01,54.8,149,Unhealthy for Sensitive Groups,46.0,UG/M3,1 Hr,Valid
Ulaanbaatar,PM2.5 - Principal,2022-04-03 02:00 AM,2022,04,03,02,50.9,139,Unhealthy for Sensitive Groups,47.0,UG/M3,1 Hr,Valid
Ulaanbaatar,PM2.5 - Principal,2022-04-03 03:00 AM,2022,04,03,03,65.4,156,Unhealthy,80.0,UG/M3,1 Hr,Valid
Ulaanbaatar,PM2.5 - Principal,2022-04-03 04:00 AM,2022,04,03,04,55.7,151,Unhealthy,46.0,UG/M3,1 Hr,Valid
Ulaanbaatar,PM2.5 - Principal,2022-04-03 05:00 AM,2022,04,03,05,49.3,135,Unhealthy for Sensitive Groups,43.0,UG/M3,1 Hr,Valid
Ulaanbaatar,PM2.5 - Principal,2022-04-03 06:00 AM,2022,04,03,06,44.1,122,Unhealthy for Sensitive Groups,39.0,UG/M3,1 Hr,Valid
Ulaanbaatar,PM2.5 - Principal,2022-04-03 07:00 AM,2022,04,03,07,43.1,120,Unhealthy for Sensitive Groups,42.0,UG/M3,1 Hr,Valid
Ulaanbaatar,PM2.5 - Principal,2022-04-03 08:00 AM,2022,04,03,08,42.5,118,Unhealthy for Sensitive Groups,42.0,UG/M3,1 Hr,Valid
Ulaanbaatar,PM2.5 - Principal,2022-04-03 09:00 AM,2022,04,03,09,59.2,153,Unhealthy,76.0,UG/M3,1 Hr,Valid
Ulaanbaatar,PM2.5 - Principal,2022-04-03 10:00 AM,2022,04,03,10,64.1,155,Unhealthy,69.0,UG/M3,1 Hr,Valid
Ulaanbaatar,PM2.5 - Principal,2022-04-03 11:00 AM,2022,04,03,11,55.0,149,Unhealthy for Sensitive Groups,46.0,UG/M3,1 Hr,Valid
Ulaanbaatar,PM2.5 - Principal,2022-04-03 12:00 PM,2022,04,03,12,42.0,117,Unhealthy for Sensitive Groups,29.0,UG/M3,1 Hr,Valid
Ulaanbaatar,PM2.5 - Principal,2022-04-03 01:00 PM,2022,04,03,13,26.5,81,Moderate,11.0,UG/M3,1 Hr,Valid
Ulaanbaatar,PM2.5 - Principal,2022-04-03 02:00 PM,2022,04,03,14,18.2,64,Moderate,10.0,UG/M3,1 Hr,Valid
Ulaanbaatar,PM2.5 - Principal,2022-04-03 03:00 PM,2022,04,03,15,13.1,53,Moderate,8.0,UG/M3,1 Hr,Valid
Ulaanbaatar,PM2.5 - Principal,2022-04-03 04:00 PM,2022,04,03,16,10.5,44,Good,8.0,UG/M3,1 Hr,Valid
Ulaanbaatar,PM2.5 - Principal,2022-04-03 05:00 PM,2022,04,03,17,8.2,34,Good,6.0,UG/M3,1 Hr,Valid
Ulaanbaatar,PM2.5 - Principal,2022-04-03 06:00 PM,2022,04,03,18,6.1,25,Good,4.0,UG/M3,1 Hr,Valid
Ulaanbaatar,PM2.5 - Principal,2022-04-03 07:00 PM,2022,04,03,19,6.5,27,Good,7.0,UG/M3,1 Hr,Valid
Ulaanbaatar,PM2.5 - Principal,2022-04-03 08:00 PM,2022,04,03,20,9.2,38,Good,12.0,UG/M3,1 Hr,Valid
Ulaanbaatar,PM2.5 - Principal,2022-04-03 09:00 PM,2022,04,03,21,17.1,62,Moderate,25.0,UG/M3,1 Hr,Valid
Ulaanbaatar,PM2.5 - Principal,2022-04-03 10:00 PM,2022,04,03,22,96.0,172,Unhealthy,175.0,UG/M3,1 Hr,Valid
Ulaanbaatar,PM2.5 - Principal,2022-04-03 11:00 PM,2022,04,03,23,84.5,166,Unhealthy,73.0,UG/M3,1 Hr,Valid
Ulaanbaatar,PM2.5 - Principal,2022-04-04 12:00 AM,2022,04,04,00,72.2,160,Unhealthy,60.0,UG/M3,1 Hr,Valid
Ulaanbaatar,PM2.5 - Principal,2022-04-04 01:00 AM,2022,04,04,01,57.1,152,Unhealthy,42.0,UG/M3,1 Hr,Valid
Ulaanbaatar,PM2.5 - Principal,2022-04-04 02:00 AM,2022,04,04,02,53.5,145,Unhealthy for Sensitive Groups,50.0,UG/M3,1 Hr,Valid
Ulaanbaatar,PM2.5 - Principal,2022-04-04 03:00 AM,2022,04,04,03,44.2,122,Unhealthy for Sensitive Groups,35.0,UG/M3,1 Hr,Valid
Ulaanbaatar,PM2.5 - Principal,2022-04-04 04:00 AM,2022,04,04,04,41.1,115,Unhealthy for Sensitive Groups,38.0,UG/M3,1 Hr,Valid
Ulaanbaatar,PM2.5 - Principal,2022-04-04 05:00 AM,2022,04,04,05,32.0,93,Moderate,23.0,UG/M3,1 Hr,Valid
Ulaanbaatar,PM2.5 - Principal,2022-04-04 06:00 AM,2022,04,04,06,38.5,108,Unhealthy for Sensitive Groups,45.0,UG/M3,1 Hr,Valid
Ulaanbaatar,PM2.5 - Principal,2022-04-04 07:00 AM,2022,04,04,07,33.2,95,Moderate,28.0,UG/M3,1 Hr,Valid
Ulaanbaatar,PM2.5 - Principal,2022-04-04 08:00 AM,2022,04,04,08,30.6,90,Moderate,28.0,UG/M3,1 Hr,Valid
Ulaanbaatar,PM2.5 - Principal,2022-04-04 09:00 AM,2022,04,04,09,60.3,153,Unhealthy,90.0,UG/M3,1 Hr,Valid
Ulaanbaatar,PM2.5 - Principal,2022-04-04 10:00 AM,2022,04,04,10,59.1,153,Unhealthy,58.0,UG/M3,1 Hr,Valid
Ulaanbaatar,PM2.5 - Principal,2022-04-04 11:00 AM,2022,04,04,11,41.0,115,Unhealthy for Sensitive Groups,23.0,UG/M3,1 Hr,Valid
Ulaanbaatar,PM2.5 - Principal,2022-04-04 12:00 PM,2022,04,04,12,29.5,88,Moderate,18.0,UG/M3,1 Hr,Valid
Ulaanbaatar,PM2.5 - Principal,2022-04-04 01:00 PM,2022,04,04,13,20.7,69,Moderate,12.0,UG/M3,1 Hr,Valid
Ulaanbaatar,PM2.5 - Principal,2022-04-04 02:00 PM,2022,04,04,14,14.8,57,Moderate,9.0,UG/M3,1 Hr,Valid
Ulaanbaatar,PM2.5 - Principal,2022-04-04 03:00 PM,2022,04,04,15,15.9,59,Moderate,17.0,UG/M3,1 Hr,Valid
Ulaanbaatar,PM2.5 - Principal,2022-04-04 04:00 PM,2022,04,04,16,14.9,57,Moderate,14.0,UG/M3,1 Hr,Valid
Ulaanbaatar,PM2.5 - Principal,2022-04-04 05:00 PM,2022,04,04,17,12.9,53,Moderate,11.0,UG/M3,1 Hr,Valid
Ulaanbaatar,PM2.5 - Principal,2022-04-04 06:00 PM,2022,04,04,18,11.4,48,Good,10.0,UG/M3,1 Hr,Valid
Ulaanbaatar,PM2.5 - Principal,2022-04-04 07:00 PM,2022,04,04,19,11.7,49,Good,12.0,UG/M3,1 Hr,Valid
Ulaanbaatar,PM2.5 - Principal,2022-04-04 08:00 PM,2022,04,04,20,10.8,45,Good,10.0,UG/M3,1 Hr,Valid
Ulaanbaatar,PM2.5 - Principal,2022-04-04 09:00 PM,2022,04,04,21,10.9,45,Good,11.0,UG/M3,1 Hr,Valid
Ulaanbaatar,PM2.5 - Principal,2022-04-04 10:00 PM,2022,04,04,22,9.4,39,Good,8.0,UG/M3,1 Hr,Valid
Ulaanbaatar,PM2.5 - Principal,2022-04-04 11:00 PM,2022,04,04,23,11.2,47,Good,13.0,UG/M3,1 Hr,Valid
Ulaanbaatar,PM2.5 - Principal,2022-04-05 12:00 AM,2022,04,05,00,12.1,51,Moderate,13.0,UG/M3,1 Hr,Valid
Ulaanbaatar,PM2.5 - Principal,2022-04-05 01:00 AM,2022,04,05,01,12.0,50,Good,12.0,UG/M3,1 Hr,Valid
Ulaanbaatar,PM2.5 - Principal,2022-04-05 02:00 AM,2022,04,05,02,12.5,52,Moderate,13.0,UG/M3,1 Hr,Valid
Ulaanbaatar,PM2.5 - Principal,2022-04-05 03:00 AM,2022,04,05,03,10.5,44,Good,8.0,UG/M3,1 Hr,Valid
Ulaanbaatar,PM2.5 - Principal,2022-04-05 04:00 AM,2022,04,05,04,7.6,32,Good,5.0,UG/M3,1 Hr,Valid
Ulaanbaatar,PM2.5 - Principal,2022-04-05 05:00 AM,2022,04,05,05,8.8,37,Good,10.0,UG/M3,1 Hr,Valid
Ulaanbaatar,PM2.5 - Principal,2022-04-05 06:00 AM,2022,04,05,06,8.4,35,Good,8.0,UG/M3,1 Hr,Valid
Ulaanbaatar,PM2.5 - Principal,2022-04-05 07:00 AM,2022,04,05,07,6.7,28,Good,5.0,UG/M3,1 Hr,Valid
Ulaanbaatar,PM2.5 - Principal,2022-04-05 08:00 AM,2022,04,05,08,6.3,26,Good,6.0,UG/M3,1 Hr,Valid
Ulaanbaatar,PM2.5 - Principal,2022-04-05 09:00 AM,2022,04,05,09,14.1,55,Moderate,22.0,UG/M3,1 Hr,Valid
Ulaanbaatar,PM2.5 - Principal,2022-04-05 10:00 AM,2022,04,05,10,17.5,62,Moderate,21.0,UG/M3,1 Hr,Valid
Ulaanbaatar,PM2.5 - Principal,2022-04-05 11:00 AM,2022,04,05,11,16.2,60,Moderate,15.0,UG/M3,1 Hr,Valid
Ulaanbaatar,PM2.5 - Principal,2022-04-05 12:00 PM,2022,04,05,12,14.1,55,Moderate,12.0,UG/M3,1 Hr,Valid
Ulaanbaatar,PM2.5 - Principal,2022-04-05 01:00 PM,2022,04,05,13,12.5,52,Moderate,11.0,UG/M3,1 Hr,Valid
Ulaanbaatar,PM2.5 - Principal,2022-04-05 02:00 PM,2022,04,05,14,11.2,47,Good,10.0,UG/M3,1 Hr,Valid
Ulaanbaatar,PM2.5 - Principal,2022-04-05 03:00 PM,2022,04,05,15,18.1,64,Moderate,25.0,UG/M3,1 Hr,Valid
Ulaanbaatar,PM2.5 - Principal,2022-04-05 04:00 PM,2022,04,05,16,15.0,57,Moderate,12.0,UG/M3,1 Hr,Valid
Ulaanbaatar,PM2.5 - Principal,2022-04-05 05:00 PM,2022,04,05,17,12.5,52,Moderate,10.0,UG/M3,1 Hr,Valid
Ulaanbaatar,PM2.5 - Principal,2022-04-05 06:00 PM,2022,04,05,18,11.2,47,Good,10.0,UG/M3,1 Hr,Valid
Ulaanbaatar,PM2.5 - Principal,2022-04-05 07:00 PM,2022,04,05,19,11.6,48,Good,12.0,UG/M3,1 Hr,Valid
Ulaanbaatar,PM2.5 - Principal,2022-04-05 08:00 PM,2022,04,05,20,11.3,47,Good,11.0,UG/M3,1 Hr,Valid
Ulaanbaatar,PM2.5 - Principal,2022-04-05 09:00 PM,2022,04,05,21,17.6,63,Moderate,24.0,UG/M3,1 Hr,Valid
Ulaanbaatar,PM2.5 - Principal,2022-04-05 10:00 PM,2022,04,05,22,93.8,171,Unhealthy,170.0,UG/M3,1 Hr,Valid
Ulaanbaatar,PM2.5 - Principal,2022-04-05 11:00 PM,2022,04,05,23,163.4,214,Very Unhealthy,233.0,UG/M3,1 Hr,Valid
Ulaanbaatar,PM2.5 - Principal,2022-04-06 12:00 AM,2022,04,06,00,138.7,194,Unhealthy,114.0,UG/M3,1 Hr,Valid
Ulaanbaatar,PM2.5 - Principal,2022-04-06 01:00 AM,2022,04,06,01,93.3,171,Unhealthy,48.0,UG/M3,1 Hr,Valid
Ulaanbaatar,PM2.5 - Principal,2022-04-06 02:00 AM,2022,04,06,02,68.1,158,Unhealthy,43.0,UG/M3,1 Hr,Valid
Ulaanbaatar,PM2.5 - Principal,2022-04-06 03:00 AM,2022,04,06,03,52.0,142,Unhealthy for Sensitive Groups,36.0,UG/M3,1 Hr,Valid
Ulaanbaatar,PM2.5 - Principal,2022-04-06 04:00 AM,2022,04,06,04,38.5,108,Unhealthy for Sensitive Groups,25.0,UG/M3,1 Hr,Valid
Ulaanbaatar,PM2.5 - Principal,2022-04-06 05:00 AM,2022,04,06,05,28.2,85,Moderate,18.0,UG/M3,1 Hr,Valid
Ulaanbaatar,PM2.5 - Principal,2022-04-06 06:00 AM,2022,04,06,06,22.1,72,Moderate,16.0,UG/M3,1 Hr,Valid
Ulaanbaatar,PM2.5 - Principal,2022-04-06 07:00 AM,2022,04,06,07,18.5,64,Moderate,15.0,UG/M3,1 Hr,Valid
Ulaanbaatar,PM2.5 - Principal,2022-04-06 08:00 AM,2022,04,06,08,18.7,65,Moderate,19.0,UG/M3,1 Hr,Valid
Ulaanbaatar,PM2.5 - Principal,2022-04-06 09:00 AM,2022,04,06,09,37.3,105,Unhealthy for Sensitive Groups,56.0,UG/M3,1 Hr,Valid
Ulaanbaatar,PM2.5 - Principal,2022-04-06 10:00 AM,2022,04,06,10,51.6,141,Unhealthy for Sensitive Groups,66.0,UG/M3,1 Hr,Valid
Ulaanbaatar,PM2.5 - Principal,2022-04-06 11:00 AM,2022,04,06,11,58.3,152,Unhealthy,65.0,UG/M3,1 Hr,Valid
Ulaanbaatar,PM2.5 - Principal,2022-04-06 12:00 PM,2022,04,06,12,41.1,115,Unhealthy for Sensitive Groups,24.0,UG/M3,1 Hr,Valid
Ulaanbaatar,PM2.5 - Principal,2022-04-06 01:00 PM,2022,04,06,13,26.5,81,Moderate,12.0,UG/M3,1 Hr,Valid
Ulaanbaatar,PM2.5 - Principal,2022-04-06 02:00 PM,2022,04,06,14,24.2,76,Moderate,22.0,UG/M3,1 Hr,Valid
Ulaanbaatar,PM2.5 - Principal,2022-04-06 03:00 PM,2022,04,06,15,21.6,71,Moderate,19.0,UG/M3,1 Hr,Valid
Ulaanbaatar,PM2.5 - Principal,2022-04-06 04:00 PM,2022,04,06,16,13.8,55,Moderate,6.0,UG/M3,1 Hr,Valid
Ulaanbaatar,PM2.5 - Principal,2022-04-06 05:00 PM,2022,04,06,17,12.4,52,Moderate,11.0,UG/M3,1 Hr,Valid
Ulaanbaatar,PM2.5 - Principal,2022-04-06 06:00 PM,2022,04,06,18,10.7,45,Good,9.0,UG/M3,1 Hr,Valid
Ulaanbaatar,PM2.5 - Principal,2022-04-06 07:00 PM,2022,04,06,19,10.8,45,Good,11.0,UG/M3,1 Hr,Valid
Ulaanbaatar,PM2.5 - Principal,2022-04-06 08:00 PM,2022,04,06,20,14.9,57,Moderate,19.0,UG/M3,1 Hr,Valid
Ulaanbaatar,PM2.5 - Principal,2022-04-06 09:00 PM,2022,04,06,21,19.4,66,Moderate,24.0,UG/M3,1 Hr,Valid
Ulaanbaatar,PM2.5 - Principal,2022-04-06 10:00 PM,2022,04,06,22,101.7,175,Unhealthy,184.0,UG/M3,1 Hr,Valid
Ulaanbaatar,PM2.5 - Principal,2022-04-06 11:00 PM,2022,04,06,23,85.3,166,Unhealthy,69.0,UG/M3,1 Hr,Valid
Ulaanbaatar,PM2.5 - Principal,2022-04-07 12:00 AM,2022,04,07,00,66.6,157,Unhealthy,48.0,UG/M3,1 Hr,Valid
Ulaanbaatar,PM2.5 - Principal,2022-04-07 01:00 AM,2022,04,07,01,54.8,149,Unhealthy for Sensitive Groups,43.0,UG/M3,1 Hr,Valid
Ulaanbaatar,PM2.5 - Principal,2022-04-07 02:00 AM,2022,04,07,02,56.4,151,Unhealthy,58.0,UG/M3,1 Hr,Valid
Ulaanbaatar,PM2.5 - Principal,2022-04-07 03:00 AM,2022,04,07,03,48.7,134,Unhealthy for Sensitive Groups,41.0,UG/M3,1 Hr,Valid
Ulaanbaatar,PM2.5 - Principal,2022-04-07 04:00 AM,2022,04,07,04,41.3,115,Unhealthy for Sensitive Groups,34.0,UG/M3,1 Hr,Valid
Ulaanbaatar,PM2.5 - Principal,2022-04-07 05:00 AM,2022,04,07,05,35.1,99,Moderate,29.0,UG/M3,1 Hr,Valid
Ulaanbaatar,PM2.5 - Principal,2022-04-07 06:00 AM,2022,04,07,06,37.0,105,Unhealthy for Sensitive Groups,39.0,UG/M3,1 Hr,Valid
Ulaanbaatar,PM2.5 - Principal,2022-04-07 07:00 AM,2022,04,07,07,33.0,95,Moderate,29.0,UG/M3,1 Hr,Valid
Ulaanbaatar,PM2.5 - Principal,2022-04-07 08:00 AM,2022,04,07,08,35.0,99,Moderate,37.0,UG/M3,1 Hr,Valid
Ulaanbaatar,PM2.5 - Principal,2022-04-07 09:00 AM,2022,04,07,09,56.0,151,Unhealthy,77.0,UG/M3,1 Hr,Valid
Ulaanbaatar,PM2.5 - Principal,2022-04-07 10:00 AM,2022,04,07,10,74.4,161,Unhealthy,93.0,UG/M3,1 Hr,Valid
Ulaanbaatar,PM2.5 - Principal,2022-04-07 11:00 AM,2022,04,07,11,61.7,154,Unhealthy,49.0,UG/M3,1 Hr,Valid
Ulaanbaatar,PM2.5 - Principal,2022-04-07 12:00 PM,2022,04,07,12,59.3,153,Unhealthy,57.0,UG/M3,1 Hr,Valid
Ulaanbaatar,PM2.5 - Principal,2022-04-07 01:00 PM,2022,04,07,13,43.6,121,Unhealthy for Sensitive Groups,28.0,UG/M3,1 Hr,Valid
Ulaanbaatar,PM2.5 - Principal,2022-04-07 02:00 PM,2022,04,07,14,27.8,84,Moderate,12.0,UG/M3,1 Hr,Valid
Ulaanbaatar,PM2.5 - Principal,2022-04-07 03:00 PM,2022,04,07,15,20.4,68,Moderate,13.0,UG/M3,1 Hr,Valid
Ulaanbaatar,PM2.5 - Principal,2022-04-07 04:00 PM,2022,04,07,16,25.2,79,Moderate,30.0,UG/M3,1 Hr,Valid
Ulaanbaatar,PM2.5 - Principal,2022-04-07 05:00 PM,2022,04,07,17,22.1,72,Moderate,19.0,UG/M3,1 Hr,Valid
Ulaanbaatar,PM2.5 - Principal,2022-04-07 06:00 PM,2022,04,07,18,18.0,63,Moderate,14.0,UG/M3,1 Hr,Valid
Ulaanbaatar,PM2.5 - Principal,2022-04-07 07:00 PM,2022,04,07,19,15.5,58,Moderate,13.0,UG/M3,1 Hr,Valid
Ulaanbaatar,PM2.5 - Principal,2022-04-07 08:00 PM,2022,04,07,20,14.2,55,Moderate,13.0,UG/M3,1 Hr,Valid
Ulaanbaatar,PM2.5 - Principal,2022-04-07 09:00 PM,2022,04,07,21,20.1,68,Moderate,26.0,UG/M3,1 Hr,Valid
Ulaanbaatar,PM2.5 - Principal,2022-04-07 10:00 PM,2022,04,07,22,35.0,99,Moderate,50.0,UG/M3,1 Hr,Valid
Ulaanbaatar,PM2.5 - Principal,2022-04-07 11:00 PM,2022,04,07,23,38.0,107,Unhealthy for Sensitive Groups,41.0,UG/M3,1 Hr,Valid
Ulaanbaatar,PM2.5 - Principal,2022-04-08 12:00 AM,2022,04,08,00,34.5,98,Moderate,31.0,UG/M3,1 Hr,Valid
Ulaanbaatar,PM2.5 - Principal,2022-04-08 01:00 AM,2022,04,08,01,56.2,151,Unhealthy,78.0,UG/M3,1 Hr,Valid
Ulaanbaatar,PM2.5 - Principal,2022-04-08 02:00 AM,2022,04,08,02,39.1,110,Unhealthy for Sensitive Groups,22.0,UG/M3,1 Hr,Valid
Ulaanbaatar,PM2.5 - Principal,2022-04-08 03:00 AM,2022,04,08,03,30.0,89,Moderate,21.0,UG/M3,1 Hr,Valid
Ulaanbaatar,PM2.5 - Principal,2022-04-08 04:00 AM,2022,04,08,04,25.5,79,Moderate,21.0,UG/M3,1 Hr,Valid
Ulaanbaatar,PM2.5 - Principal,2022-04-08 05:00 AM,2022,04,08,05,22.7,73,Moderate,20.0,UG/M3,1 Hr,Valid
Ulaanbaatar,PM2.5 - Principal,2022-04-08 06:00 AM,2022,04,08,06,18.8,65,Moderate,15.0,UG/M3,1 Hr,Valid
Ulaanbaatar,PM2.5 - Principal,2022-04-08 07:00 AM,2022,04,08,07,13.4,54,Moderate,8.0,UG/M3,1 Hr,Valid
Ulaanbaatar,PM2.5 - Principal,2022-04-08 08:00 AM,2022,04,08,08,13.2,53,Moderate,13.0,UG/M3,1 Hr,Valid
Ulaanbaatar,PM2.5 - Principal,2022-04-08 09:00 AM,2022,04,08,09,14.6,56,Moderate,16.0,UG/M3,1 Hr,Valid
Ulaanbaatar,PM2.5 - Principal,2022-04-08 10:00 AM,2022,04,08,10,14.3,56,Moderate,14.0,UG/M3,1 Hr,Valid
Ulaanbaatar,PM2.5 - Principal,2022-04-08 11:00 AM,2022,04,08,11,23.6,75,Moderate,33.0,UG/M3,1 Hr,Valid
Ulaanbaatar,PM2.5 - Principal,2022-04-08 12:00 PM,2022,04,08,12,70.3,159,Unhealthy,117.0,UG/M3,1 Hr,Valid
Ulaanbaatar,PM2.5 - Principal,2022-04-08 01:00 PM,2022,04,08,13,42.1,117,Unhealthy for Sensitive Groups,14.0,UG/M3,1 Hr,Valid
Ulaanbaatar,PM2.5 - Principal,2022-04-08 02:00 PM,2022,04,08,14,27.0,82,Moderate,12.0,UG/M3,1 Hr,Valid
Ulaanbaatar,PM2.5 - Principal,2022-04-08 03:00 PM,2022,04,08,15,53.0,144,Unhealthy for Sensitive Groups,79.0,UG/M3,1 Hr,Valid
Ulaanbaatar,PM2.5 - Principal,2022-04-08 04:00 PM,2022,04,08,16,31.0,91,Moderate,9.0,UG/M3,1 Hr,Valid
Ulaanbaatar,PM2.5 - Principal,2022-04-08 05:00 PM,2022,04,08,17,35.0,99,Moderate,39.0,UG/M3,1 Hr,Valid
Ulaanbaatar,PM2.5 - Principal,2022-04-08 06:00 PM,2022,04,08,18,50.5,138,Unhealthy for Sensitive Groups,66.0,UG/M3,1 Hr,Valid
Ulaanbaatar,PM2.5 - Principal,2022-04-08 07:00 PM,2022,04,08,19,28.7,86,Moderate,7.0,UG/M3,1 Hr,Valid
Ulaanbaatar,PM2.5 - Principal,2022-04-08 08:00 PM,2022,04,08,20,30.3,89,Moderate,32.0,UG/M3,1 Hr,Valid
Ulaanbaatar,PM2.5 - Principal,2022-04-08 09:00 PM,2022,04,08,21,75.7,161,Unhealthy,121.0,UG/M3,1 Hr,Valid
Ulaanbaatar,PM2.5 - Principal,2022-04-08 10:00 PM,2022,04,08,22,71.8,159,Unhealthy,68.0,UG/M3,1 Hr,Valid
Ulaanbaatar,PM2.5 - Principal,2022-04-08 11:00 PM,2022,04,08,23,55.4,150,Unhealthy for Sensitive Groups,39.0,UG/M3,1 Hr,Valid
Ulaanbaatar,PM2.5 - Principal,2022-04-09 12:00 AM,2022,04,09,00,71.2,159,Unhealthy,87.0,UG/M3,1 Hr,Valid
Ulaanbaatar,PM2.5 - Principal,2022-04-09 01:00 AM,2022,04,09,01,68.1,158,Unhealthy,65.0,UG/M3,1 Hr,Valid
Ulaanbaatar,PM2.5 - Principal,2022-04-09 02:00 AM,2022,04,09,02,58.0,152,Unhealthy,48.0,UG/M3,1 Hr,Valid
Ulaanbaatar,PM2.5 - Principal,2022-04-09 03:00 AM,2022,04,09,03,32.0,93,Moderate,6.0,UG/M3,1 Hr,Valid
Ulaanbaatar,PM2.5 - Principal,2022-04-09 04:00 AM,2022,04,09,04,20.5,69,Moderate,9.0,UG/M3,1 Hr,Valid
Ulaanbaatar,PM2.5 - Principal,2022-04-09 05:00 AM,2022,04,09,05,48.7,134,Unhealthy for Sensitive Groups,77.0,UG/M3,1 Hr,Valid
Ulaanbaatar,PM2.5 - Principal,2022-04-09 06:00 AM,2022,04,09,06,36.3,103,Unhealthy for Sensitive Groups,24.0,UG/M3,1 Hr,Valid
Ulaanbaatar,PM2.5 - Principal,2022-04-09 07:00 AM,2022,04,09,07,23.1,74,Moderate,10.0,UG/M3,1 Hr,Valid
Ulaanbaatar,PM2.5 - Principal,2022-04-09 08:00 AM,2022,04,09,08,17.0,61,Moderate,11.0,UG/M3,1 Hr,Valid
Ulaanbaatar,PM2.5 - Principal,2022-04-09 09:00 AM,2022,04,09,09,34.0,97,Moderate,51.0,UG/M3,1 Hr,Valid
Ulaanbaatar,PM2.5 - Principal,2022-04-09 10:00 AM,2022,04,09,10,26.0,80,Moderate,18.0,UG/M3,1 Hr,Valid
Ulaanbaatar,PM2.5 - Principal,2022-04-09 11:00 AM,2022,04,09,11,24.0,76,Moderate,22.0,UG/M3,1 Hr,Valid
Ulaanbaatar,PM2.5 - Principal,2022-04-09 12:00 PM,2022,04,09,12,86.5,167,Unhealthy,149.0,UG/M3,1 Hr,Valid
Ulaanbaatar,PM2.5 - Principal,2022-04-09 01:00 PM,2022,04,09,13,59.7,153,Unhealthy,33.0,UG/M3,1 Hr,Valid
Ulaanbaatar,PM2.5 - Principal,2022-04-09 02:00 PM,2022,04,09,14,54.8,149,Unhealthy for Sensitive Groups,50.0,UG/M3,1 Hr,Valid
Ulaanbaatar,PM2.5 - Principal,2022-04-09 03:00 PM,2022,04,09,15,79.4,163,Unhealthy,104.0,UG/M3,1 Hr,Valid
Ulaanbaatar,PM2.5 - Principal,2022-04-09 04:00 PM,2022,04,09,16,97.7,173,Unhealthy,116.0,UG/M3,1 Hr,Valid
Ulaanbaatar,PM2.5 - Principal,2022-04-09 05:00 PM,2022,04,09,17,100.8,174,Unhealthy,104.0,UG/M3,1 Hr,Valid
Ulaanbaatar,PM2.5 - Principal,2022-04-09 06:00 PM,2022,04,09,18,102.9,175,Unhealthy,105.0,UG/M3,1 Hr,Valid
Ulaanbaatar,PM2.5 - Principal,2022-04-09 07:00 PM,2022,04,09,19,66.4,157,Unhealthy,30.0,UG/M3,1 Hr,Valid
Ulaanbaatar,PM2.5 - Principal,2022-04-09 08:00 PM,2022,04,09,20,44.2,122,Unhealthy for Sensitive Groups,22.0,UG/M3,1 Hr,Valid
Ulaanbaatar,PM2.5 - Principal,2022-04-09 09:00 PM,2022,04,09,21,30.6,90,Moderate,17.0,UG/M3,1 Hr,Valid
Ulaanbaatar,PM2.5 - Principal,2022-04-09 10:00 PM,2022,04,09,22,23.8,76,Moderate,17.0,UG/M3,1 Hr,Valid
Ulaanbaatar,PM2.5 - Principal,2022-04-09 11:00 PM,2022,04,09,23,17.4,62,Moderate,11.0,UG/M3,1 Hr,Valid
Ulaanbaatar,PM2.5 - Principal,2022-04-10 12:00 AM,2022,04,10,00,13.6,54,Moderate,10.0,UG/M3,1 Hr,Valid
Ulaanbaatar,PM2.5 - Principal,2022-04-10 01:00 AM,2022,04,10,01,9.8,41,Good,6.0,UG/M3,1 Hr,Valid
Ulaanbaatar,PM2.5 - Principal,2022-04-10 02:00 AM,2022,04,10,02,11.9,50,Good,14.0,UG/M3,1 Hr,Valid
Ulaanbaatar,PM2.5 - Principal,2022-04-10 03:00 AM,2022,04,10,03,19.4,66,Moderate,27.0,UG/M3,1 Hr,Valid
Ulaanbaatar,PM2.5 - Principal,2022-04-10 04:00 AM,2022,04,10,04,12.7,52,Moderate,6.0,UG/M3,1 Hr,Valid
Ulaanbaatar,PM2.5 - Principal,2022-04-10 05:00 AM,2022,04,10,05,8.8,37,Good,5.0,UG/M3,1 Hr,Valid
Ulaanbaatar,PM2.5 - Principal,2022-04-10 06:00 AM,2022,04,10,06,8.4,35,Good,8.0,UG/M3,1 Hr,Valid
Ulaanbaatar,PM2.5 - Principal,2022-04-10 07:00 AM,2022,04,10,07,8.2,34,Good,8.0,UG/M3,1 Hr,Valid
Ulaanbaatar,PM2.5 - Principal,2022-04-10 08:00 AM,2022,04,10,08,7.0,29,Good,6.0,UG/M3,1 Hr,Valid
Ulaanbaatar,PM2.5 - Principal,2022-04-10 09:00 AM,2022,04,10,09,11.0,46,Good,15.0,UG/M3,1 Hr,Valid
Ulaanbaatar,PM2.5 - Principal,2022-04-10 10:00 AM,2022,04,10,10,16.5,60,Moderate,22.0,UG/M3,1 Hr,Valid
Ulaanbaatar,PM2.5 - Principal,2022-04-10 11:00 AM,2022,04,10,11,32.2,93,Moderate,48.0,UG/M3,1 Hr,Valid
Ulaanbaatar,PM2.5 - Principal,2022-04-10 12:00 PM,2022,04,10,12,29.1,87,Moderate,26.0,UG/M3,1 Hr,Valid
Ulaanbaatar,PM2.5 - Principal,2022-04-10 01:00 PM,2022,04,10,13,25.0,78,Moderate,21.0,UG/M3,1 Hr,Valid
Ulaanbaatar,PM2.5 - Principal,2022-04-10 02:00 PM,2022,04,10,14,16.5,60,Moderate,8.0,UG/M3,1 Hr,Valid
Ulaanbaatar,PM2.5 - Principal,2022-04-10 03:00 PM,2022,04,10,15,15.2,58,Moderate,14.0,UG/M3,1 Hr,Valid
Ulaanbaatar,PM2.5 - Principal,2022-04-10 04:00 PM,2022,04,10,16,21.1,70,Moderate,27.0,UG/M3,1 Hr,Valid
Ulaanbaatar,PM2.5 - Principal,2022-04-10 05:00 PM,2022,04,10,17,26.0,80,Moderate,31.0,UG/M3,1 Hr,Valid
Ulaanbaatar,PM2.5 - Principal,2022-04-10 06:00 PM,2022,04,10,18,24.0,76,Moderate,22.0,UG/M3,1 Hr,Valid
Ulaanbaatar,PM2.5 - Principal,2022-04-10 07:00 PM,2022,04,10,19,32.0,93,Moderate,40.0,UG/M3,1 Hr,Valid
Ulaanbaatar,PM2.5 - Principal,2022-04-10 08:00 PM,2022,04,10,20,22.0,72,Moderate,12.0,UG/M3,1 Hr,Valid
Ulaanbaatar,PM2.5 - Principal,2022-04-10 09:00 PM,2022,04,10,21,21.0,70,Moderate,20.0,UG/M3,1 Hr,Valid
Ulaanbaatar,PM2.5 - Principal,2022-04-10 10:00 PM,2022,04,10,22,18.5,64,Moderate,16.0,UG/M3,1 Hr,Valid
Ulaanbaatar,PM2.5 - Principal,2022-04-10 11:00 PM,2022,04,10,23,14.7,56,Moderate,11.0,UG/M3,1 Hr,Valid
Ulaanbaatar,PM2.5 - Principal,2022-04-11 12:00 AM,2022,04,11,00,11.3,47,Good,8.0,UG/M3,1 Hr,Valid
Ulaanbaatar,PM2.5 - Principal,2022-04-11 01:00 AM,2022,04,11,01,12.1,51,Moderate,13.0,UG/M3,1 Hr,Valid
Ulaanbaatar,PM2.5 - Principal,2022-04-11 02:00 AM,2022,04,11,02,10.5,44,Good,9.0,UG/M3,1 Hr,Valid
Ulaanbaatar,PM2.5 - Principal,2022-04-11 03:00 AM,2022,04,11,03,9.2,38,Good,8.0,UG/M3,1 Hr,Valid
Ulaanbaatar,PM2.5 - Principal,2022-04-11 04:00 AM,2022,04,11,04,9.1,38,Good,9.0,UG/M3,1 Hr,Valid
Ulaanbaatar,PM2.5 - Principal,2022-04-11 05:00 AM,2022,04,11,05,9.0,38,Good,9.0,UG/M3,1 Hr,Valid
Ulaanbaatar,PM2.5 - Principal,2022-04-11 06:00 AM,2022,04,11,06,9.0,38,Good,9.0,UG/M3,1 Hr,Valid
Ulaanbaatar,PM2.5 - Principal,2022-04-11 07:00 AM,2022,04,11,07,7.0,29,Good,5.0,UG/M3,1 Hr,Valid
Ulaanbaatar,PM2.5 - Principal,2022-04-11 08:00 AM,2022,04,11,08,8.5,35,Good,10.0,UG/M3,1 Hr,Valid
Ulaanbaatar,PM2.5 - Principal,2022-04-11 09:00 AM,2022,04,11,09,12.7,52,Moderate,17.0,UG/M3,1 Hr,Valid
Ulaanbaatar,PM2.5 - Principal,2022-04-11 10:00 AM,2022,04,11,10,11.3,47,Good,10.0,UG/M3,1 Hr,Valid
Ulaanbaatar,PM2.5 - Principal,2022-04-11 11:00 AM,2022,04,11,11,9.6,40,Good,8.0,UG/M3,1 Hr,Valid
Ulaanbaatar,PM2.5 - Principal,2022-04-11 12:00 PM,2022,04,11,12,8.3,35,Good,7.0,UG/M3,1 Hr,Valid
Ulaanbaatar,PM2.5 - Principal,2022-04-11 01:00 PM,2022,04,11,13,6.6,28,Good,5.0,UG/M3,1 Hr,Valid
Ulaanbaatar,PM2.5 - Principal,2022-04-11 02:00 PM,2022,04,11,14,4.8,20,Good,3.0,UG/M3,1 Hr,Valid
Ulaanbaatar,PM2.5 - Principal,2022-04-11 03:00 PM,2022,04,11,15,4.4,18,Good,4.0,UG/M3,1 Hr,Valid
Ulaanbaatar,PM2.5 - Principal,2022-04-11 04:00 PM,2022,04,11,16,4.2,18,Good,4.0,UG/M3,1 Hr,Valid
Ulaanbaatar,PM2.5 - Principal,2022-04-11 05:00 PM,2022,04,11,17,3.1,13,Good,2.0,UG/M3,1 Hr,Valid
Ulaanbaatar,PM2.5 - Principal,2022-04-11 06:00 PM,2022,04,11,18,3.5,15,Good,4.0,UG/M3,1 Hr,Valid
Ulaanbaatar,PM2.5 - Principal,2022-04-11 07:00 PM,2022,04,11,19,5.2,22,Good,7.0,UG/M3,1 Hr,Valid
Ulaanbaatar,PM2.5 - Principal,2022-04-11 08:00 PM,2022,04,11,20,8.1,34,Good,11.0,UG/M3,1 Hr,Valid
Ulaanbaatar,PM2.5 - Principal,2022-04-11 09:00 PM,2022,04,11,21,10.5,44,Good,13.0,UG/M3,1 Hr,Valid
Ulaanbaatar,PM2.5 - Principal,2022-04-11 10:00 PM,2022,04,11,22,21.7,71,Moderate,33.0,UG/M3,1 Hr,Valid
Ulaanbaatar,PM2.5 - Principal,2022-04-11 11:00 PM,2022,04,11,23,27.3,83,Moderate,33.0,UG/M3,1 Hr,Valid
Ulaanbaatar,PM2.5 - Principal,2022-04-12 12:00 AM,2022,04,12,00,43.7,121,Unhealthy for Sensitive Groups,60.0,UG/M3,1 Hr,Valid
Ulaanbaatar,PM2.5 - Principal,2022-04-12 01:00 AM,2022,04,12,01,48.3,133,Unhealthy for Sensitive Groups,53.0,UG/M3,1 Hr,Valid
Ulaanbaatar,PM2.5 - Principal,2022-04-12 02:00 AM,2022,04,12,02,40.6,114,Unhealthy for Sensitive Groups,33.0,UG/M3,1 Hr,Valid
Ulaanbaatar,PM2.5 - Principal,2022-04-12 03:00 AM,2022,04,12,03,34.3,98,Moderate,28.0,UG/M3,1 Hr,Valid
Ulaanbaatar,PM2.5 - Principal,2022-04-12 04:00 AM,2022,04,12,04,26.6,81,Moderate,19.0,UG/M3,1 Hr,Valid
Ulaanbaatar,PM2.5 - Principal,2022-04-12 05:00 AM,2022,04,12,05,20.3,68,Moderate,14.0,UG/M3,1 Hr,Valid
Ulaanbaatar,PM2.5 - Principal,2022-04-12 06:00 AM,2022,04,12,06,16.6,60,Moderate,13.0,UG/M3,1 Hr,Valid
Ulaanbaatar,PM2.5 - Principal,2022-04-12 07:00 AM,2022,04,12,07,14.3,56,Moderate,12.0,UG/M3,1 Hr,Valid
Ulaanbaatar,PM2.5 - Principal,2022-04-12 08:00 AM,2022,04,12,08,18.1,64,Moderate,22.0,UG/M3,1 Hr,Valid
Ulaanbaatar,PM2.5 - Principal,2022-04-12 09:00 AM,2022,04,12,09,43.5,121,Unhealthy for Sensitive Groups,69.0,UG/M3,1 Hr,Valid
Ulaanbaatar,PM2.5 - Principal,2022-04-12 10:00 AM,2022,04,12,10,48.2,132,Unhealthy for Sensitive Groups,53.0,UG/M3,1 Hr,Valid
Ulaanbaatar,PM2.5 - Principal,2022-04-12 11:00 AM,2022,04,12,11,38.6,109,Unhealthy for Sensitive Groups,29.0,UG/M3,1 Hr,Valid
Ulaanbaatar,PM2.5 - Principal,2022-04-12 12:00 PM,2022,04,12,12,28.8,86,Moderate,19.0,UG/M3,1 Hr,Valid
Ulaanbaatar,PM2.5 - Principal,2022-04-12 01:00 PM,2022,04,12,13,21.4,71,Moderate,14.0,UG/M3,1 Hr,Valid
Ulaanbaatar,PM2.5 - Principal,2022-04-12 02:00 PM,2022,04,12,14,16.1,59,Moderate,11.0,UG/M3,1 Hr,Valid
Ulaanbaatar,PM2.5 - Principal,2022-04-12 03:00 PM,2022,04,12,15,16.5,60,Moderate,17.0,UG/M3,1 Hr,Valid
Ulaanbaatar,PM2.5 - Principal,2022-04-12 04:00 PM,2022,04,12,16,21.3,70,Moderate,26.0,UG/M3,1 Hr,Valid
Ulaanbaatar,PM2.5 - Principal,2022-04-12 05:00 PM,2022,04,12,17,21.6,71,Moderate,22.0,UG/M3,1 Hr,Valid
Ulaanbaatar,PM2.5 - Principal,2022-04-12 06:00 PM,2022,04,12,18,22.8,74,Moderate,24.0,UG/M3,1 Hr,Valid
Ulaanbaatar,PM2.5 - Principal,2022-04-12 07:00 PM,2022,04,12,19,21.4,71,Moderate,20.0,UG/M3,1 Hr,Valid
Ulaanbaatar,PM2.5 - Principal,2022-04-12 08:00 PM,2022,04,12,20,20.7,69,Moderate,20.0,UG/M3,1 Hr,Valid
Ulaanbaatar,PM2.5 - Principal,2022-04-12 09:00 PM,2022,04,12,21,22.8,74,Moderate,25.0,UG/M3,1 Hr,Valid
Ulaanbaatar,PM2.5 - Principal,2022-04-12 10:00 PM,2022,04,12,22,18.9,65,Moderate,15.0,UG/M3,1 Hr,Valid
Ulaanbaatar,PM2.5 - Principal,2022-04-12 11:00 PM,2022,04,12,23,14.4,56,Moderate,10.0,UG/M3,1 Hr,Valid
Ulaanbaatar,PM2.5 - Principal,2022-04-13 12:00 AM,2022,04,13,00,23.2,74,Moderate,32.0,UG/M3,1 Hr,Valid
Ulaanbaatar,PM2.5 - Principal,2022-04-13 01:00 AM,2022,04,13,01,44.1,122,Unhealthy for Sensitive Groups,65.0,UG/M3,1 Hr,Valid
Ulaanbaatar,PM2.5 - Principal,2022-04-13 02:00 AM,2022,04,13,02,46.0,127,Unhealthy for Sensitive Groups,48.0,UG/M3,1 Hr,Valid
Ulaanbaatar,PM2.5 - Principal,2022-04-13 03:00 AM,2022,04,13,03,38.0,107,Unhealthy for Sensitive Groups,30.0,UG/M3,1 Hr,Valid
Ulaanbaatar,PM2.5 - Principal,2022-04-13 04:00 AM,2022,04,13,04,35.0,99,Moderate,32.0,UG/M3,1 Hr,Valid
Ulaanbaatar,PM2.5 - Principal,2022-04-13 05:00 AM,2022,04,13,05,27.0,82,Moderate,19.0,UG/M3,1 Hr,Valid
Ulaanbaatar,PM2.5 - Principal,2022-04-13 06:00 AM,2022,04,13,06,21.5,71,Moderate,16.0,UG/M3,1 Hr,Valid
Ulaanbaatar,PM2.5 - Principal,2022-04-13 07:00 AM,2022,04,13,07,18.7,65,Moderate,16.0,UG/M3,1 Hr,Valid
Ulaanbaatar,PM2.5 - Principal,2022-04-13 08:00 AM,2022,04,13,08,19.8,67,Moderate,21.0,UG/M3,1 Hr,Valid
Ulaanbaatar,PM2.5 - Principal,2022-04-13 09:00 AM,2022,04,13,09,36.9,104,Unhealthy for Sensitive Groups,54.0,UG/M3,1 Hr,Valid
Ulaanbaatar,PM2.5 - Principal,2022-04-13 10:00 AM,2022,04,13,10,41.9,117,Unhealthy for Sensitive Groups,47.0,UG/M3,1 Hr,Valid
Ulaanbaatar,PM2.5 - Principal,2022-04-13 11:00 AM,2022,04,13,11,33.4,96,Moderate,25.0,UG/M3,1 Hr,Valid
Ulaanbaatar,PM2.5 - Principal,2022-04-13 12:00 PM,2022,04,13,12,30.2,89,Moderate,27.0,UG/M3,1 Hr,Valid
Ulaanbaatar,PM2.5 - Principal,2022-04-13 01:00 PM,2022,04,13,13,25.6,79,Moderate,21.0,UG/M3,1 Hr,Valid
Ulaanbaatar,PM2.5 - Principal,2022-04-13 02:00 PM,2022,04,13,14,18.8,65,Moderate,12.0,UG/M3,1 Hr,Valid
Ulaanbaatar,PM2.5 - Principal,2022-04-13 03:00 PM,2022,04,13,15,15.3,58,Moderate,12.0,UG/M3,1 Hr,Valid
Ulaanbaatar,PM2.5 - Principal,2022-04-13 04:00 PM,2022,04,13,16,12.6,52,Moderate,10.0,UG/M3,1 Hr,Valid
Ulaanbaatar,PM2.5 - Principal,2022-04-13 05:00 PM,2022,04,13,17,11.8,49,Good,11.0,UG/M3,1 Hr,Valid
Ulaanbaatar,PM2.5 - Principal,2022-04-13 06:00 PM,2022,04,13,18,11.9,50,Good,12.0,UG/M3,1 Hr,Valid
Ulaanbaatar,PM2.5 - Principal,2022-04-13 07:00 PM,2022,04,13,19,12.9,53,Moderate,14.0,UG/M3,1 Hr,Valid
Ulaanbaatar,PM2.5 - Principal,2022-04-13 08:00 PM,2022,04,13,20,15.4,58,Moderate,18.0,UG/M3,1 Hr,Valid
Ulaanbaatar,PM2.5 - Principal,2022-04-13 09:00 PM,2022,04,13,21,19.2,66,Moderate,23.0,UG/M3,1 Hr,Valid
Ulaanbaatar,PM2.5 - Principal,2022-04-13 10:00 PM,2022,04,13,22,23.6,75,Moderate,28.0,UG/M3,1 Hr,Valid
Ulaanbaatar,PM2.5 - Principal,2022-04-13 11:00 PM,2022,04,13,23,26.3,81,Moderate,29.0,UG/M3,1 Hr,Valid
Ulaanbaatar,PM2.5 - Principal,2022-04-14 12:00 AM,2022,04,14,00,52.6,143,Unhealthy for Sensitive Groups,79.0,UG/M3,1 Hr,Valid
Ulaanbaatar,PM2.5 - Principal,2022-04-14 01:00 AM,2022,04,14,01,45.8,126,Unhealthy for Sensitive Groups,39.0,UG/M3,1 Hr,Valid
Ulaanbaatar,PM2.5 - Principal,2022-04-14 02:00 AM,2022,04,14,02,40.9,114,Unhealthy for Sensitive Groups,36.0,UG/M3,1 Hr,Valid
Ulaanbaatar,PM2.5 - Principal,2022-04-14 03:00 AM,2022,04,14,03,37.4,106,Unhealthy for Sensitive Groups,34.0,UG/M3,1 Hr,Valid
Ulaanbaatar,PM2.5 - Principal,2022-04-14 04:00 AM,2022,04,14,04,42.7,119,Unhealthy for Sensitive Groups,48.0,UG/M3,1 Hr,Valid
Ulaanbaatar,PM2.5 - Principal,2022-04-14 05:00 AM,2022,04,14,05,45.3,125,Unhealthy for Sensitive Groups,48.0,UG/M3,1 Hr,Valid
Ulaanbaatar,PM2.5 - Principal,2022-04-14 06:00 AM,2022,04,14,06,45.6,126,Unhealthy for Sensitive Groups,46.0,UG/M3,1 Hr,Valid
Ulaanbaatar,PM2.5 - Principal,2022-04-14 07:00 AM,2022,04,14,07,36.3,103,Unhealthy for Sensitive Groups,27.0,UG/M3,1 Hr,Valid
Ulaanbaatar,PM2.5 - Principal,2022-04-14 08:00 AM,2022,04,14,08,30.6,90,Moderate,25.0,UG/M3,1 Hr,Valid
Ulaanbaatar,PM2.5 - Principal,2022-04-14 09:00 AM,2022,04,14,09,47.3,130,Unhealthy for Sensitive Groups,64.0,UG/M3,1 Hr,Valid
Ulaanbaatar,PM2.5 - Principal,2022-04-14 10:00 AM,2022,04,14,10,65.1,156,Unhealthy,83.0,UG/M3,1 Hr,Valid
Ulaanbaatar,PM2.5 - Principal,2022-04-14 11:00 AM,2022,04,14,11,41.0,115,Unhealthy for Sensitive Groups,17.0,UG/M3,1 Hr,Valid
Ulaanbaatar,PM2.5 - Principal,2022-04-14 12:00 PM,2022,04,14,12,25.0,78,Moderate,9.0,UG/M3,1 Hr,Valid
Ulaanbaatar,PM2.5 - Principal,2022-04-14 01:00 PM,2022,04,14,13,16.0,59,Moderate,7.0,UG/M3,1 Hr,Valid
Ulaanbaatar,PM2.5 - Principal,2022-04-14 02:00 PM,2022,04,14,14,11.5,48,Good,7.0,UG/M3,1 Hr,Valid
Ulaanbaatar,PM2.5 - Principal,2022-04-14 03:00 PM,2022,04,14,15,9.7,40,Good,8.0,UG/M3,1 Hr,Valid
Ulaanbaatar,PM2.5 - Principal,2022-04-14 04:00 PM,2022,04,14,16,7.8,33,Good,6.0,UG/M3,1 Hr,Valid
Ulaanbaatar,PM2.5 - Principal,2022-04-14 05:00 PM,2022,04,14,17,5.9,25,Good,4.0,UG/M3,1 Hr,Valid
Ulaanbaatar,PM2.5 - Principal,2022-04-14 06:00 PM,2022,04,14,18,6.4,27,Good,7.0,UG/M3,1 Hr,Valid
Ulaanbaatar,PM2.5 - Principal,2022-04-14 07:00 PM,2022,04,14,19,6.2,26,Good,6.0,UG/M3,1 Hr,Valid
Ulaanbaatar,PM2.5 - Principal,2022-04-14 08:00 PM,2022,04,14,20,6.1,25,Good,6.0,UG/M3,1 Hr,Valid
Ulaanbaatar,PM2.5 - Principal,2022-04-14 09:00 PM,2022,04,14,21,6.5,27,Good,7.0,UG/M3,1 Hr,Valid
Ulaanbaatar,PM2.5 - Principal,2022-04-14 10:00 PM,2022,04,14,22,52.7,143,Unhealthy for Sensitive Groups,99.0,UG/M3,1 Hr,Valid
Ulaanbaatar,PM2.5 - Principal,2022-04-14 11:00 PM,2022,04,14,23,68.3,158,Unhealthy,84.0,UG/M3,1 Hr,Valid
Ulaanbaatar,PM2.5 - Principal,2022-04-15 12:00 AM,2022,04,15,00,72.2,160,Unhealthy,76.0,UG/M3,1 Hr,Valid
Ulaanbaatar,PM2.5 - Principal,2022-04-15 01:00 AM,2022,04,15,01,80.6,164,Unhealthy,89.0,UG/M3,1 Hr,Valid
Ulaanbaatar,PM2.5 - Principal,2022-04-15 02:00 AM,2022,04,15,02,73.3,160,Unhealthy,66.0,UG/M3,1 Hr,Valid
Ulaanbaatar,PM2.5 - Principal,2022-04-15 03:00 AM,2022,04,15,03,60.6,154,Unhealthy,48.0,UG/M3,1 Hr,Valid
Ulaanbaatar,PM2.5 - Principal,2022-04-15 04:00 AM,2022,04,15,04,52.8,144,Unhealthy for Sensitive Groups,45.0,UG/M3,1 Hr,Valid
Ulaanbaatar,PM2.5 - Principal,2022-04-15 05:00 AM,2022,04,15,05,40.4,113,Unhealthy for Sensitive Groups,28.0,UG/M3,1 Hr,Valid
Ulaanbaatar,PM2.5 - Principal,2022-04-15 06:00 AM,2022,04,15,06,30.7,90,Moderate,21.0,UG/M3,1 Hr,Valid
Ulaanbaatar,PM2.5 - Principal,2022-04-15 07:00 AM,2022,04,15,07,25.3,79,Moderate,20.0,UG/M3,1 Hr,Valid
Ulaanbaatar,PM2.5 - Principal,2022-04-15 08:00 AM,2022,04,15,08,25.6,79,Moderate,26.0,UG/M3,1 Hr,Valid
Ulaanbaatar,PM2.5 - Principal,2022-04-15 09:00 AM,2022,04,15,09,52.8,144,Unhealthy for Sensitive Groups,80.0,UG/M3,1 Hr,Valid
Ulaanbaatar,PM2.5 - Principal,2022-04-15 10:00 AM,2022,04,15,10,53.4,145,Unhealthy for Sensitive Groups,54.0,UG/M3,1 Hr,Valid
Ulaanbaatar,PM2.5 - Principal,2022-04-15 11:00 AM,2022,04,15,11,39.2,110,Unhealthy for Sensitive Groups,25.0,UG/M3,1 Hr,Valid
Ulaanbaatar,PM2.5 - Principal,2022-04-15 12:00 PM,2022,04,15,12,43.5,121,Unhealthy for Sensitive Groups,48.0,UG/M3,1 Hr,Valid
Ulaanbaatar,PM2.5 - Principal,2022-04-15 01:00 PM,2022,04,15,13,34.7,99,Moderate,26.0,UG/M3,1 Hr,Valid
Ulaanbaatar,PM2.5 - Principal,2022-04-15 02:00 PM,2022,04,15,14,19.3,66,Moderate,4.0,UG/M3,1 Hr,Valid
Ulaanbaatar,PM2.5 - Principal,2022-04-15 03:00 PM,2022,04,15,15,12.6,52,Moderate,6.0,UG/M3,1 Hr,Valid
Ulaanbaatar,PM2.5 - Principal,2022-04-15 04:00 PM,2022,04,15,16,8.3,35,Good,4.0,UG/M3,1 Hr,Valid
Ulaanbaatar,PM2.5 - Principal,2022-04-15 05:00 PM,2022,04,15,17,5.6,23,Good,3.0,UG/M3,1 Hr,Valid
Ulaanbaatar,PM2.5 - Principal,2022-04-15 06:00 PM,2022,04,15,18,4.3,18,Good,3.0,UG/M3,1 Hr,Valid
Ulaanbaatar,PM2.5 - Principal,2022-04-15 07:00 PM,2022,04,15,19,4.1,17,Good,4.0,UG/M3,1 Hr,Valid
Ulaanbaatar,PM2.5 - Principal,2022-04-15 08:00 PM,2022,04,15,20,5.5,23,Good,7.0,UG/M3,1 Hr,Valid
Ulaanbaatar,PM2.5 - Principal,2022-04-15 09:00 PM,2022,04,15,21,11.7,49,Good,18.0,UG/M3,1 Hr,Valid
Ulaanbaatar,PM2.5 - Principal,2022-04-15 10:00 PM,2022,04,15,22,18.8,65,Moderate,26.0,UG/M3,1 Hr,Valid
Ulaanbaatar,PM2.5 - Principal,2022-04-15 11:00 PM,2022,04,15,23,33.9,97,Moderate,49.0,UG/M3,1 Hr,Valid
Ulaanbaatar,PM2.5 - Principal,2022-04-16 12:00 AM,2022,04,16,00,57.9,152,Unhealthy,82.0,UG/M3,1 Hr,Valid
Ulaanbaatar,PM2.5 - Principal,2022-04-16 01:00 AM,2022,04,16,01,56.4,151,Unhealthy,55.0,UG/M3,1 Hr,Valid
Ulaanbaatar,PM2.5 - Principal,2022-04-16 02:00 AM,2022,04,16,02,50.2,137,Unhealthy for Sensitive Groups,44.0,UG/M3,1 Hr,Valid
Ulaanbaatar,PM2.5 - Principal,2022-04-16 03:00 AM,2022,04,16,03,37.6,106,Unhealthy for Sensitive Groups,25.0,UG/M3,1 Hr,Valid
Ulaanbaatar,PM2.5 - Principal,2022-04-16 04:00 AM,2022,04,16,04,26.8,82,Moderate,16.0,UG/M3,1 Hr,Valid
Ulaanbaatar,PM2.5 - Principal,2022-04-16 05:00 AM,2022,04,16,05,19.9,67,Moderate,13.0,UG/M3,1 Hr,Valid
Ulaanbaatar,PM2.5 - Principal,2022-04-16 06:00 AM,2022,04,16,06,15.4,58,Moderate,11.0,UG/M3,1 Hr,Valid
Ulaanbaatar,PM2.5 - Principal,2022-04-16 07:00 AM,2022,04,16,07,13.2,53,Moderate,11.0,UG/M3,1 Hr,Valid
Ulaanbaatar,PM2.5 - Principal,2022-04-16 08:00 AM,2022,04,16,08,12.1,51,Moderate,11.0,UG/M3,1 Hr,Valid
Ulaanbaatar,PM2.5 - Principal,2022-04-16 09:00 AM,2022,04,16,09,23.5,75,Moderate,35.0,UG/M3,1 Hr,Valid
Ulaanbaatar,PM2.5 - Principal,2022-04-16 10:00 AM,2022,04,16,10,23.7,75,Moderate,24.0,UG/M3,1 Hr,Valid
Ulaanbaatar,PM2.5 - Principal,2022-04-16 11:00 AM,2022,04,16,11,19.3,66,Moderate,15.0,UG/M3,1 Hr,Valid
Ulaanbaatar,PM2.5 - Principal,2022-04-16 12:00 PM,2022,04,16,12,12.6,52,Moderate,6.0,UG/M3,1 Hr,Valid
Ulaanbaatar,PM2.5 - Principal,2022-04-16 01:00 PM,2022,04,16,13,11.8,49,Good,11.0,UG/M3,1 Hr,Valid
Ulaanbaatar,PM2.5 - Principal,2022-04-16 02:00 PM,2022,04,16,14,11.9,50,Good,12.0,UG/M3,1 Hr,Valid
Ulaanbaatar,PM2.5 - Principal,2022-04-16 03:00 PM,2022,04,16,15,9.4,39,Good,7.0,UG/M3,1 Hr,Valid
Ulaanbaatar,PM2.5 - Principal,2022-04-16 04:00 PM,2022,04,16,16,6.7,28,Good,4.0,UG/M3,1 Hr,Valid
Ulaanbaatar,PM2.5 - Principal,2022-04-16 05:00 PM,2022,04,16,17,5.8,24,Good,5.0,UG/M3,1 Hr,Valid
Ulaanbaatar,PM2.5 - Principal,2022-04-16 06:00 PM,2022,04,16,18,7.4,31,Good,9.0,UG/M3,1 Hr,Valid
Ulaanbaatar,PM2.5 - Principal,2022-04-16 07:00 PM,2022,04,16,19,6.7,28,Good,6.0,UG/M3,1 Hr,Valid
Ulaanbaatar,PM2.5 - Principal,2022-04-16 08:00 PM,2022,04,16,20,7.3,30,Good,8.0,UG/M3,1 Hr,Valid
Ulaanbaatar,PM2.5 - Principal,2022-04-16 09:00 PM,2022,04,16,21,9.6,40,Good,12.0,UG/M3,1 Hr,Valid
Ulaanbaatar,PM2.5 - Principal,2022-04-16 10:00 PM,2022,04,16,22,17.3,62,Moderate,25.0,UG/M3,1 Hr,Valid
Ulaanbaatar,PM2.5 - Principal,2022-04-16 11:00 PM,2022,04,16,23,24.1,76,Moderate,31.0,UG/M3,1 Hr,Valid
Ulaanbaatar,PM2.5 - Principal,2022-04-17 12:00 AM,2022,04,17,00,73.5,160,Unhealthy,123.0,UG/M3,1 Hr,Valid
Ulaanbaatar,PM2.5 - Principal,2022-04-17 01:00 AM,2022,04,17,01,98.8,173,Unhealthy,124.0,UG/M3,1 Hr,Valid
Ulaanbaatar,PM2.5 - Principal,2022-04-17 02:00 AM,2022,04,17,02,70.4,159,Unhealthy,42.0,UG/M3,1 Hr,Valid
Ulaanbaatar,PM2.5 - Principal,2022-04-17 03:00 AM,2022,04,17,03,44.7,124,Unhealthy for Sensitive Groups,19.0,UG/M3,1 Hr,Valid
Ulaanbaatar,PM2.5 - Principal,2022-04-17 04:00 AM,2022,04,17,04,32.3,93,Moderate,20.0,UG/M3,1 Hr,Valid
Ulaanbaatar,PM2.5 - Principal,2022-04-17 05:00 AM,2022,04,17,05,23.6,75,Moderate,15.0,UG/M3,1 Hr,Valid
Ulaanbaatar,PM2.5 - Principal,2022-04-17 06:00 AM,2022,04,17,06,18.8,65,Moderate,14.0,UG/M3,1 Hr,Valid
Ulaanbaatar,PM2.5 - Principal,2022-04-17 07:00 AM,2022,04,17,07,16.9,61,Moderate,15.0,UG/M3,1 Hr,Valid
Ulaanbaatar,PM2.5 - Principal,2022-04-17 08:00 AM,2022,04,17,08,15.9,59,Moderate,15.0,UG/M3,1 Hr,Valid
Ulaanbaatar,PM2.5 - Principal,2022-04-17 09:00 AM,2022,04,17,09,27.4,83,Moderate,39.0,UG/M3,1 Hr,Valid
Ulaanbaatar,PM2.5 - Principal,2022-04-17 10:00 AM,2022,04,17,10,29.2,87,Moderate,31.0,UG/M3,1 Hr,Valid
Ulaanbaatar,PM2.5 - Principal,2022-04-17 11:00 AM,2022,04,17,11,23.1,74,Moderate,17.0,UG/M3,1 Hr,Valid
Ulaanbaatar,PM2.5 - Principal,2022-04-17 12:00 PM,2022,04,17,12,14.0,55,Moderate,5.0,UG/M3,1 Hr,Valid
Ulaanbaatar,PM2.5 - Principal,2022-04-17 01:00 PM,2022,04,17,13,11.0,46,Good,8.0,UG/M3,1 Hr,Valid
Ulaanbaatar,PM2.5 - Principal,2022-04-17 02:00 PM,2022,04,17,14,12.0,50,Good,13.0,UG/M3,1 Hr,Valid
Ulaanbaatar,PM2.5 - Principal,2022-04-17 03:00 PM,2022,04,17,15,16.5,60,Moderate,21.0,UG/M3,1 Hr,Valid
Ulaanbaatar,PM2.5 - Principal,2022-04-17 04:00 PM,2022,04,17,16,15.2,58,Moderate,14.0,UG/M3,1 Hr,Valid
Ulaanbaatar,PM2.5 - Principal,2022-04-17 05:00 PM,2022,04,17,17,16.6,60,Moderate,18.0,UG/M3,1 Hr,Valid
Ulaanbaatar,PM2.5 - Principal,2022-04-17 06:00 PM,2022,04,17,18,17.3,62,Moderate,18.0,UG/M3,1 Hr,Valid
Ulaanbaatar,PM2.5 - Principal,2022-04-17 07:00 PM,2022,04,17,19,16.1,59,Moderate,15.0,UG/M3,1 Hr,Valid
Ulaanbaatar,PM2.5 - Principal,2022-04-17 08:00 PM,2022,04,17,20,14.5,56,Moderate,13.0,UG/M3,1 Hr,Valid
Ulaanbaatar,PM2.5 - Principal,2022-04-17 09:00 PM,2022,04,17,21,18.7,65,Moderate,23.0,UG/M3,1 Hr,Valid
Ulaanbaatar,PM2.5 - Principal,2022-04-17 10:00 PM,2022,04,17,22,58.4,152,Unhealthy,98.0,UG/M3,1 Hr,Valid
Ulaanbaatar,PM2.5 - Principal,2022-04-17 11:00 PM,2022,04,17,23,70.7,159,Unhealthy,83.0,UG/M3,1 Hr,Valid
Ulaanbaatar,PM2.5 - Principal,2022-04-18 12:00 AM,2022,04,18,00,55.3,150,Unhealthy for Sensitive Groups,40.0,UG/M3,1 Hr,Valid
Ulaanbaatar,PM2.5 - Principal,2022-04-18 01:00 AM,2022,04,18,01,49.6,136,Unhealthy for Sensitive Groups,44.0,UG/M3,1 Hr,Valid
Ulaanbaatar,PM2.5 - Principal,2022-04-18 02:00 AM,2022,04,18,02,42.8,119,Unhealthy for Sensitive Groups,36.0,UG/M3,1 Hr,Valid
Ulaanbaatar,PM2.5 - Principal,2022-04-18 03:00 AM,2022,04,18,03,33.9,97,Moderate,25.0,UG/M3,1 Hr,Valid
Ulaanbaatar,PM2.5 - Principal,2022-04-18 04:00 AM,2022,04,18,04,30.9,91,Moderate,28.0,UG/M3,1 Hr,Valid
Ulaanbaatar,PM2.5 - Principal,2022-04-18 05:00 AM,2022,04,18,05,26.9,82,Moderate,23.0,UG/M3,1 Hr,Valid
Ulaanbaatar,PM2.5 - Principal,2022-04-18 06:00 AM,2022,04,18,06,24.9,78,Moderate,23.0,UG/M3,1 Hr,Valid
Ulaanbaatar,PM2.5 - Principal,2022-04-18 07:00 AM,2022,04,18,07,24.9,78,Moderate,25.0,UG/M3,1 Hr,Valid
Ulaanbaatar,PM2.5 - Principal,2022-04-18 08:00 AM,2022,04,18,08,27.0,82,Moderate,29.0,UG/M3,1 Hr,Valid
Ulaanbaatar,PM2.5 - Principal,2022-04-18 09:00 AM,2022,04,18,09,49.5,135,Unhealthy for Sensitive Groups,72.0,UG/M3,1 Hr,Valid
Ulaanbaatar,PM2.5 - Principal,2022-04-18 10:00 AM,2022,04,18,10,61.7,154,Unhealthy,74.0,UG/M3,1 Hr,Valid
Ulaanbaatar,PM2.5 - Principal,2022-04-18 11:00 AM,2022,04,18,11,51.8,141,Unhealthy for Sensitive Groups,42.0,UG/M3,1 Hr,Valid
Ulaanbaatar,PM2.5 - Principal,2022-04-18 12:00 PM,2022,04,18,12,35.9,102,Unhealthy for Sensitive Groups,20.0,UG/M3,1 Hr,Valid
Ulaanbaatar,PM2.5 - Principal,2022-04-18 01:00 PM,2022,04,18,13,24.9,78,Moderate,14.0,UG/M3,1 Hr,Valid
Ulaanbaatar,PM2.5 - Principal,2022-04-18 02:00 PM,2022,04,18,14,20.4,68,Moderate,16.0,UG/M3,1 Hr,Valid
Ulaanbaatar,PM2.5 - Principal,2022-04-18 03:00 PM,2022,04,18,15,17.2,62,Moderate,14.0,UG/M3,1 Hr,Valid
Ulaanbaatar,PM2.5 - Principal,2022-04-18 04:00 PM,2022,04,18,16,17.1,62,Moderate,17.0,UG/M3,1 Hr,Valid
Ulaanbaatar,PM2.5 - Principal,2022-04-18 05:00 PM,2022,04,18,17,15.0,57,Moderate,13.0,UG/M3,1 Hr,Valid
Ulaanbaatar,PM2.5 - Principal,2022-04-18 06:00 PM,2022,04,18,18,13.0,53,Moderate,11.0,UG/M3,1 Hr,Valid
Ulaanbaatar,PM2.5 - Principal,2022-04-18 07:00 PM,2022,04,18,19,9.5,40,Good,6.0,UG/M3,1 Hr,Valid
Ulaanbaatar,PM2.5 - Principal,2022-04-18 08:00 PM,2022,04,18,20,8.2,34,Good,7.0,UG/M3,1 Hr,Valid
Ulaanbaatar,PM2.5 - Principal,2022-04-18 09:00 PM,2022,04,18,21,10.6,44,Good,13.0,UG/M3,1 Hr,Valid
Ulaanbaatar,PM2.5 - Principal,2022-04-18 10:00 PM,2022,04,18,22,25.8,80,Moderate,41.0,UG/M3,1 Hr,Valid
Ulaanbaatar,PM2.5 - Principal,2022-04-18 11:00 PM,2022,04,18,23,39.4,111,Unhealthy for Sensitive Groups,53.0,UG/M3,1 Hr,Valid
Ulaanbaatar,PM2.5 - Principal,2022-04-19 12:00 AM,2022,04,19,00,43.2,120,Unhealthy for Sensitive Groups,47.0,UG/M3,1 Hr,Valid
Ulaanbaatar,PM2.5 - Principal,2022-04-19 01:00 AM,2022,04,19,01,36.6,104,Unhealthy for Sensitive Groups,30.0,UG/M3,1 Hr,Valid
Ulaanbaatar,PM2.5 - Principal,2022-04-19 02:00 AM,2022,04,19,02,30.8,90,Moderate,25.0,UG/M3,1 Hr,Valid
Ulaanbaatar,PM2.5 - Principal,2022-04-19 03:00 AM,2022,04,19,03,26.4,81,Moderate,22.0,UG/M3,1 Hr,Valid
Ulaanbaatar,PM2.5 - Principal,2022-04-19 04:00 AM,2022,04,19,04,23.7,75,Moderate,21.0,UG/M3,1 Hr,Valid
Ulaanbaatar,PM2.5 - Principal,2022-04-19 05:00 AM,2022,04,19,05,24.3,77,Moderate,25.0,UG/M3,1 Hr,Valid
Ulaanbaatar,PM2.5 - Principal,2022-04-19 06:00 AM,2022,04,19,06,18.6,65,Moderate,13.0,UG/M3,1 Hr,Valid
Ulaanbaatar,PM2.5 - Principal,2022-04-19 07:00 AM,2022,04,19,07,12.8,52,Moderate,7.0,UG/M3,1 Hr,Valid
Ulaanbaatar,PM2.5 - Principal,2022-04-19 08:00 AM,2022,04,19,08,13.9,55,Moderate,15.0,UG/M3,1 Hr,Valid
Ulaanbaatar,PM2.5 - Principal,2022-04-19 09:00 AM,2022,04,19,09,30.4,89,Moderate,47.0,UG/M3,1 Hr,Valid
Ulaanbaatar,PM2.5 - Principal,2022-04-19 10:00 AM,2022,04,19,10,38.2,108,Unhealthy for Sensitive Groups,46.0,UG/M3,1 Hr,Valid
Ulaanbaatar,PM2.5 - Principal,2022-04-19 11:00 AM,2022,04,19,11,39.1,110,Unhealthy for Sensitive Groups,40.0,UG/M3,1 Hr,Valid
Ulaanbaatar,PM2.5 - Principal,2022-04-19 12:00 PM,2022,04,19,12,31.5,92,Moderate,24.0,UG/M3,1 Hr,Valid
Ulaanbaatar,PM2.5 - Principal,2022-04-19 01:00 PM,2022,04,19,13,18.7,65,Moderate,6.0,UG/M3,1 Hr,Valid
Ulaanbaatar,PM2.5 - Principal,2022-04-19 02:00 PM,2022,04,19,14,12.8,52,Moderate,7.0,UG/M3,1 Hr,Valid
Ulaanbaatar,PM2.5 - Principal,2022-04-19 03:00 PM,2022,04,19,15,11.4,48,Good,10.0,UG/M3,1 Hr,Valid
Ulaanbaatar,PM2.5 - Principal,2022-04-19 04:00 PM,2022,04,19,16,9.2,38,Good,7.0,UG/M3,1 Hr,Valid
Ulaanbaatar,PM2.5 - Principal,2022-04-19 05:00 PM,2022,04,19,17,8.6,36,Good,8.0,UG/M3,1 Hr,Valid
Ulaanbaatar,PM2.5 - Principal,2022-04-19 06:00 PM,2022,04,19,18,8.3,35,Good,8.0,UG/M3,1 Hr,Valid
Ulaanbaatar,PM2.5 - Principal,2022-04-19 07:00 PM,2022,04,19,19,7.1,30,Good,6.0,UG/M3,1 Hr,Valid
Ulaanbaatar,PM2.5 - Principal,2022-04-19 08:00 PM,2022,04,19,20,6.0,25,Good,5.0,UG/M3,1 Hr,Valid
Ulaanbaatar,PM2.5 - Principal,2022-04-19 09:00 PM,2022,04,19,21,7.0,29,Good,8.0,UG/M3,1 Hr,Valid
Ulaanbaatar,PM2.5 - Principal,2022-04-19 10:00 PM,2022,04,19,22,67.0,157,Unhealthy,127.0,UG/M3,1 Hr,Valid
Ulaanbaatar,PM2.5 - Principal,2022-04-19 11:00 PM,2022,04,19,23,106.5,177,Unhealthy,146.0,UG/M3,1 Hr,Valid
Ulaanbaatar,PM2.5 - Principal,2022-04-20 12:00 AM,2022,04,20,00,83.2,165,Unhealthy,60.0,UG/M3,1 Hr,Valid
Ulaanbaatar,PM2.5 - Principal,2022-04-20 01:00 AM,2022,04,20,01,75.1,161,Unhealthy,67.0,UG/M3,1 Hr,Valid
Ulaanbaatar,PM2.5 - Principal,2022-04-20 02:00 AM,2022,04,20,02,51.0,139,Unhealthy for Sensitive Groups,27.0,UG/M3,1 Hr,Valid
Ulaanbaatar,PM2.5 - Principal,2022-04-20 03:00 AM,2022,04,20,03,40.5,113,Unhealthy for Sensitive Groups,30.0,UG/M3,1 Hr,Valid
Ulaanbaatar,PM2.5 - Principal,2022-04-20 04:00 AM,2022,04,20,04,36.7,104,Unhealthy for Sensitive Groups,33.0,UG/M3,1 Hr,Valid
Ulaanbaatar,PM2.5 - Principal,2022-04-20 05:00 AM,2022,04,20,05,30.3,89,Moderate,24.0,UG/M3,1 Hr,Valid
Ulaanbaatar,PM2.5 - Principal,2022-04-20 06:00 AM,2022,04,20,06,27.1,83,Moderate,24.0,UG/M3,1 Hr,Valid
Ulaanbaatar,PM2.5 - Principal,2022-04-20 07:00 AM,2022,04,20,07,23.5,75,Moderate,20.0,UG/M3,1 Hr,Valid
Ulaanbaatar,PM2.5 - Principal,2022-04-20 08:00 AM,2022,04,20,08,20.8,69,Moderate,18.0,UG/M3,1 Hr,Valid
Ulaanbaatar,PM2.5 - Principal,2022-04-20 09:00 AM,2022,04,20,09,19.4,66,Moderate,18.0,UG/M3,1 Hr,Valid
Ulaanbaatar,PM2.5 - Principal,2022-04-20 10:00 AM,2022,04,20,10,15.1,57,Moderate,11.0,UG/M3,1 Hr,Valid
Ulaanbaatar,PM2.5 - Principal,2022-04-20 11:00 AM,2022,04,20,11,12.0,50,Good,9.0,UG/M3,1 Hr,Valid
Ulaanbaatar,PM2.5 - Principal,2022-04-20 12:00 PM,2022,04,20,12,12.0,50,Good,12.0,UG/M3,1 Hr,Valid
Ulaanbaatar,PM2.5 - Principal,2022-04-20 01:00 PM,2022,04,20,13,10.5,44,Good,9.0,UG/M3,1 Hr,Valid
Ulaanbaatar,PM2.5 - Principal,2022-04-20 02:00 PM,2022,04,20,14,8.7,36,Good,7.0,UG/M3,1 Hr,Valid
Ulaanbaatar,PM2.5 - Principal,2022-04-20 03:00 PM,2022,04,20,15,6.8,28,Good,5.0,UG/M3,1 Hr,Valid
Ulaanbaatar,PM2.5 - Principal,2022-04-20 04:00 PM,2022,04,20,16,6.4,27,Good,6.0,UG/M3,1 Hr,Valid
Ulaanbaatar,PM2.5 - Principal,2022-04-20 05:00 PM,2022,04,20,17,6.2,26,Good,6.0,UG/M3,1 Hr,Valid
Ulaanbaatar,PM2.5 - Principal,2022-04-20 06:00 PM,2022,04,20,18,5.6,23,Good,5.0,UG/M3,1 Hr,Valid
Ulaanbaatar,PM2.5 - Principal,2022-04-20 07:00 PM,2022,04,20,19,6.8,28,Good,8.0,UG/M3,1 Hr,Valid
Ulaanbaatar,PM2.5 - Principal,2022-04-20 08:00 PM,2022,04,20,20,8.3,35,Good,10.0,UG/M3,1 Hr,Valid
Ulaanbaatar,PM2.5 - Principal,2022-04-20 09:00 PM,2022,04,20,21,9.6,40,Good,11.0,UG/M3,1 Hr,Valid
Ulaanbaatar,PM2.5 - Principal,2022-04-20 10:00 PM,2022,04,20,22,9.8,41,Good,10.0,UG/M3,1 Hr,Valid
Ulaanbaatar,PM2.5 - Principal,2022-04-20 11:00 PM,2022,04,20,23,10.4,43,Good,11.0,UG/M3,1 Hr,Valid
Ulaanbaatar,PM2.5 - Principal,2022-04-21 12:00 AM,2022,04,21,00,9.7,40,Good,9.0,UG/M3,1 Hr,Valid
Ulaanbaatar,PM2.5 - Principal,2022-04-21 01:00 AM,2022,04,21,01,9.3,39,Good,9.0,UG/M3,1 Hr,Valid
Ulaanbaatar,PM2.5 - Principal,2022-04-21 02:00 AM,2022,04,21,02,8.1,34,Good,7.0,UG/M3,1 Hr,Valid
Ulaanbaatar,PM2.5 - Principal,2022-04-21 03:00 AM,2022,04,21,03,12.0,50,Good,16.0,UG/M3,1 Hr,Valid
Ulaanbaatar,PM2.5 - Principal,2022-04-21 04:00 AM,2022,04,21,04,10.5,44,Good,9.0,UG/M3,1 Hr,Valid
Ulaanbaatar,PM2.5 - Principal,2022-04-21 05:00 AM,2022,04,21,05,9.2,38,Good,8.0,UG/M3,1 Hr,Valid
Ulaanbaatar,PM2.5 - Principal,2022-04-21 06:00 AM,2022,04,21,06,12.1,51,Moderate,15.0,UG/M3,1 Hr,Valid
Ulaanbaatar,PM2.5 - Principal,2022-04-21 07:00 AM,2022,04,21,07,9.0,38,Good,6.0,UG/M3,1 Hr,Valid
Ulaanbaatar,PM2.5 - Principal,2022-04-21 08:00 AM,2022,04,21,08,8.5,35,Good,8.0,UG/M3,1 Hr,Valid
Ulaanbaatar,PM2.5 - Principal,2022-04-21 09:00 AM,2022,04,21,09,11.7,49,Good,15.0,UG/M3,1 Hr,Valid
Ulaanbaatar,PM2.5 - Principal,2022-04-21 10:00 AM,2022,04,21,10,18.3,64,Moderate,25.0,UG/M3,1 Hr,Valid
Ulaanbaatar,PM2.5 - Principal,2022-04-21 11:00 AM,2022,04,21,11,21.6,71,Moderate,25.0,UG/M3,1 Hr,Valid
Ulaanbaatar,PM2.5 - Principal,2022-04-21 12:00 PM,2022,04,21,12,22.8,74,Moderate,24.0,UG/M3,1 Hr,Valid
Ulaanbaatar,PM2.5 - Principal,2022-04-21 01:00 PM,2022,04,21,13,15.9,59,Moderate,9.0,UG/M3,1 Hr,Valid
Ulaanbaatar,PM2.5 - Principal,2022-04-21 02:00 PM,2022,04,21,14,10.9,45,Good,6.0,UG/M3,1 Hr,Valid
Ulaanbaatar,PM2.5 - Principal,2022-04-21 03:00 PM,2022,04,21,15,7.4,31,Good,4.0,UG/M3,1 Hr,Valid
Ulaanbaatar,PM2.5 - Principal,2022-04-21 04:00 PM,2022,04,21,16,6.7,28,Good,6.0,UG/M3,1 Hr,Valid
Ulaanbaatar,PM2.5 - Principal,2022-04-21 05:00 PM,2022,04,21,17,6.8,28,Good,7.0,UG/M3,1 Hr,Valid
Ulaanbaatar,PM2.5 - Principal,2022-04-21 06:00 PM,2022,04,21,18,5.4,23,Good,4.0,UG/M3,1 Hr,Valid
Ulaanbaatar,PM2.5 - Principal,2022-04-21 07:00 PM,2022,04,21,19,4.7,20,Good,4.0,UG/M3,1 Hr,Valid
Ulaanbaatar,PM2.5 - Principal,2022-04-21 08:00 PM,2022,04,21,20,5.3,22,Good,6.0,UG/M3,1 Hr,Valid
Ulaanbaatar,PM2.5 - Principal,2022-04-21 09:00 PM,2022,04,21,21,5.6,23,Good,6.0,UG/M3,1 Hr,Valid
Ulaanbaatar,PM2.5 - Principal,2022-04-21 10:00 PM,2022,04,21,22,7.8,33,Good,10.0,UG/M3,1 Hr,Valid
Ulaanbaatar,PM2.5 - Principal,2022-04-21 11:00 PM,2022,04,21,23,7.4,31,Good,7.0,UG/M3,1 Hr,Valid
Ulaanbaatar,PM2.5 - Principal,2022-04-22 12:00 AM,2022,04,22,00,7.7,32,Good,8.0,UG/M3,1 Hr,Valid
Ulaanbaatar,PM2.5 - Principal,2022-04-22 01:00 AM,2022,04,22,01,7.3,30,Good,7.0,UG/M3,1 Hr,Valid
Ulaanbaatar,PM2.5 - Principal,2022-04-22 02:00 AM,2022,04,22,02,10.6,44,Good,14.0,UG/M3,1 Hr,Valid
Ulaanbaatar,PM2.5 - Principal,2022-04-22 03:00 AM,2022,04,22,03,16.3,60,Moderate,22.0,UG/M3,1 Hr,Valid
Ulaanbaatar,PM2.5 - Principal,2022-04-22 04:00 AM,2022,04,22,04,13.6,54,Moderate,11.0,UG/M3,1 Hr,Valid
Ulaanbaatar,PM2.5 - Principal,2022-04-22 05:00 AM,2022,04,22,05,15.8,59,Moderate,18.0,UG/M3,1 Hr,Valid
Ulaanbaatar,PM2.5 - Principal,2022-04-22 06:00 AM,2022,04,22,06,10.4,43,Good,5.0,UG/M3,1 Hr,Valid
Ulaanbaatar,PM2.5 - Principal,2022-04-22 07:00 AM,2022,04,22,07,10.2,43,Good,10.0,UG/M3,1 Hr,Valid
Ulaanbaatar,PM2.5 - Principal,2022-04-22 08:00 AM,2022,04,22,08,15.1,57,Moderate,20.0,UG/M3,1 Hr,Valid
Ulaanbaatar,PM2.5 - Principal,2022-04-22 09:00 AM,2022,04,22,09,29.5,88,Moderate,44.0,UG/M3,1 Hr,Valid
Ulaanbaatar,PM2.5 - Principal,2022-04-22 10:00 AM,2022,04,22,10,31.2,91,Moderate,33.0,UG/M3,1 Hr,Valid
Ulaanbaatar,PM2.5 - Principal,2022-04-22 11:00 AM,2022,04,22,11,25.6,79,Moderate,20.0,UG/M3,1 Hr,Valid
Ulaanbaatar,PM2.5 - Principal,2022-04-22 12:00 PM,2022,04,22,12,36.3,103,Unhealthy for Sensitive Groups,47.0,UG/M3,1 Hr,Valid
Ulaanbaatar,PM2.5 - Principal,2022-04-22 01:00 PM,2022,04,22,13,29.6,88,Moderate,23.0,UG/M3,1 Hr,Valid
Ulaanbaatar,PM2.5 - Principal,2022-04-22 02:00 PM,2022,04,22,14,23.3,75,Moderate,17.0,UG/M3,1 Hr,Valid
Ulaanbaatar,PM2.5 - Principal,2022-04-22 03:00 PM,2022,04,22,15,15.6,58,Moderate,8.0,UG/M3,1 Hr,Valid
Ulaanbaatar,PM2.5 - Principal,2022-04-22 04:00 PM,2022,04,22,16,10.8,45,Good,6.0,UG/M3,1 Hr,Valid
Ulaanbaatar,PM2.5 - Principal,2022-04-22 05:00 PM,2022,04,22,17,12.4,52,Moderate,14.0,UG/M3,1 Hr,Valid
Ulaanbaatar,PM2.5 - Principal,2022-04-22 06:00 PM,2022,04,22,18,12.2,51,Moderate,12.0,UG/M3,1 Hr,Valid
Ulaanbaatar,PM2.5 - Principal,2022-04-22 07:00 PM,2022,04,22,19,15.1,57,Moderate,18.0,UG/M3,1 Hr,Valid
Ulaanbaatar,PM2.5 - Principal,2022-04-22 08:00 PM,2022,04,22,20,16.5,60,Moderate,18.0,UG/M3,1 Hr,Valid
Ulaanbaatar,PM2.5 - Principal,2022-04-22 09:00 PM,2022,04,22,21,18.7,65,Moderate,21.0,UG/M3,1 Hr,Valid
Ulaanbaatar,PM2.5 - Principal,2022-04-22 10:00 PM,2022,04,22,22,32.8,95,Moderate,47.0,UG/M3,1 Hr,Valid
Ulaanbaatar,PM2.5 - Principal,2022-04-22 11:00 PM,2022,04,22,23,29.9,88,Moderate,27.0,UG/M3,1 Hr,Valid
Ulaanbaatar,PM2.5 - Principal,2022-04-23 12:00 AM,2022,04,23,00,23.9,76,Moderate,18.0,UG/M3,1 Hr,Valid
Ulaanbaatar,PM2.5 - Principal,2022-04-23 01:00 AM,2022,04,23,01,14.9,57,Moderate,6.0,UG/M3,1 Hr,Valid
Ulaanbaatar,PM2.5 - Principal,2022-04-23 02:00 AM,2022,04,23,02,10.9,45,Good,7.0,UG/M3,1 Hr,Valid
Ulaanbaatar,PM2.5 - Principal,2022-04-23 03:00 AM,2022,04,23,03,8.4,35,Good,6.0,UG/M3,1 Hr,Valid
Ulaanbaatar,PM2.5 - Principal,2022-04-23 04:00 AM,2022,04,23,04,8.7,36,Good,9.0,UG/M3,1 Hr,Valid
Ulaanbaatar,PM2.5 - Principal,2022-04-23 05:00 AM,2022,04,23,05,10.3,43,Good,12.0,UG/M3,1 Hr,Valid
Ulaanbaatar,PM2.5 - Principal,2022-04-23 06:00 AM,2022,04,23,06,13.1,53,Moderate,16.0,UG/M3,1 Hr,Valid
Ulaanbaatar,PM2.5 - Principal,2022-04-23 07:00 AM,2022,04,23,07,14.5,56,Moderate,16.0,UG/M3,1 Hr,Valid
Ulaanbaatar,PM2.5 - Principal,2022-04-23 08:00 AM,2022,04,23,08,11.2,47,Good,8.0,UG/M3,1 Hr,Valid
Ulaanbaatar,PM2.5 - Principal,2022-04-23 09:00 AM,2022,04,23,09,10.1,42,Good,9.0,UG/M3,1 Hr,Valid
Ulaanbaatar,PM2.5 - Principal,2022-04-23 10:00 AM,2022,04,23,10,9.0,38,Good,8.0,UG/M3,1 Hr,Valid
Ulaanbaatar,PM2.5 - Principal,2022-04-23 11:00 AM,2022,04,23,11,7.5,31,Good,6.0,UG/M3,1 Hr,Valid
Ulaanbaatar,PM2.5 - Principal,2022-04-23 12:00 PM,2022,04,23,12,6.2,26,Good,5.0,UG/M3,1 Hr,Valid
Ulaanbaatar,PM2.5 - Principal,2022-04-23 01:00 PM,2022,04,23,13,5.6,23,Good,5.0,UG/M3,1 Hr,Valid
Ulaanbaatar,PM2.5 - Principal,2022-04-23 02:00 PM,2022,04,23,14,4.8,20,Good,4.0,UG/M3,1 Hr,Valid
Ulaanbaatar,PM2.5 - Principal,2022-04-23 03:00 PM,2022,04,23,15,4.9,20,Good,5.0,UG/M3,1 Hr,Valid
Ulaanbaatar,PM2.5 - Principal,2022-04-23 04:00 PM,2022,04,23,16,3.9,16,Good,3.0,UG/M3,1 Hr,Valid
Ulaanbaatar,PM2.5 - Principal,2022-04-23 05:00 PM,2022,04,23,17,1.9,8,Good,0.0,UG/M3,1 Hr,Valid
Ulaanbaatar,PM2.5 - Principal,2022-04-23 06:00 PM,2022,04,23,18,2.4,10,Good,3.0,UG/M3,1 Hr,Valid
Ulaanbaatar,PM2.5 - Principal,2022-04-23 07:00 PM,2022,04,23,19,4.2,18,Good,6.0,UG/M3,1 Hr,Valid
Ulaanbaatar,PM2.5 - Principal,2022-04-23 08:00 PM,2022,04,23,20,4.6,19,Good,5.0,UG/M3,1 Hr,Valid
Ulaanbaatar,PM2.5 - Principal,2022-04-23 09:00 PM,2022,04,23,21,4.8,20,Good,5.0,UG/M3,1 Hr,Valid
Ulaanbaatar,PM2.5 - Principal,2022-04-23 10:00 PM,2022,04,23,22,4.9,20,Good,5.0,UG/M3,1 Hr,Valid
Ulaanbaatar,PM2.5 - Principal,2022-04-23 11:00 PM,2022,04,23,23,27.4,83,Moderate,50.0,UG/M3,1 Hr,Valid
Ulaanbaatar,PM2.5 - Principal,2022-04-24 12:00 AM,2022,04,24,00,31.7,92,Moderate,36.0,UG/M3,1 Hr,Valid
Ulaanbaatar,PM2.5 - Principal,2022-04-24 01:00 AM,2022,04,24,01,32.3,93,Moderate,33.0,UG/M3,1 Hr,Valid
Ulaanbaatar,PM2.5 - Principal,2022-04-24 02:00 AM,2022,04,24,02,29.6,88,Moderate,27.0,UG/M3,1 Hr,Valid
Ulaanbaatar,PM2.5 - Principal,2022-04-24 03:00 AM,2022,04,24,03,23.3,75,Moderate,17.0,UG/M3,1 Hr,Valid
Ulaanbaatar,PM2.5 - Principal,2022-04-24 04:00 AM,2022,04,24,04,20.6,69,Moderate,18.0,UG/M3,1 Hr,Valid
Ulaanbaatar,PM2.5 - Principal,2022-04-24 05:00 AM,2022,04,24,05,15.8,59,Moderate,11.0,UG/M3,1 Hr,Valid
Ulaanbaatar,PM2.5 - Principal,2022-04-24 06:00 AM,2022,04,24,06,10.9,45,Good,6.0,UG/M3,1 Hr,Valid
Ulaanbaatar,PM2.5 - Principal,2022-04-24 07:00 AM,2022,04,24,07,6.4,27,Good,2.0,UG/M3,1 Hr,Valid
Ulaanbaatar,PM2.5 - Principal,2022-04-24 08:00 AM,2022,04,24,08,4.7,20,Good,3.0,UG/M3,1 Hr,Valid
Ulaanbaatar,PM2.5 - Principal,2022-04-24 09:00 AM,2022,04,24,09,5.8,24,Good,7.0,UG/M3,1 Hr,Valid
Ulaanbaatar,PM2.5 - Principal,2022-04-24 10:00 AM,2022,04,24,10,6.4,27,Good,7.0,UG/M3,1 Hr,Valid
Ulaanbaatar,PM2.5 - Principal,2022-04-24 11:00 AM,2022,04,24,11,7.7,32,Good,9.0,UG/M3,1 Hr,Valid
Ulaanbaatar,PM2.5 - Principal,2022-04-24 12:00 PM,2022,04,24,12,6.3,26,Good,5.0,UG/M3,1 Hr,Valid
Ulaanbaatar,PM2.5 - Principal,2022-04-24 01:00 PM,2022,04,24,13,5.1,21,Good,4.0,UG/M3,1 Hr,Valid
Ulaanbaatar,PM2.5 - Principal,2022-04-24 02:00 PM,2022,04,24,14,7.0,29,Good,9.0,UG/M3,1 Hr,Valid
Ulaanbaatar,PM2.5 - Principal,2022-04-24 03:00 PM,2022,04,24,15,8.5,35,Good,10.0,UG/M3,1 Hr,Valid
Ulaanbaatar,PM2.5 - Principal,2022-04-24 04:00 PM,2022,04,24,16,8.7,36,Good,9.0,UG/M3,1 Hr,Valid
Ulaanbaatar,PM2.5 - Principal,2022-04-24 05:00 PM,2022,04,24,17,7.3,30,Good,6.0,UG/M3,1 Hr,Valid
Ulaanbaatar,PM2.5 - Principal,2022-04-24 06:00 PM,2022,04,24,18,6.6,28,Good,6.0,UG/M3,1 Hr,Valid
Ulaanbaatar,PM2.5 - Principal,2022-04-24 07:00 PM,2022,04,24,19,4.8,20,Good,3.0,UG/M3,1 Hr,Valid
Ulaanbaatar,PM2.5 - Principal,2022-04-24 08:00 PM,2022,04,24,20,7.4,31,Good,10.0,UG/M3,1 Hr,Valid
Ulaanbaatar,PM2.5 - Principal,2022-04-24 09:00 PM,2022,04,24,21,14.7,56,Moderate,22.0,UG/M3,1 Hr,Valid
Ulaanbaatar,PM2.5 - Principal,2022-04-24 10:00 PM,2022,04,24,22,27.3,83,Moderate,40.0,UG/M3,1 Hr,Valid
Ulaanbaatar,PM2.5 - Principal,2022-04-24 11:00 PM,2022,04,24,23,23.6,75,Moderate,20.0,UG/M3,1 Hr,Valid
Ulaanbaatar,PM2.5 - Principal,2022-04-25 12:00 AM,2022,04,25,00,20.3,68,Moderate,17.0,UG/M3,1 Hr,Valid
Ulaanbaatar,PM2.5 - Principal,2022-04-25 01:00 AM,2022,04,25,01,30.6,90,Moderate,41.0,UG/M3,1 Hr,Valid
Ulaanbaatar,PM2.5 - Principal,2022-04-25 02:00 AM,2022,04,25,02,23.8,76,Moderate,17.0,UG/M3,1 Hr,Valid
Ulaanbaatar,PM2.5 - Principal,2022-04-25 03:00 AM,2022,04,25,03,13.4,54,Moderate,3.0,UG/M3,1 Hr,Valid
Ulaanbaatar,PM2.5 - Principal,2022-04-25 04:00 AM,2022,04,25,04,8.2,34,Good,3.0,UG/M3,1 Hr,Valid
Ulaanbaatar,PM2.5 - Principal,2022-04-25 05:00 AM,2022,04,25,05,5.6,23,Good,3.0,UG/M3,1 Hr,Valid
Ulaanbaatar,PM2.5 - Principal,2022-04-25 06:00 AM,2022,04,25,06,3.8,16,Good,2.0,UG/M3,1 Hr,Valid
Ulaanbaatar,PM2.5 - Principal,2022-04-25 07:00 AM,2022,04,25,07,2.4,10,Good,1.0,UG/M3,1 Hr,Valid
Ulaanbaatar,PM2.5 - Principal,2022-04-25 08:00 AM,2022,04,25,08,2.1,9,Good,2.0,UG/M3,1 Hr,Valid
Ulaanbaatar,PM2.5 - Principal,2022-04-25 09:00 AM,2022,04,25,09,3.5,15,Good,5.0,UG/M3,1 Hr,Valid
Ulaanbaatar,PM2.5 - Principal,2022-04-25 10:00 AM,2022,04,25,10,4.7,20,Good,6.0,UG/M3,1 Hr,Valid
Ulaanbaatar,PM2.5 - Principal,2022-04-25 11:00 AM,2022,04,25,11,4.3,18,Good,4.0,UG/M3,1 Hr,Valid
Ulaanbaatar,PM2.5 - Principal,2022-04-25 12:00 PM,2022,04,25,12,4.6,19,Good,5.0,UG/M3,1 Hr,Valid
Ulaanbaatar,PM2.5 - Principal,2022-04-25 01:00 PM,2022,04,25,13,5.3,22,Good,6.0,UG/M3,1 Hr,Valid
Ulaanbaatar,PM2.5 - Principal,2022-04-25 02:00 PM,2022,04,25,14,5.1,21,Good,5.0,UG/M3,1 Hr,Valid
Ulaanbaatar,PM2.5 - Principal,2022-04-25 03:00 PM,2022,04,25,15,6.0,25,Good,7.0,UG/M3,1 Hr,Valid
Ulaanbaatar,PM2.5 - Principal,2022-04-25 04:00 PM,2022,04,25,16,7.5,31,Good,9.0,UG/M3,1 Hr,Valid
Ulaanbaatar,PM2.5 - Principal,2022-04-25 05:00 PM,2022,04,25,17,6.7,28,Good,6.0,UG/M3,1 Hr,Valid
Ulaanbaatar,PM2.5 - Principal,2022-04-25 06:00 PM,2022,04,25,18,6.3,26,Good,6.0,UG/M3,1 Hr,Valid
Ulaanbaatar,PM2.5 - Principal,2022-04-25 07:00 PM,2022,04,25,19,7.1,30,Good,8.0,UG/M3,1 Hr,Valid
Ulaanbaatar,PM2.5 - Principal,2022-04-25 08:00 PM,2022,04,25,20,9.5,40,Good,12.0,UG/M3,1 Hr,Valid
Ulaanbaatar,PM2.5 - Principal,2022-04-25 09:00 PM,2022,04,25,21,10.2,43,Good,11.0,UG/M3,1 Hr,Valid
Ulaanbaatar,PM2.5 - Principal,2022-04-25 10:00 PM,2022,04,25,22,12.6,52,Moderate,15.0,UG/M3,1 Hr,Valid
Ulaanbaatar,PM2.5 - Principal,2022-04-25 11:00 PM,2022,04,25,23,11.8,49,Good,11.0,UG/M3,1 Hr,Valid
Ulaanbaatar,PM2.5 - Principal,2022-04-26 12:00 AM,2022,04,26,00,11.4,48,Good,11.0,UG/M3,1 Hr,Valid
Ulaanbaatar,PM2.5 - Principal,2022-04-26 01:00 AM,2022,04,26,01,14.7,56,Moderate,18.0,UG/M3,1 Hr,Valid
Ulaanbaatar,PM2.5 - Principal,2022-04-26 02:00 AM,2022,04,26,02,21.3,70,Moderate,28.0,UG/M3,1 Hr,Valid
Ulaanbaatar,PM2.5 - Principal,2022-04-26 03:00 AM,2022,04,26,03,16.6,60,Moderate,12.0,UG/M3,1 Hr,Valid
Ulaanbaatar,PM2.5 - Principal,2022-04-26 04:00 AM,2022,04,26,04,13.8,55,Moderate,11.0,UG/M3,1 Hr,Valid
Ulaanbaatar,PM2.5 - Principal,2022-04-26 05:00 AM,2022,04,26,05,19.9,67,Moderate,26.0,UG/M3,1 Hr,Valid
Ulaanbaatar,PM2.5 - Principal,2022-04-26 06:00 AM,2022,04,26,06,25.4,79,Moderate,31.0,UG/M3,1 Hr,Valid
Ulaanbaatar,PM2.5 - Principal,2022-04-26 07:00 AM,2022,04,26,07,22.2,72,Moderate,19.0,UG/M3,1 Hr,Valid
Ulaanbaatar,PM2.5 - Principal,2022-04-26 08:00 AM,2022,04,26,08,22.6,73,Moderate,23.0,UG/M3,1 Hr,Valid
Ulaanbaatar,PM2.5 - Principal,2022-04-26 09:00 AM,2022,04,26,09,23.8,76,Moderate,25.0,UG/M3,1 Hr,Valid
Ulaanbaatar,PM2.5 - Principal,2022-04-26 10:00 AM,2022,04,26,10,23.9,76,Moderate,24.0,UG/M3,1 Hr,Valid
Ulaanbaatar,PM2.5 - Principal,2022-04-26 11:00 AM,2022,04,26,11,16.9,61,Moderate,10.0,UG/M3,1 Hr,Valid
Ulaanbaatar,PM2.5 - Principal,2022-04-26 12:00 PM,2022,04,26,12,13.9,55,Moderate,11.0,UG/M3,1 Hr,Valid
Ulaanbaatar,PM2.5 - Principal,2022-04-26 01:00 PM,2022,04,26,13,9.9,41,Good,6.0,UG/M3,1 Hr,Valid
Ulaanbaatar,PM2.5 - Principal,2022-04-26 02:00 PM,2022,04,26,14,5.9,25,Good,2.0,UG/M3,1 Hr,Valid
Ulaanbaatar,PM2.5 - Principal,2022-04-26 03:00 PM,2022,04,26,15,7.4,31,Good,9.0,UG/M3,1 Hr,Valid
Ulaanbaatar,PM2.5 - Principal,2022-04-26 04:00 PM,2022,04,26,16,8.7,36,Good,10.0,UG/M3,1 Hr,Valid
Ulaanbaatar,PM2.5 - Principal,2022-04-26 05:00 PM,2022,04,26,17,10.3,43,Good,12.0,UG/M3,1 Hr,Valid
Ulaanbaatar,PM2.5 - Principal,2022-04-26 06:00 PM,2022,04,26,18,8.1,34,Good,6.0,UG/M3,1 Hr,Valid
Ulaanbaatar,PM2.5 - Principal,2022-04-26 07:00 PM,2022,04,26,19,6.0,25,Good,4.0,UG/M3,1 Hr,Valid
Ulaanbaatar,PM2.5 - Principal,2022-04-26 08:00 PM,2022,04,26,20,5.5,23,Good,5.0,UG/M3,1 Hr,Valid
Ulaanbaatar,PM2.5 - Principal,2022-04-26 09:00 PM,2022,04,26,21,8.2,34,Good,11.0,UG/M3,1 Hr,Valid
Ulaanbaatar,PM2.5 - Principal,2022-04-26 10:00 PM,2022,04,26,22,29.1,87,Moderate,50.0,UG/M3,1 Hr,Valid
Ulaanbaatar,PM2.5 - Principal,2022-04-26 11:00 PM,2022,04,26,23,58.5,153,Unhealthy,88.0,UG/M3,1 Hr,Valid
Ulaanbaatar,PM2.5 - Principal,2022-04-27 12:00 AM,2022,04,27,00,53.2,145,Unhealthy for Sensitive Groups,48.0,UG/M3,1 Hr,Valid
Ulaanbaatar,PM2.5 - Principal,2022-04-27 01:00 AM,2022,04,27,01,48.1,132,Unhealthy for Sensitive Groups,43.0,UG/M3,1 Hr,Valid
Ulaanbaatar,PM2.5 - Principal,2022-04-27 02:00 AM,2022,04,27,02,40.5,113,Unhealthy for Sensitive Groups,33.0,UG/M3,1 Hr,Valid
Ulaanbaatar,PM2.5 - Principal,2022-04-27 03:00 AM,2022,04,27,03,28.7,86,Moderate,17.0,UG/M3,1 Hr,Valid
Ulaanbaatar,PM2.5 - Principal,2022-04-27 04:00 AM,2022,04,27,04,23.3,75,Moderate,18.0,UG/M3,1 Hr,Valid
Ulaanbaatar,PM2.5 - Principal,2022-04-27 05:00 AM,2022,04,27,05,15.6,58,Moderate,8.0,UG/M3,1 Hr,Valid
Ulaanbaatar,PM2.5 - Principal,2022-04-27 06:00 AM,2022,04,27,06,12.8,52,Moderate,10.0,UG/M3,1 Hr,Valid
Ulaanbaatar,PM2.5 - Principal,2022-04-27 07:00 AM,2022,04,27,07,11.9,50,Good,11.0,UG/M3,1 Hr,Valid
Ulaanbaatar,PM2.5 - Principal,2022-04-27 08:00 AM,2022,04,27,08,17.9,63,Moderate,24.0,UG/M3,1 Hr,Valid
Ulaanbaatar,PM2.5 - Principal,2022-04-27 09:00 AM,2022,04,27,09,34.4,98,Moderate,51.0,UG/M3,1 Hr,Valid
Ulaanbaatar,PM2.5 - Principal,2022-04-27 10:00 AM,2022,04,27,10,25.2,79,Moderate,16.0,UG/M3,1 Hr,Valid
Ulaanbaatar,PM2.5 - Principal,2022-04-27 11:00 AM,2022,04,27,11,17.6,63,Moderate,10.0,UG/M3,1 Hr,Valid
Ulaanbaatar,PM2.5 - Principal,2022-04-27 12:00 PM,2022,04,27,12,12.8,52,Moderate,8.0,UG/M3,1 Hr,Valid
Ulaanbaatar,PM2.5 - Principal,2022-04-27 01:00 PM,2022,04,27,13,9.3,39,Good,6.0,UG/M3,1 Hr,Valid
Ulaanbaatar,PM2.5 - Principal,2022-04-27 02:00 PM,2022,04,27,14,13.1,53,Moderate,17.0,UG/M3,1 Hr,Valid
Ulaanbaatar,PM2.5 - Principal,2022-04-27 03:00 PM,2022,04,27,15,13.5,54,Moderate,14.0,UG/M3,1 Hr,Valid
Ulaanbaatar,PM2.5 - Principal,2022-04-27 04:00 PM,2022,04,27,16,14.7,56,Moderate,16.0,UG/M3,1 Hr,Valid
Ulaanbaatar,PM2.5 - Principal,2022-04-27 05:00 PM,2022,04,27,17,11.3,47,Good,8.0,UG/M3,1 Hr,Valid
Ulaanbaatar,PM2.5 - Principal,2022-04-27 06:00 PM,2022,04,27,18,8.6,36,Good,6.0,UG/M3,1 Hr,Valid
Ulaanbaatar,PM2.5 - Principal,2022-04-27 07:00 PM,2022,04,27,19,5.8,24,Good,3.0,UG/M3,1 Hr,Valid
Ulaanbaatar,PM2.5 - Principal,2022-04-27 08:00 PM,2022,04,27,20,5.4,23,Good,5.0,UG/M3,1 Hr,Valid
Ulaanbaatar,PM2.5 - Principal,2022-04-27 09:00 PM,2022,04,27,21,8.7,36,Good,12.0,UG/M3,1 Hr,Valid
Ulaanbaatar,PM2.5 - Principal,2022-04-27 10:00 PM,2022,04,27,22,22.3,72,Moderate,36.0,UG/M3,1 Hr,Valid
Ulaanbaatar,PM2.5 - Principal,2022-04-27 11:00 PM,2022,04,27,23,35.1,99,Moderate,48.0,UG/M3,1 Hr,Valid
Ulaanbaatar,PM2.5 - Principal,2022-04-28 12:00 AM,2022,04,28,00,43.5,121,Unhealthy for Sensitive Groups,52.0,UG/M3,1 Hr,Valid
Ulaanbaatar,PM2.5 - Principal,2022-04-28 01:00 AM,2022,04,28,01,37.3,105,Unhealthy for Sensitive Groups,31.0,UG/M3,1 Hr,Valid
Ulaanbaatar,PM2.5 - Principal,2022-04-28 02:00 AM,2022,04,28,02,35.1,99,Moderate,33.0,UG/M3,1 Hr,Valid
Ulaanbaatar,PM2.5 - Principal,2022-04-28 03:00 AM,2022,04,28,03,29.0,87,Moderate,23.0,UG/M3,1 Hr,Valid
Ulaanbaatar,PM2.5 - Principal,2022-04-28 04:00 AM,2022,04,28,04,23.0,74,Moderate,17.0,UG/M3,1 Hr,Valid
Ulaanbaatar,PM2.5 - Principal,2022-04-28 05:00 AM,2022,04,28,05,22.0,72,Moderate,21.0,UG/M3,1 Hr,Valid
Ulaanbaatar,PM2.5 - Principal,2022-04-28 06:00 AM,2022,04,28,06,17.0,61,Moderate,12.0,UG/M3,1 Hr,Valid
Ulaanbaatar,PM2.5 - Principal,2022-04-28 07:00 AM,2022,04,28,07,14.0,55,Moderate,11.0,UG/M3,1 Hr,Valid
Ulaanbaatar,PM2.5 - Principal,2022-04-28 08:00 AM,2022,04,28,08,20.0,68,Moderate,26.0,UG/M3,1 Hr,Valid
Ulaanbaatar,PM2.5 - Principal,2022-04-28 09:00 AM,2022,04,28,09,18.0,63,Moderate,16.0,UG/M3,1 Hr,Valid
Ulaanbaatar,PM2.5 - Principal,2022-04-28 10:00 AM,2022,04,28,10,18.4,64,Moderate,19.0,UG/M3,1 Hr,Valid
Ulaanbaatar,PM2.5 - Principal,2022-04-28 11:00 AM,2022,04,28,11,14.2,55,Moderate,10.0,UG/M3,1 Hr,Valid
Ulaanbaatar,PM2.5 - Principal,2022-04-28 12:00 PM,2022,04,28,12,11.1,46,Good,8.0,UG/M3,1 Hr,Valid
Ulaanbaatar,PM2.5 - Principal,2022-04-28 01:00 PM,2022,04,28,13,8.0,33,Good,5.0,UG/M3,1 Hr,Valid
Ulaanbaatar,PM2.5 - Principal,2022-04-28 02:00 PM,2022,04,28,14,9.0,38,Good,10.0,UG/M3,1 Hr,Valid
Ulaanbaatar,PM2.5 - Principal,2022-04-28 03:00 PM,2022,04,28,15,13.0,53,Moderate,17.0,UG/M3,1 Hr,Valid
Ulaanbaatar,PM2.5 - Principal,2022-04-28 04:00 PM,2022,04,28,16,12.0,50,Good,11.0,UG/M3,1 Hr,Valid
Ulaanbaatar,PM2.5 - Principal,2022-04-28 05:00 PM,2022,04,28,17,10.5,44,Good,9.0,UG/M3,1 Hr,Valid
Ulaanbaatar,PM2.5 - Principal,2022-04-28 06:00 PM,2022,04,28,18,8.7,36,Good,7.0,UG/M3,1 Hr,Valid
Ulaanbaatar,PM2.5 - Principal,2022-04-28 07:00 PM,2022,04,28,19,8.3,35,Good,8.0,UG/M3,1 Hr,Valid
Ulaanbaatar,PM2.5 - Principal,2022-04-28 08:00 PM,2022,04,28,20,8.1,34,Good,8.0,UG/M3,1 Hr,Valid
Ulaanbaatar,PM2.5 - Principal,2022-04-28 09:00 PM,2022,04,28,21,9.0,38,Good,10.0,UG/M3,1 Hr,Valid
Ulaanbaatar,PM2.5 - Principal,2022-04-28 10:00 PM,2022,04,28,22,10.5,44,Good,12.0,UG/M3,1 Hr,Valid
Ulaanbaatar,PM2.5 - Principal,2022-04-28 11:00 PM,2022,04,28,23,15.7,59,Moderate,21.0,UG/M3,1 Hr,Valid
Ulaanbaatar,PM2.5 - Principal,2022-04-29 12:00 AM,2022,04,29,00,58.3,152,Unhealthy,101.0,UG/M3,1 Hr,Valid
Ulaanbaatar,PM2.5 - Principal,2022-04-29 01:00 AM,2022,04,29,01,95.7,172,Unhealthy,133.0,UG/M3,1 Hr,Valid
Ulaanbaatar,PM2.5 - Principal,2022-04-29 02:00 AM,2022,04,29,02,87.3,167,Unhealthy,79.0,UG/M3,1 Hr,Valid
Ulaanbaatar,PM2.5 - Principal,2022-04-29 03:00 AM,2022,04,29,03,68.6,158,Unhealthy,50.0,UG/M3,1 Hr,Valid
Ulaanbaatar,PM2.5 - Principal,2022-04-29 04:00 AM,2022,04,29,04,54.8,149,Unhealthy for Sensitive Groups,41.0,UG/M3,1 Hr,Valid
Ulaanbaatar,PM2.5 - Principal,2022-04-29 05:00 AM,2022,04,29,05,58.4,152,Unhealthy,62.0,UG/M3,1 Hr,Valid
Ulaanbaatar,PM2.5 - Principal,2022-04-29 06:00 AM,2022,04,29,06,37.7,106,Unhealthy for Sensitive Groups,17.0,UG/M3,1 Hr,Valid
Ulaanbaatar,PM2.5 - Principal,2022-04-29 07:00 AM,2022,04,29,07,24.8,78,Moderate,12.0,UG/M3,1 Hr,Valid
Ulaanbaatar,PM2.5 - Principal,2022-04-29 08:00 AM,2022,04,29,08,25.4,79,Moderate,26.0,UG/M3,1 Hr,Valid
Ulaanbaatar,PM2.5 - Principal,2022-04-29 09:00 AM,2022,04,29,09,31.7,92,Moderate,38.0,UG/M3,1 Hr,Valid
Ulaanbaatar,PM2.5 - Principal,2022-04-29 10:00 AM,2022,04,29,10,18.8,65,Moderate,6.0,UG/M3,1 Hr,Valid
Ulaanbaatar,PM2.5 - Principal,2022-04-29 11:00 AM,2022,04,29,11,12.4,52,Moderate,6.0,UG/M3,1 Hr,Valid
Ulaanbaatar,PM2.5 - Principal,2022-04-29 12:00 PM,2022,04,29,12,11.2,47,Good,10.0,UG/M3,1 Hr,Valid
Ulaanbaatar,PM2.5 - Principal,2022-04-29 01:00 PM,2022,04,29,13,9.0,38,Good,7.0,UG/M3,1 Hr,Valid
Ulaanbaatar,PM2.5 - Principal,2022-04-29 02:00 PM,2022,04,29,14,7.5,31,Good,6.0,UG/M3,1 Hr,Valid
Ulaanbaatar,PM2.5 - Principal,2022-04-29 03:00 PM,2022,04,29,15,7.7,32,Good,8.0,UG/M3,1 Hr,Valid
Ulaanbaatar,PM2.5 - Principal,2022-04-29 04:00 PM,2022,04,29,16,7.3,30,Good,7.0,UG/M3,1 Hr,Valid
Ulaanbaatar,PM2.5 - Principal,2022-04-29 05:00 PM,2022,04,29,17,6.6,28,Good,6.0,UG/M3,1 Hr,Valid
Ulaanbaatar,PM2.5 - Principal,2022-04-29 06:00 PM,2022,04,29,18,6.8,28,Good,7.0,UG/M3,1 Hr,Valid
Ulaanbaatar,PM2.5 - Principal,2022-04-29 07:00 PM,2022,04,29,19,6.4,27,Good,6.0,UG/M3,1 Hr,Valid
Ulaanbaatar,PM2.5 - Principal,2022-04-29 08:00 PM,2022,04,29,20,6.7,28,Good,7.0,UG/M3,1 Hr,Valid
Ulaanbaatar,PM2.5 - Principal,2022-04-29 09:00 PM,2022,04,29,21,7.6,32,Good,9.0,UG/M3,1 Hr,Valid
Ulaanbaatar,PM2.5 - Principal,2022-04-29 10:00 PM,2022,04,29,22,11.4,48,Good,15.0,UG/M3,1 Hr,Valid
Ulaanbaatar,PM2.5 - Principal,2022-04-29 11:00 PM,2022,04,29,23,15.7,59,Moderate,20.0,UG/M3,1 Hr,Valid
Ulaanbaatar,PM2.5 - Principal,2022-04-30 12:00 AM,2022,04,30,00,68.8,158,Unhealthy,122.0,UG/M3,1 Hr,Valid
Ulaanbaatar,PM2.5 - Principal,2022-04-30 01:00 AM,2022,04,30,01,55.4,150,Unhealthy for Sensitive Groups,42.0,UG/M3,1 Hr,Valid
Ulaanbaatar,PM2.5 - Principal,2022-04-30 02:00 AM,2022,04,30,02,43.7,121,Unhealthy for Sensitive Groups,32.0,UG/M3,1 Hr,Valid
Ulaanbaatar,PM2.5 - Principal,2022-04-30 03:00 AM,2022,04,30,03,30.8,90,Moderate,18.0,UG/M3,1 Hr,Valid
Ulaanbaatar,PM2.5 - Principal,2022-04-30 04:00 AM,2022,04,30,04,22.4,73,Moderate,14.0,UG/M3,1 Hr,Valid
Ulaanbaatar,PM2.5 - Principal,2022-04-30 05:00 AM,2022,04,30,05,22.7,73,Moderate,23.0,UG/M3,1 Hr,Valid
Ulaanbaatar,PM2.5 - Principal,2022-04-30 06:00 AM,2022,04,30,06,19.8,67,Moderate,17.0,UG/M3,1 Hr,Valid
Ulaanbaatar,PM2.5 - Principal,2022-04-30 07:00 AM,2022,04,30,07,21.4,71,Moderate,23.0,UG/M3,1 Hr,Valid
Ulaanbaatar,PM2.5 - Principal,2022-04-30 08:00 AM,2022,04,30,08,33.2,95,Moderate,45.0,UG/M3,1 Hr,Valid
Ulaanbaatar,PM2.5 - Principal,2022-04-30 09:00 AM,2022,04,30,09,30.6,90,Moderate,28.0,UG/M3,1 Hr,Valid
Ulaanbaatar,PM2.5 - Principal,2022-04-30 10:00 AM,2022,04,30,10,26.3,81,Moderate,22.0,UG/M3,1 Hr,Valid
Ulaanbaatar,PM2.5 - Principal,2022-04-30 11:00 AM,2022,04,30,11,24.6,77,Moderate,23.0,UG/M3,1 Hr,Valid
Ulaanbaatar,PM2.5 - Principal,2022-04-30 12:00 PM,2022,04,30,12,17.3,62,Moderate,10.0,UG/M3,1 Hr,Valid
Ulaanbaatar,PM2.5 - Principal,2022-04-30 01:00 PM,2022,04,30,13,14.1,55,Moderate,11.0,UG/M3,1 Hr,Valid
Ulaanbaatar,PM2.5 - Principal,2022-04-30 02:00 PM,2022,04,30,14,12.0,50,Good,10.0,UG/M3,1 Hr,Valid
Ulaanbaatar,PM2.5 - Principal,2022-04-30 03:00 PM,2022,04,30,15,10.5,44,Good,9.0,UG/M3,1 Hr,Valid
Ulaanbaatar,PM2.5 - Principal,2022-04-30 04:00 PM,2022,04,30,16,10.2,43,Good,10.0,UG/M3,1 Hr,Valid
Ulaanbaatar,PM2.5 - Principal,2022-04-30 05:00 PM,2022,04,30,17,9.1,38,Good,8.0,UG/M3,1 Hr,Valid
Ulaanbaatar,PM2.5 - Principal,2022-04-30 06:00 PM,2022,04,30,18,8.0,33,Good,7.0,UG/M3,1 Hr,Valid
Ulaanbaatar,PM2.5 - Principal,2022-04-30 07:00 PM,2022,04,30,19,9.5,40,Good,11.0,UG/M3,1 Hr,Valid
Ulaanbaatar,PM2.5 - Principal,2022-04-30 08:00 PM,2022,04,30,20,10.7,45,Good,12.0,UG/M3,1 Hr,Valid
Ulaanbaatar,PM2.5 - Principal,2022-04-30 09:00 PM,2022,04,30,21,9.8,41,Good,9.0,UG/M3,1 Hr,Valid
Ulaanbaatar,PM2.5 - Principal,2022-04-30 10:00 PM,2022,04,30,22,16.4,60,Moderate,23.0,UG/M3,1 Hr,Valid
Ulaanbaatar,PM2.5 - Principal,2022-04-30 11:00 PM,2022,04,30,23,29.7,88,Moderate,43.0,UG/M3,1 Hr,Valid
Ulaanbaatar,PM2.5 - Principal,2022-05-01 12:00 AM,2022,05,01,00,61.3,154,Unhealthy,93.0,UG/M3,1 Hr,Valid
Ulaanbaatar,PM2.5 - Principal,2022-05-01 01:00 AM,2022,05,01,01,49.1,134,Unhealthy for Sensitive Groups,37.0,UG/M3,1 Hr,Valid
Ulaanbaatar,PM2.5 - Principal,2022-05-01 02:00 AM,2022,05,01,02,37.0,105,Unhealthy for Sensitive Groups,25.0,UG/M3,1 Hr,Valid
Ulaanbaatar,PM2.5 - Principal,2022-05-01 03:00 AM,2022,05,01,03,37.1,105,Unhealthy for Sensitive Groups,-999.0,UG/M3,1 Hr,Missing
Ulaanbaatar,PM2.5 - Principal,2022-05-03 01:00 PM,2022,05,03,13,-999.0,-999,N/A,0.0,UG/M3,1 Hr,Invalid
Ulaanbaatar,PM2.5 - Principal,2022-05-03 02:00 PM,2022,05,03,14,-999.0,-999,N/A,11.0,UG/M3,1 Hr,Valid
Ulaanbaatar,PM2.5 - Principal,2022-05-03 03:00 PM,2022,05,03,15,9.2,38,Good,8.0,UG/M3,1 Hr,Valid
Ulaanbaatar,PM2.5 - Principal,2022-05-03 04:00 PM,2022,05,03,16,8.7,36,Good,8.0,UG/M3,1 Hr,Valid
Ulaanbaatar,PM2.5 - Principal,2022-05-03 05:00 PM,2022,05,03,17,9.1,38,Good,10.0,UG/M3,1 Hr,Valid
Ulaanbaatar,PM2.5 - Principal,2022-05-03 06:00 PM,2022,05,03,18,8.7,36,Good,8.0,UG/M3,1 Hr,Valid
Ulaanbaatar,PM2.5 - Principal,2022-05-03 07:00 PM,2022,05,03,19,7.4,31,Good,6.0,UG/M3,1 Hr,Valid
Ulaanbaatar,PM2.5 - Principal,2022-05-03 08:00 PM,2022,05,03,20,7.6,32,Good,8.0,UG/M3,1 Hr,Valid
Ulaanbaatar,PM2.5 - Principal,2022-05-03 09:00 PM,2022,05,03,21,9.8,41,Good,12.0,UG/M3,1 Hr,Valid
Ulaanbaatar,PM2.5 - Principal,2022-05-03 10:00 PM,2022,05,03,22,35.9,102,Unhealthy for Sensitive Groups,62.0,UG/M3,1 Hr,Valid
Ulaanbaatar,PM2.5 - Principal,2022-05-03 11:00 PM,2022,05,03,23,53.5,145,Unhealthy for Sensitive Groups,71.0,UG/M3,1 Hr,Valid
Ulaanbaatar,PM2.5 - Principal,2022-05-04 12:00 AM,2022,05,04,00,41.7,116,Unhealthy for Sensitive Groups,30.0,UG/M3,1 Hr,Valid
Ulaanbaatar,PM2.5 - Principal,2022-05-04 01:00 AM,2022,05,04,01,32.8,95,Moderate,24.0,UG/M3,1 Hr,Valid
Ulaanbaatar,PM2.5 - Principal,2022-05-04 02:00 AM,2022,05,04,02,27.9,84,Moderate,23.0,UG/M3,1 Hr,Valid
Ulaanbaatar,PM2.5 - Principal,2022-05-04 03:00 AM,2022,05,04,03,23.9,76,Moderate,20.0,UG/M3,1 Hr,Valid
Ulaanbaatar,PM2.5 - Principal,2022-05-04 04:00 AM,2022,05,04,04,22.9,74,Moderate,22.0,UG/M3,1 Hr,Valid
Ulaanbaatar,PM2.5 - Principal,2022-05-04 05:00 AM,2022,05,04,05,28.9,86,Moderate,35.0,UG/M3,1 Hr,Valid
Ulaanbaatar,PM2.5 - Principal,2022-05-04 06:00 AM,2022,05,04,06,26.5,81,Moderate,24.0,UG/M3,1 Hr,Valid
Ulaanbaatar,PM2.5 - Principal,2022-05-04 07:00 AM,2022,05,04,07,24.2,76,Moderate,22.0,UG/M3,1 Hr,Valid
Ulaanbaatar,PM2.5 - Principal,2022-05-04 08:00 AM,2022,05,04,08,20.6,69,Moderate,17.0,UG/M3,1 Hr,Valid
Ulaanbaatar,PM2.5 - Principal,2022-05-04 09:00 AM,2022,05,04,09,21.3,70,Moderate,22.0,UG/M3,1 Hr,Valid
Ulaanbaatar,PM2.5 - Principal,2022-05-04 10:00 AM,2022,05,04,10,20.1,68,Moderate,19.0,UG/M3,1 Hr,Valid
Ulaanbaatar,PM2.5 - Principal,2022-05-04 11:00 AM,2022,05,04,11,17.5,62,Moderate,15.0,UG/M3,1 Hr,Valid
Ulaanbaatar,PM2.5 - Principal,2022-05-04 12:00 PM,2022,05,04,12,16.7,61,Moderate,16.0,UG/M3,1 Hr,Valid
Ulaanbaatar,PM2.5 - Principal,2022-05-04 01:00 PM,2022,05,04,13,14.8,57,Moderate,13.0,UG/M3,1 Hr,Valid
Ulaanbaatar,PM2.5 - Principal,2022-05-04 02:00 PM,2022,05,04,14,13.9,55,Moderate,13.0,UG/M3,1 Hr,Valid
Ulaanbaatar,PM2.5 - Principal,2022-05-04 03:00 PM,2022,05,04,15,10.9,45,Good,8.0,UG/M3,1 Hr,Valid
Ulaanbaatar,PM2.5 - Principal,2022-05-04 04:00 PM,2022,05,04,16,8.4,35,Good,6.0,UG/M3,1 Hr,Valid
Ulaanbaatar,PM2.5 - Principal,2022-05-04 05:00 PM,2022,05,04,17,8.2,34,Good,8.0,UG/M3,1 Hr,Valid
Ulaanbaatar,PM2.5 - Principal,2022-05-04 06:00 PM,2022,05,04,18,7.6,32,Good,7.0,UG/M3,1 Hr,Valid
Ulaanbaatar,PM2.5 - Principal,2022-05-04 07:00 PM,2022,05,04,19,5.8,24,Good,4.0,UG/M3,1 Hr,Valid
Ulaanbaatar,PM2.5 - Principal,2022-05-04 08:00 PM,2022,05,04,20,4.9,20,Good,4.0,UG/M3,1 Hr,Valid
Ulaanbaatar,PM2.5 - Principal,2022-05-04 09:00 PM,2022,05,04,21,7.9,33,Good,11.0,UG/M3,1 Hr,Valid
Ulaanbaatar,PM2.5 - Principal,2022-05-04 10:00 PM,2022,05,04,22,8.4,35,Good,9.0,UG/M3,1 Hr,Valid
Ulaanbaatar,PM2.5 - Principal,2022-05-04 11:00 PM,2022,05,04,23,10.7,45,Good,13.0,UG/M3,1 Hr,Valid
Ulaanbaatar,PM2.5 - Principal,2022-05-05 12:00 AM,2022,05,05,00,15.8,59,Moderate,21.0,UG/M3,1 Hr,Valid
Ulaanbaatar,PM2.5 - Principal,2022-05-05 01:00 AM,2022,05,05,01,13.9,55,Moderate,12.0,UG/M3,1 Hr,Valid
Ulaanbaatar,PM2.5 - Principal,2022-05-05 02:00 AM,2022,05,05,02,11.4,48,Good,9.0,UG/M3,1 Hr,Valid
Ulaanbaatar,PM2.5 - Principal,2022-05-05 03:00 AM,2022,05,05,03,9.2,38,Good,7.0,UG/M3,1 Hr,Valid
Ulaanbaatar,PM2.5 - Principal,2022-05-05 04:00 AM,2022,05,05,04,8.1,34,Good,7.0,UG/M3,1 Hr,Valid
Ulaanbaatar,PM2.5 - Principal,2022-05-05 05:00 AM,2022,05,05,05,6.0,25,Good,4.0,UG/M3,1 Hr,Valid
Ulaanbaatar,PM2.5 - Principal,2022-05-05 06:00 AM,2022,05,05,06,3.5,15,Good,1.0,UG/M3,1 Hr,Valid
Ulaanbaatar,PM2.5 - Principal,2022-05-05 07:00 AM,2022,05,05,07,2.7,11,Good,2.0,UG/M3,1 Hr,Valid
Ulaanbaatar,PM2.5 - Principal,2022-05-05 08:00 AM,2022,05,05,08,2.3,10,Good,2.0,UG/M3,1 Hr,Valid
Ulaanbaatar,PM2.5 - Principal,2022-05-05 09:00 AM,2022,05,05,09,3.6,15,Good,5.0,UG/M3,1 Hr,Valid
Ulaanbaatar,PM2.5 - Principal,2022-05-05 10:00 AM,2022,05,05,10,4.3,18,Good,5.0,UG/M3,1 Hr,Valid
Ulaanbaatar,PM2.5 - Principal,2022-05-05 11:00 AM,2022,05,05,11,6.1,25,Good,8.0,UG/M3,1 Hr,Valid
Ulaanbaatar,PM2.5 - Principal,2022-05-05 12:00 PM,2022,05,05,12,6.5,27,Good,7.0,UG/M3,1 Hr,Valid
Ulaanbaatar,PM2.5 - Principal,2022-05-05 01:00 PM,2022,05,05,13,7.2,30,Good,8.0,UG/M3,1 Hr,Valid
Ulaanbaatar,PM2.5 - Principal,2022-05-05 02:00 PM,2022,05,05,14,6.6,28,Good,6.0,UG/M3,1 Hr,Valid
Ulaanbaatar,PM2.5 - Principal,2022-05-05 03:00 PM,2022,05,05,15,8.3,35,Good,10.0,UG/M3,1 Hr,Valid
Ulaanbaatar,PM2.5 - Principal,2022-05-05 04:00 PM,2022,05,05,16,8.1,34,Good,8.0,UG/M3,1 Hr,Valid
Ulaanbaatar,PM2.5 - Principal,2022-05-05 05:00 PM,2022,05,05,17,7.5,31,Good,7.0,UG/M3,1 Hr,Valid
Ulaanbaatar,PM2.5 - Principal,2022-05-05 06:00 PM,2022,05,05,18,8.2,34,Good,9.0,UG/M3,1 Hr,Valid
Ulaanbaatar,PM2.5 - Principal,2022-05-05 07:00 PM,2022,05,05,19,8.1,34,Good,8.0,UG/M3,1 Hr,Valid
Ulaanbaatar,PM2.5 - Principal,2022-05-05 08:00 PM,2022,05,05,20,7.5,31,Good,7.0,UG/M3,1 Hr,Valid
Ulaanbaatar,PM2.5 - Principal,2022-05-05 09:00 PM,2022,05,05,21,8.2,34,Good,9.0,UG/M3,1 Hr,Valid
Ulaanbaatar,PM2.5 - Principal,2022-05-05 10:00 PM,2022,05,05,22,8.9,37,Good,10.0,UG/M3,1 Hr,Valid
Ulaanbaatar,PM2.5 - Principal,2022-05-05 11:00 PM,2022,05,05,23,13.5,54,Moderate,18.0,UG/M3,1 Hr,Valid
Ulaanbaatar,PM2.5 - Principal,2022-05-06 12:00 AM,2022,05,06,00,34.2,97,Moderate,55.0,UG/M3,1 Hr,Valid
Ulaanbaatar,PM2.5 - Principal,2022-05-06 01:00 AM,2022,05,06,01,33.6,96,Moderate,33.0,UG/M3,1 Hr,Valid
Ulaanbaatar,PM2.5 - Principal,2022-05-06 02:00 AM,2022,05,06,02,29.8,88,Moderate,26.0,UG/M3,1 Hr,Valid
Ulaanbaatar,PM2.5 - Principal,2022-05-06 03:00 AM,2022,05,06,03,21.4,71,Moderate,13.0,UG/M3,1 Hr,Valid
Ulaanbaatar,PM2.5 - Principal,2022-05-06 04:00 AM,2022,05,06,04,16.2,60,Moderate,11.0,UG/M3,1 Hr,Valid
Ulaanbaatar,PM2.5 - Principal,2022-05-06 05:00 AM,2022,05,06,05,11.6,48,Good,7.0,UG/M3,1 Hr,Valid
Ulaanbaatar,PM2.5 - Principal,2022-05-06 06:00 AM,2022,05,06,06,11.3,47,Good,11.0,UG/M3,1 Hr,Valid
Ulaanbaatar,PM2.5 - Principal,2022-05-06 07:00 AM,2022,05,06,07,10.1,42,Good,9.0,UG/M3,1 Hr,Valid
Ulaanbaatar,PM2.5 - Principal,2022-05-06 08:00 AM,2022,05,06,08,13.0,53,Moderate,16.0,UG/M3,1 Hr,Valid
Ulaanbaatar,PM2.5 - Principal,2022-05-06 09:00 AM,2022,05,06,09,16.5,60,Moderate,20.0,UG/M3,1 Hr,Valid
Ulaanbaatar,PM2.5 - Principal,2022-05-06 10:00 AM,2022,05,06,10,17.2,62,Moderate,18.0,UG/M3,1 Hr,Valid
Ulaanbaatar,PM2.5 - Principal,2022-05-06 11:00 AM,2022,05,06,11,12.1,51,Moderate,7.0,UG/M3,1 Hr,Valid
Ulaanbaatar,PM2.5 - Principal,2022-05-06 12:00 PM,2022,05,06,12,10.0,42,Good,8.0,UG/M3,1 Hr,Valid
Ulaanbaatar,PM2.5 - Principal,2022-05-06 01:00 PM,2022,05,06,13,8.0,33,Good,6.0,UG/M3,1 Hr,Valid
Ulaanbaatar,PM2.5 - Principal,2022-05-06 02:00 PM,2022,05,06,14,6.0,25,Good,4.0,UG/M3,1 Hr,Valid
Ulaanbaatar,PM2.5 - Principal,2022-05-06 03:00 PM,2022,05,06,15,8.5,35,Good,11.0,UG/M3,1 Hr,Valid
Ulaanbaatar,PM2.5 - Principal,2022-05-06 04:00 PM,2022,05,06,16,8.2,34,Good,8.0,UG/M3,1 Hr,Valid
Ulaanbaatar,PM2.5 - Principal,2022-05-06 05:00 PM,2022,05,06,17,7.6,32,Good,7.0,UG/M3,1 Hr,Valid
Ulaanbaatar,PM2.5 - Principal,2022-05-06 06:00 PM,2022,05,06,18,7.3,30,Good,7.0,UG/M3,1 Hr,Valid
Ulaanbaatar,PM2.5 - Principal,2022-05-06 07:00 PM,2022,05,06,19,5.1,21,Good,3.0,UG/M3,1 Hr,Valid
Ulaanbaatar,PM2.5 - Principal,2022-05-06 08:00 PM,2022,05,06,20,3.5,15,Good,2.0,UG/M3,1 Hr,Valid
Ulaanbaatar,PM2.5 - Principal,2022-05-06 09:00 PM,2022,05,06,21,2.7,11,Good,2.0,UG/M3,1 Hr,Valid
Ulaanbaatar,PM2.5 - Principal,2022-05-06 10:00 PM,2022,05,06,22,3.3,14,Good,4.0,UG/M3,1 Hr,Valid
Ulaanbaatar,PM2.5 - Principal,2022-05-06 11:00 PM,2022,05,06,23,4.1,17,Good,5.0,UG/M3,1 Hr,Valid
Ulaanbaatar,PM2.5 - Principal,2022-05-07 12:00 AM,2022,05,07,00,3.0,13,Good,2.0,UG/M3,1 Hr,Valid
Ulaanbaatar,PM2.5 - Principal,2022-05-07 01:00 AM,2022,05,07,01,2.5,10,Good,2.0,UG/M3,1 Hr,Valid
Ulaanbaatar,PM2.5 - Principal,2022-05-07 02:00 AM,2022,05,07,02,3.2,13,Good,4.0,UG/M3,1 Hr,Valid
Ulaanbaatar,PM2.5 - Principal,2022-05-07 03:00 AM,2022,05,07,03,3.1,13,Good,3.0,UG/M3,1 Hr,Valid
Ulaanbaatar,PM2.5 - Principal,2022-05-07 04:00 AM,2022,05,07,04,5.5,23,Good,8.0,UG/M3,1 Hr,Valid
Ulaanbaatar,PM2.5 - Principal,2022-05-07 05:00 AM,2022,05,07,05,6.2,26,Good,7.0,UG/M3,1 Hr,Valid
Ulaanbaatar,PM2.5 - Principal,2022-05-07 06:00 AM,2022,05,07,06,6.1,25,Good,6.0,UG/M3,1 Hr,Valid
Ulaanbaatar,PM2.5 - Principal,2022-05-07 07:00 AM,2022,05,07,07,5.5,23,Good,5.0,UG/M3,1 Hr,Valid
Ulaanbaatar,PM2.5 - Principal,2022-05-07 08:00 AM,2022,05,07,08,5.2,22,Good,5.0,UG/M3,1 Hr,Valid
Ulaanbaatar,PM2.5 - Principal,2022-05-07 09:00 AM,2022,05,07,09,5.6,23,Good,6.0,UG/M3,1 Hr,Valid
Ulaanbaatar,PM2.5 - Principal,2022-05-07 10:00 AM,2022,05,07,10,4.8,20,Good,4.0,UG/M3,1 Hr,Valid
Ulaanbaatar,PM2.5 - Principal,2022-05-07 11:00 AM,2022,05,07,11,3.9,16,Good,3.0,UG/M3,1 Hr,Valid
Ulaanbaatar,PM2.5 - Principal,2022-05-07 12:00 PM,2022,05,07,12,5.4,23,Good,7.0,UG/M3,1 Hr,Valid
Ulaanbaatar,PM2.5 - Principal,2022-05-07 01:00 PM,2022,05,07,13,6.2,26,Good,7.0,UG/M3,1 Hr,Valid
Ulaanbaatar,PM2.5 - Principal,2022-05-07 02:00 PM,2022,05,07,14,10.1,42,Good,14.0,UG/M3,1 Hr,Valid
Ulaanbaatar,PM2.5 - Principal,2022-05-07 03:00 PM,2022,05,07,15,9.0,38,Good,8.0,UG/M3,1 Hr,Valid
Ulaanbaatar,PM2.5 - Principal,2022-05-07 04:00 PM,2022,05,07,16,7.0,29,Good,5.0,UG/M3,1 Hr,Valid
Ulaanbaatar,PM2.5 - Principal,2022-05-07 05:00 PM,2022,05,07,17,7.5,31,Good,8.0,UG/M3,1 Hr,Valid
Ulaanbaatar,PM2.5 - Principal,2022-05-07 06:00 PM,2022,05,07,18,7.7,32,Good,8.0,UG/M3,1 Hr,Valid
Ulaanbaatar,PM2.5 - Principal,2022-05-07 07:00 PM,2022,05,07,19,6.8,28,Good,6.0,UG/M3,1 Hr,Valid
Ulaanbaatar,PM2.5 - Principal,2022-05-07 08:00 PM,2022,05,07,20,4.9,20,Good,3.0,UG/M3,1 Hr,Valid
Ulaanbaatar,PM2.5 - Principal,2022-05-07 09:00 PM,2022,05,07,21,4.9,20,Good,5.0,UG/M3,1 Hr,Valid
Ulaanbaatar,PM2.5 - Principal,2022-05-07 10:00 PM,2022,05,07,22,11.4,48,Good,18.0,UG/M3,1 Hr,Valid
Ulaanbaatar,PM2.5 - Principal,2022-05-07 11:00 PM,2022,05,07,23,11.4,48,Good,-999.0,UG/M3,1 Hr,Missing
Ulaanbaatar,PM2.5 - Principal,2022-05-09 04:00 PM,2022,05,09,16,-999.0,-999,N/A,0.0,UG/M3,1 Hr,Invalid
Ulaanbaatar,PM2.5 - Principal,2022-05-09 07:00 PM,2022,05,09,19,-999.0,-999,N/A,12.0,UG/M3,1 Hr,Valid
Ulaanbaatar,PM2.5 - Principal,2022-05-09 08:00 PM,2022,05,09,20,12.0,50,Good,12.0,UG/M3,1 Hr,Valid
Ulaanbaatar,PM2.5 - Principal,2022-05-09 09:00 PM,2022,05,09,21,16.7,61,Moderate,21.0,UG/M3,1 Hr,Valid
Ulaanbaatar,PM2.5 - Principal,2022-05-09 10:00 PM,2022,05,09,22,19.4,66,Moderate,22.0,UG/M3,1 Hr,Valid
Ulaanbaatar,PM2.5 - Principal,2022-05-09 11:00 PM,2022,05,09,23,18.2,64,Moderate,17.0,UG/M3,1 Hr,Valid
Ulaanbaatar,PM2.5 - Principal,2022-05-10 12:00 AM,2022,05,10,00,18.1,64,Moderate,18.0,UG/M3,1 Hr,Valid
Ulaanbaatar,PM2.5 - Principal,2022-05-10 01:00 AM,2022,05,10,01,16.6,60,Moderate,15.0,UG/M3,1 Hr,Valid
Ulaanbaatar,PM2.5 - Principal,2022-05-10 02:00 AM,2022,05,10,02,12.2,51,Moderate,8.0,UG/M3,1 Hr,Valid
Ulaanbaatar,PM2.5 - Principal,2022-05-10 03:00 AM,2022,05,10,03,10.6,44,Good,9.0,UG/M3,1 Hr,Valid
Ulaanbaatar,PM2.5 - Principal,2022-05-10 04:00 AM,2022,05,10,04,9.8,41,Good,9.0,UG/M3,1 Hr,Valid
Ulaanbaatar,PM2.5 - Principal,2022-05-10 05:00 AM,2022,05,10,05,11.4,48,Good,13.0,UG/M3,1 Hr,Valid
Ulaanbaatar,PM2.5 - Principal,2022-05-10 06:00 AM,2022,05,10,06,11.2,47,Good,11.0,UG/M3,1 Hr,Valid
Ulaanbaatar,PM2.5 - Principal,2022-05-10 07:00 AM,2022,05,10,07,12.6,52,Moderate,14.0,UG/M3,1 Hr,Valid
Ulaanbaatar,PM2.5 - Principal,2022-05-10 08:00 AM,2022,05,10,08,14.3,56,Moderate,16.0,UG/M3,1 Hr,Valid
Ulaanbaatar,PM2.5 - Principal,2022-05-10 09:00 AM,2022,05,10,09,13.1,53,Moderate,12.0,UG/M3,1 Hr,Valid
Ulaanbaatar,PM2.5 - Principal,2022-05-10 10:00 AM,2022,05,10,10,12.5,52,Moderate,12.0,UG/M3,1 Hr,Valid
Ulaanbaatar,PM2.5 - Principal,2022-05-10 11:00 AM,2022,05,10,11,12.7,52,Moderate,13.0,UG/M3,1 Hr,Valid
Ulaanbaatar,PM2.5 - Principal,2022-05-10 12:00 PM,2022,05,10,12,12.8,52,Moderate,13.0,UG/M3,1 Hr,Valid
Ulaanbaatar,PM2.5 - Principal,2022-05-10 01:00 PM,2022,05,10,13,10.9,45,Good,9.0,UG/M3,1 Hr,Valid
Ulaanbaatar,PM2.5 - Principal,2022-05-10 02:00 PM,2022,05,10,14,8.4,35,Good,6.0,UG/M3,1 Hr,Valid
Ulaanbaatar,PM2.5 - Principal,2022-05-10 03:00 PM,2022,05,10,15,7.2,30,Good,6.0,UG/M3,1 Hr,Valid
Ulaanbaatar,PM2.5 - Principal,2022-05-10 04:00 PM,2022,05,10,16,8.6,36,Good,10.0,UG/M3,1 Hr,Valid
Ulaanbaatar,PM2.5 - Principal,2022-05-10 05:00 PM,2022,05,10,17,9.3,39,Good,10.0,UG/M3,1 Hr,Valid
Ulaanbaatar,PM2.5 - Principal,2022-05-10 06:00 PM,2022,05,10,18,10.1,42,Good,11.0,UG/M3,1 Hr,Valid
Ulaanbaatar,PM2.5 - Principal,2022-05-10 07:00 PM,2022,05,10,19,13.0,53,Moderate,16.0,UG/M3,1 Hr,Valid
Ulaanbaatar,PM2.5 - Principal,2022-05-10 08:00 PM,2022,05,10,20,15.0,57,Moderate,17.0,UG/M3,1 Hr,Valid
Ulaanbaatar,PM2.5 - Principal,2022-05-10 09:00 PM,2022,05,10,21,15.0,57,Moderate,15.0,UG/M3,1 Hr,Valid
Ulaanbaatar,PM2.5 - Principal,2022-05-10 10:00 PM,2022,05,10,22,15.5,58,Moderate,16.0,UG/M3,1 Hr,Valid
Ulaanbaatar,PM2.5 - Principal,2022-05-10 11:00 PM,2022,05,10,23,18.2,64,Moderate,21.0,UG/M3,1 Hr,Valid
Ulaanbaatar,PM2.5 - Principal,2022-05-11 12:00 AM,2022,05,11,00,17.6,63,Moderate,17.0,UG/M3,1 Hr,Valid
Ulaanbaatar,PM2.5 - Principal,2022-05-11 01:00 AM,2022,05,11,01,18.8,65,Moderate,20.0,UG/M3,1 Hr,Valid
Ulaanbaatar,PM2.5 - Principal,2022-05-11 02:00 AM,2022,05,11,02,36.4,103,Unhealthy for Sensitive Groups,54.0,UG/M3,1 Hr,Valid
Ulaanbaatar,PM2.5 - Principal,2022-05-11 03:00 AM,2022,05,11,03,31.7,92,Moderate,27.0,UG/M3,1 Hr,Valid
Ulaanbaatar,PM2.5 - Principal,2022-05-11 04:00 AM,2022,05,11,04,28.8,86,Moderate,26.0,UG/M3,1 Hr,Valid
Ulaanbaatar,PM2.5 - Principal,2022-05-11 05:00 AM,2022,05,11,05,23.4,75,Moderate,18.0,UG/M3,1 Hr,Valid
Ulaanbaatar,PM2.5 - Principal,2022-05-11 06:00 AM,2022,05,11,06,21.7,71,Moderate,20.0,UG/M3,1 Hr,Valid
Ulaanbaatar,PM2.5 - Principal,2022-05-11 07:00 AM,2022,05,11,07,20.3,68,Moderate,19.0,UG/M3,1 Hr,Valid
Ulaanbaatar,PM2.5 - Principal,2022-05-11 08:00 AM,2022,05,11,08,24.6,77,Moderate,29.0,UG/M3,1 Hr,Valid
Ulaanbaatar,PM2.5 - Principal,2022-05-11 09:00 AM,2022,05,11,09,28.8,86,Moderate,33.0,UG/M3,1 Hr,Valid
Ulaanbaatar,PM2.5 - Principal,2022-05-11 10:00 AM,2022,05,11,10,27.9,84,Moderate,27.0,UG/M3,1 Hr,Valid
Ulaanbaatar,PM2.5 - Principal,2022-05-11 11:00 AM,2022,05,11,11,22.4,73,Moderate,17.0,UG/M3,1 Hr,Valid
Ulaanbaatar,PM2.5 - Principal,2022-05-11 12:00 PM,2022,05,11,12,19.2,66,Moderate,16.0,UG/M3,1 Hr,Valid
Ulaanbaatar,PM2.5 - Principal,2022-05-11 01:00 PM,2022,05,11,13,16.6,60,Moderate,14.0,UG/M3,1 Hr,Valid
Ulaanbaatar,PM2.5 - Principal,2022-05-11 02:00 PM,2022,05,11,14,13.8,55,Moderate,11.0,UG/M3,1 Hr,Valid
Ulaanbaatar,PM2.5 - Principal,2022-05-11 03:00 PM,2022,05,11,15,12.3,51,Moderate,11.0,UG/M3,1 Hr,Valid
Ulaanbaatar,PM2.5 - Principal,2022-05-11 04:00 PM,2022,05,11,16,12.1,51,Moderate,12.0,UG/M3,1 Hr,Valid
Ulaanbaatar,PM2.5 - Principal,2022-05-11 05:00 PM,2022,05,11,17,10.0,42,Good,8.0,UG/M3,1 Hr,Valid
Ulaanbaatar,PM2.5 - Principal,2022-05-11 06:00 PM,2022,05,11,18,8.5,35,Good,7.0,UG/M3,1 Hr,Valid
Ulaanbaatar,PM2.5 - Principal,2022-05-11 07:00 PM,2022,05,11,19,8.5,35,Good,-999.0,UG/M3,1 Hr,Missing
Ulaanbaatar,PM2.5 - Principal,2022-05-11 08:00 PM,2022,05,11,20,8.8,37,Good,9.0,UG/M3,1 Hr,Valid
Ulaanbaatar,PM2.5 - Principal,2022-05-11 09:00 PM,2022,05,11,21,8.3,35,Good,8.0,UG/M3,1 Hr,Valid
Ulaanbaatar,PM2.5 - Principal,2022-05-11 10:00 PM,2022,05,11,22,9.7,40,Good,11.0,UG/M3,1 Hr,Valid
Ulaanbaatar,PM2.5 - Principal,2022-05-11 11:00 PM,2022,05,11,23,14.5,56,Moderate,19.0,UG/M3,1 Hr,Valid
Ulaanbaatar,PM2.5 - Principal,2022-05-12 12:00 AM,2022,05,12,00,18.3,64,Moderate,22.0,UG/M3,1 Hr,Valid
Ulaanbaatar,PM2.5 - Principal,2022-05-12 01:00 AM,2022,05,12,01,27.2,83,Moderate,36.0,UG/M3,1 Hr,Valid
Ulaanbaatar,PM2.5 - Principal,2022-05-12 02:00 AM,2022,05,12,02,42.1,117,Unhealthy for Sensitive Groups,57.0,UG/M3,1 Hr,Valid
Ulaanbaatar,PM2.5 - Principal,2022-05-12 03:00 AM,2022,05,12,03,59.6,153,Unhealthy,77.0,UG/M3,1 Hr,Valid
Ulaanbaatar,PM2.5 - Principal,2022-05-12 04:00 AM,2022,05,12,04,43.3,120,Unhealthy for Sensitive Groups,27.0,UG/M3,1 Hr,Valid
Ulaanbaatar,PM2.5 - Principal,2022-05-12 05:00 AM,2022,05,12,05,43.1,120,Unhealthy for Sensitive Groups,43.0,UG/M3,1 Hr,Valid
Ulaanbaatar,PM2.5 - Principal,2022-05-12 06:00 AM,2022,05,12,06,41.0,115,Unhealthy for Sensitive Groups,39.0,UG/M3,1 Hr,Valid
Ulaanbaatar,PM2.5 - Principal,2022-05-12 07:00 AM,2022,05,12,07,25.0,78,Moderate,9.0,UG/M3,1 Hr,Valid
Ulaanbaatar,PM2.5 - Principal,2022-05-12 08:00 AM,2022,05,12,08,17.0,61,Moderate,9.0,UG/M3,1 Hr,Valid
Ulaanbaatar,PM2.5 - Principal,2022-05-12 09:00 AM,2022,05,12,09,15.5,58,Moderate,14.0,UG/M3,1 Hr,Valid
Ulaanbaatar,PM2.5 - Principal,2022-05-12 10:00 AM,2022,05,12,10,13.2,53,Moderate,11.0,UG/M3,1 Hr,Valid
Ulaanbaatar,PM2.5 - Principal,2022-05-12 11:00 AM,2022,05,12,11,11.6,48,Good,10.0,UG/M3,1 Hr,Valid
Ulaanbaatar,PM2.5 - Principal,2022-05-12 12:00 PM,2022,05,12,12,8.8,37,Good,6.0,UG/M3,1 Hr,Valid
Ulaanbaatar,PM2.5 - Principal,2022-05-12 01:00 PM,2022,05,12,13,6.4,27,Good,4.0,UG/M3,1 Hr,Valid
Ulaanbaatar,PM2.5 - Principal,2022-05-12 02:00 PM,2022,05,12,14,6.1,25,Good,6.0,UG/M3,1 Hr,Valid
Ulaanbaatar,PM2.5 - Principal,2022-05-12 03:00 PM,2022,05,12,15,6.0,25,Good,6.0,UG/M3,1 Hr,Valid
Ulaanbaatar,PM2.5 - Principal,2022-05-12 04:00 PM,2022,05,12,16,6.5,27,Good,7.0,UG/M3,1 Hr,Valid
Ulaanbaatar,PM2.5 - Principal,2022-05-12 05:00 PM,2022,05,12,17,7.2,30,Good,8.0,UG/M3,1 Hr,Valid
Ulaanbaatar,PM2.5 - Principal,2022-05-12 06:00 PM,2022,05,12,18,7.6,32,Good,8.0,UG/M3,1 Hr,Valid
Ulaanbaatar,PM2.5 - Principal,2022-05-12 07:00 PM,2022,05,12,19,6.8,28,Good,6.0,UG/M3,1 Hr,Valid
Ulaanbaatar,PM2.5 - Principal,2022-05-12 08:00 PM,2022,05,12,20,7.4,31,Good,8.0,UG/M3,1 Hr,Valid
Ulaanbaatar,PM2.5 - Principal,2022-05-12 09:00 PM,2022,05,12,21,9.7,40,Good,12.0,UG/M3,1 Hr,Valid
Ulaanbaatar,PM2.5 - Principal,2022-05-12 10:00 PM,2022,05,12,22,10.3,43,Good,11.0,UG/M3,1 Hr,Valid
Ulaanbaatar,PM2.5 - Principal,2022-05-12 11:00 PM,2022,05,12,23,10.1,42,Good,10.0,UG/M3,1 Hr,Valid
Ulaanbaatar,PM2.5 - Principal,2022-05-13 12:00 AM,2022,05,13,00,11.0,46,Good,12.0,UG/M3,1 Hr,Valid
Ulaanbaatar,PM2.5 - Principal,2022-05-13 01:00 AM,2022,05,13,01,12.5,52,Moderate,14.0,UG/M3,1 Hr,Valid
Ulaanbaatar,PM2.5 - Principal,2022-05-13 02:00 AM,2022,05,13,02,18.7,65,Moderate,25.0,UG/M3,1 Hr,Valid
Ulaanbaatar,PM2.5 - Principal,2022-05-13 03:00 AM,2022,05,13,03,18.8,65,Moderate,19.0,UG/M3,1 Hr,Valid
Ulaanbaatar,PM2.5 - Principal,2022-05-13 04:00 AM,2022,05,13,04,30.9,91,Moderate,43.0,UG/M3,1 Hr,Valid
Ulaanbaatar,PM2.5 - Principal,2022-05-13 05:00 AM,2022,05,13,05,43.9,122,Unhealthy for Sensitive Groups,57.0,UG/M3,1 Hr,Valid
Ulaanbaatar,PM2.5 - Principal,2022-05-13 06:00 AM,2022,05,13,06,38.9,109,Unhealthy for Sensitive Groups,34.0,UG/M3,1 Hr,Valid
Ulaanbaatar,PM2.5 - Principal,2022-05-13 07:00 AM,2022,05,13,07,29.4,87,Moderate,20.0,UG/M3,1 Hr,Valid
Ulaanbaatar,PM2.5 - Principal,2022-05-13 08:00 AM,2022,05,13,08,27.7,84,Moderate,26.0,UG/M3,1 Hr,Valid
Ulaanbaatar,PM2.5 - Principal,2022-05-13 09:00 AM,2022,05,13,09,37.8,107,Unhealthy for Sensitive Groups,48.0,UG/M3,1 Hr,Valid
Ulaanbaatar,PM2.5 - Principal,2022-05-13 10:00 AM,2022,05,13,10,24.4,77,Moderate,11.0,UG/M3,1 Hr,Valid
Ulaanbaatar,PM2.5 - Principal,2022-05-13 11:00 AM,2022,05,13,11,16.2,60,Moderate,8.0,UG/M3,1 Hr,Valid
Ulaanbaatar,PM2.5 - Principal,2022-05-13 12:00 PM,2022,05,13,12,11.6,48,Good,7.0,UG/M3,1 Hr,Valid
Ulaanbaatar,PM2.5 - Principal,2022-05-13 01:00 PM,2022,05,13,13,8.3,35,Good,5.0,UG/M3,1 Hr,Valid
Ulaanbaatar,PM2.5 - Principal,2022-05-13 02:00 PM,2022,05,13,14,7.6,32,Good,7.0,UG/M3,1 Hr,Valid
Ulaanbaatar,PM2.5 - Principal,2022-05-13 03:00 PM,2022,05,13,15,7.3,30,Good,7.0,UG/M3,1 Hr,Valid
Ulaanbaatar,PM2.5 - Principal,2022-05-13 04:00 PM,2022,05,13,16,6.6,28,Good,6.0,UG/M3,1 Hr,Valid
Ulaanbaatar,PM2.5 - Principal,2022-05-13 05:00 PM,2022,05,13,17,6.3,26,Good,6.0,UG/M3,1 Hr,Valid
Ulaanbaatar,PM2.5 - Principal,2022-05-13 06:00 PM,2022,05,13,18,6.1,25,Good,6.0,UG/M3,1 Hr,Valid
Ulaanbaatar,PM2.5 - Principal,2022-05-13 07:00 PM,2022,05,13,19,6.5,27,Good,7.0,UG/M3,1 Hr,Valid
Ulaanbaatar,PM2.5 - Principal,2022-05-13 08:00 PM,2022,05,13,20,8.2,34,Good,10.0,UG/M3,1 Hr,Valid
Ulaanbaatar,PM2.5 - Principal,2022-05-13 09:00 PM,2022,05,13,21,9.1,38,Good,10.0,UG/M3,1 Hr,Valid
Ulaanbaatar,PM2.5 - Principal,2022-05-13 10:00 PM,2022,05,13,22,14.5,56,Moderate,20.0,UG/M3,1 Hr,Valid
Ulaanbaatar,PM2.5 - Principal,2022-05-13 11:00 PM,2022,05,13,23,34.7,99,Moderate,55.0,UG/M3,1 Hr,Valid
Ulaanbaatar,PM2.5 - Principal,2022-05-14 12:00 AM,2022,05,14,00,39.4,111,Unhealthy for Sensitive Groups,44.0,UG/M3,1 Hr,Valid
Ulaanbaatar,PM2.5 - Principal,2022-05-14 01:00 AM,2022,05,14,01,36.2,103,Unhealthy for Sensitive Groups,33.0,UG/M3,1 Hr,Valid
Ulaanbaatar,PM2.5 - Principal,2022-05-14 02:00 AM,2022,05,14,02,30.6,90,Moderate,25.0,UG/M3,1 Hr,Valid
Ulaanbaatar,PM2.5 - Principal,2022-05-14 03:00 AM,2022,05,14,03,25.8,80,Moderate,21.0,UG/M3,1 Hr,Valid
Ulaanbaatar,PM2.5 - Principal,2022-05-14 04:00 AM,2022,05,14,04,18.4,64,Moderate,11.0,UG/M3,1 Hr,Valid
Ulaanbaatar,PM2.5 - Principal,2022-05-14 05:00 AM,2022,05,14,05,14.2,55,Moderate,10.0,UG/M3,1 Hr,Valid
Ulaanbaatar,PM2.5 - Principal,2022-05-14 06:00 AM,2022,05,14,06,13.6,54,Moderate,13.0,UG/M3,1 Hr,Valid
Ulaanbaatar,PM2.5 - Principal,2022-05-14 07:00 AM,2022,05,14,07,13.8,55,Moderate,14.0,UG/M3,1 Hr,Valid
Ulaanbaatar,PM2.5 - Principal,2022-05-14 08:00 AM,2022,05,14,08,16.9,61,Moderate,20.0,UG/M3,1 Hr,Valid
Ulaanbaatar,PM2.5 - Principal,2022-05-14 09:00 AM,2022,05,14,09,17.4,62,Moderate,18.0,UG/M3,1 Hr,Valid
Ulaanbaatar,PM2.5 - Principal,2022-05-14 10:00 AM,2022,05,14,10,28.2,85,Moderate,39.0,UG/M3,1 Hr,Valid
Ulaanbaatar,PM2.5 - Principal,2022-05-14 11:00 AM,2022,05,14,11,26.1,80,Moderate,24.0,UG/M3,1 Hr,Valid
Ulaanbaatar,PM2.5 - Principal,2022-05-14 12:00 PM,2022,05,14,12,16.5,60,Moderate,7.0,UG/M3,1 Hr,Valid
Ulaanbaatar,PM2.5 - Principal,2022-05-14 01:00 PM,2022,05,14,13,11.7,49,Good,7.0,UG/M3,1 Hr,Valid
Ulaanbaatar,PM2.5 - Principal,2022-05-14 02:00 PM,2022,05,14,14,9.3,39,Good,7.0,UG/M3,1 Hr,Valid
Ulaanbaatar,PM2.5 - Principal,2022-05-14 03:00 PM,2022,05,14,15,7.1,30,Good,5.0,UG/M3,1 Hr,Valid
Ulaanbaatar,PM2.5 - Principal,2022-05-14 04:00 PM,2022,05,14,16,6.0,25,Good,5.0,UG/M3,1 Hr,Valid
Ulaanbaatar,PM2.5 - Principal,2022-05-14 05:00 PM,2022,05,14,17,5.5,23,Good,5.0,UG/M3,1 Hr,Valid
Ulaanbaatar,PM2.5 - Principal,2022-05-14 06:00 PM,2022,05,14,18,4.7,20,Good,4.0,UG/M3,1 Hr,Valid
Ulaanbaatar,PM2.5 - Principal,2022-05-14 07:00 PM,2022,05,14,19,4.8,20,Good,5.0,UG/M3,1 Hr,Valid
Ulaanbaatar,PM2.5 - Principal,2022-05-14 08:00 PM,2022,05,14,20,6.9,29,Good,9.0,UG/M3,1 Hr,Valid
Ulaanbaatar,PM2.5 - Principal,2022-05-14 09:00 PM,2022,05,14,21,9.9,41,Good,13.0,UG/M3,1 Hr,Valid
Ulaanbaatar,PM2.5 - Principal,2022-05-14 10:00 PM,2022,05,14,22,24.4,77,Moderate,39.0,UG/M3,1 Hr,Valid
Ulaanbaatar,PM2.5 - Principal,2022-05-14 11:00 PM,2022,05,14,23,39.7,111,Unhealthy for Sensitive Groups,55.0,UG/M3,1 Hr,Valid
Ulaanbaatar,PM2.5 - Principal,2022-05-15 12:00 AM,2022,05,15,00,48.8,134,Unhealthy for Sensitive Groups,58.0,UG/M3,1 Hr,Valid
Ulaanbaatar,PM2.5 - Principal,2022-05-15 01:00 AM,2022,05,15,01,42.4,118,Unhealthy for Sensitive Groups,36.0,UG/M3,1 Hr,Valid
Ulaanbaatar,PM2.5 - Principal,2022-05-15 02:00 AM,2022,05,15,02,33.7,96,Moderate,25.0,UG/M3,1 Hr,Valid
Ulaanbaatar,PM2.5 - Principal,2022-05-15 03:00 AM,2022,05,15,03,27.8,84,Moderate,22.0,UG/M3,1 Hr,Valid
Ulaanbaatar,PM2.5 - Principal,2022-05-15 04:00 AM,2022,05,15,04,22.4,73,Moderate,17.0,UG/M3,1 Hr,Valid
Ulaanbaatar,PM2.5 - Principal,2022-05-15 05:00 AM,2022,05,15,05,21.2,70,Moderate,20.0,UG/M3,1 Hr,Valid
Ulaanbaatar,PM2.5 - Principal,2022-05-15 06:00 AM,2022,05,15,06,18.1,64,Moderate,15.0,UG/M3,1 Hr,Valid
Ulaanbaatar,PM2.5 - Principal,2022-05-15 07:00 AM,2022,05,15,07,17.5,62,Moderate,17.0,UG/M3,1 Hr,Valid
Ulaanbaatar,PM2.5 - Principal,2022-05-15 08:00 AM,2022,05,15,08,20.7,69,Moderate,24.0,UG/M3,1 Hr,Valid
Ulaanbaatar,PM2.5 - Principal,2022-05-15 09:00 AM,2022,05,15,09,23.8,76,Moderate,27.0,UG/M3,1 Hr,Valid
Ulaanbaatar,PM2.5 - Principal,2022-05-15 10:00 AM,2022,05,15,10,19.4,66,Moderate,15.0,UG/M3,1 Hr,Valid
Ulaanbaatar,PM2.5 - Principal,2022-05-15 11:00 AM,2022,05,15,11,21.2,70,Moderate,23.0,UG/M3,1 Hr,Valid
Ulaanbaatar,PM2.5 - Principal,2022-05-15 12:00 PM,2022,05,15,12,33.1,95,Moderate,45.0,UG/M3,1 Hr,Valid
Ulaanbaatar,PM2.5 - Principal,2022-05-15 01:00 PM,2022,05,15,13,24.0,76,Moderate,15.0,UG/M3,1 Hr,Valid
Ulaanbaatar,PM2.5 - Principal,2022-05-15 02:00 PM,2022,05,15,14,17.0,61,Moderate,10.0,UG/M3,1 Hr,Valid
Ulaanbaatar,PM2.5 - Principal,2022-05-15 03:00 PM,2022,05,15,15,12.0,50,Good,7.0,UG/M3,1 Hr,Valid
Ulaanbaatar,PM2.5 - Principal,2022-05-15 04:00 PM,2022,05,15,16,10.0,42,Good,8.0,UG/M3,1 Hr,Valid
Ulaanbaatar,PM2.5 - Principal,2022-05-15 05:00 PM,2022,05,15,17,8.0,33,Good,6.0,UG/M3,1 Hr,Valid
Ulaanbaatar,PM2.5 - Principal,2022-05-15 06:00 PM,2022,05,15,18,6.4,27,Good,5.0,UG/M3,1 Hr,Valid
Ulaanbaatar,PM2.5 - Principal,2022-05-15 07:00 PM,2022,05,15,19,5.7,24,Good,5.0,UG/M3,1 Hr,Valid
Ulaanbaatar,PM2.5 - Principal,2022-05-15 08:00 PM,2022,05,15,20,5.8,24,Good,6.0,UG/M3,1 Hr,Valid
Ulaanbaatar,PM2.5 - Principal,2022-05-15 09:00 PM,2022,05,15,21,8.9,37,Good,12.0,UG/M3,1 Hr,Valid
Ulaanbaatar,PM2.5 - Principal,2022-05-15 10:00 PM,2022,05,15,22,15.9,59,Moderate,23.0,UG/M3,1 Hr,Valid
Ulaanbaatar,PM2.5 - Principal,2022-05-15 11:00 PM,2022,05,15,23,61.9,154,Unhealthy,108.0,UG/M3,1 Hr,Valid
Ulaanbaatar,PM2.5 - Principal,2022-05-16 12:00 AM,2022,05,16,00,51.9,141,Unhealthy for Sensitive Groups,42.0,UG/M3,1 Hr,Valid
Ulaanbaatar,PM2.5 - Principal,2022-05-16 01:00 AM,2022,05,16,01,41.0,115,Unhealthy for Sensitive Groups,30.0,UG/M3,1 Hr,Valid
Ulaanbaatar,PM2.5 - Principal,2022-05-16 02:00 AM,2022,05,16,02,30.5,90,Moderate,20.0,UG/M3,1 Hr,Valid
Ulaanbaatar,PM2.5 - Principal,2022-05-16 03:00 AM,2022,05,16,03,26.2,81,Moderate,22.0,UG/M3,1 Hr,Valid
Ulaanbaatar,PM2.5 - Principal,2022-05-16 04:00 AM,2022,05,16,04,21.1,70,Moderate,16.0,UG/M3,1 Hr,Valid
Ulaanbaatar,PM2.5 - Principal,2022-05-16 05:00 AM,2022,05,16,05,17.5,62,Moderate,14.0,UG/M3,1 Hr,Valid
Ulaanbaatar,PM2.5 - Principal,2022-05-16 06:00 AM,2022,05,16,06,16.7,61,Moderate,16.0,UG/M3,1 Hr,Valid
Ulaanbaatar,PM2.5 - Principal,2022-05-16 07:00 AM,2022,05,16,07,17.8,63,Moderate,19.0,UG/M3,1 Hr,Valid
Ulaanbaatar,PM2.5 - Principal,2022-05-16 08:00 AM,2022,05,16,08,16.9,61,Moderate,16.0,UG/M3,1 Hr,Valid
Ulaanbaatar,PM2.5 - Principal,2022-05-16 09:00 AM,2022,05,16,09,24.9,78,Moderate,33.0,UG/M3,1 Hr,Valid
Ulaanbaatar,PM2.5 - Principal,2022-05-16 10:00 AM,2022,05,16,10,21.4,71,Moderate,18.0,UG/M3,1 Hr,Valid
Ulaanbaatar,PM2.5 - Principal,2022-05-16 11:00 AM,2022,05,16,11,25.7,80,Moderate,30.0,UG/M3,1 Hr,Valid
Ulaanbaatar,PM2.5 - Principal,2022-05-16 12:00 PM,2022,05,16,12,28.8,86,Moderate,32.0,UG/M3,1 Hr,Valid
Ulaanbaatar,PM2.5 - Principal,2022-05-16 01:00 PM,2022,05,16,13,27.9,84,Moderate,27.0,UG/M3,1 Hr,Valid
Ulaanbaatar,PM2.5 - Principal,2022-05-16 02:00 PM,2022,05,16,14,23.4,75,Moderate,19.0,UG/M3,1 Hr,Valid
Ulaanbaatar,PM2.5 - Principal,2022-05-16 03:00 PM,2022,05,16,15,20.2,68,Moderate,17.0,UG/M3,1 Hr,Valid
Ulaanbaatar,PM2.5 - Principal,2022-05-16 04:00 PM,2022,05,16,16,21.1,70,Moderate,22.0,UG/M3,1 Hr,Valid
Ulaanbaatar,PM2.5 - Principal,2022-05-16 05:00 PM,2022,05,16,17,21.0,70,Moderate,21.0,UG/M3,1 Hr,Valid
Ulaanbaatar,PM2.5 - Principal,2022-05-16 06:00 PM,2022,05,16,18,18.5,64,Moderate,16.0,UG/M3,1 Hr,Valid
Ulaanbaatar,PM2.5 - Principal,2022-05-16 07:00 PM,2022,05,16,19,16.2,60,Moderate,14.0,UG/M3,1 Hr,Valid
Ulaanbaatar,PM2.5 - Principal,2022-05-16 08:00 PM,2022,05,16,20,16.6,60,Moderate,17.0,UG/M3,1 Hr,Valid
Ulaanbaatar,PM2.5 - Principal,2022-05-16 09:00 PM,2022,05,16,21,18.3,64,Moderate,20.0,UG/M3,1 Hr,Valid
Ulaanbaatar,PM2.5 - Principal,2022-05-16 10:00 PM,2022,05,16,22,20.1,68,Moderate,22.0,UG/M3,1 Hr,Valid
Ulaanbaatar,PM2.5 - Principal,2022-05-16 11:00 PM,2022,05,16,23,22.5,73,Moderate,25.0,UG/M3,1 Hr,Valid
Ulaanbaatar,PM2.5 - Principal,2022-05-17 12:00 AM,2022,05,17,00,25.7,80,Moderate,29.0,UG/M3,1 Hr,Valid
Ulaanbaatar,PM2.5 - Principal,2022-05-17 01:00 AM,2022,05,17,01,27.8,84,Moderate,30.0,UG/M3,1 Hr,Valid
Ulaanbaatar,PM2.5 - Principal,2022-05-17 02:00 AM,2022,05,17,02,34.4,98,Moderate,41.0,UG/M3,1 Hr,Valid
Ulaanbaatar,PM2.5 - Principal,2022-05-17 03:00 AM,2022,05,17,03,46.7,129,Unhealthy for Sensitive Groups,59.0,UG/M3,1 Hr,Valid
Ulaanbaatar,PM2.5 - Principal,2022-05-17 04:00 AM,2022,05,17,04,50.8,139,Unhealthy for Sensitive Groups,55.0,UG/M3,1 Hr,Valid
Ulaanbaatar,PM2.5 - Principal,2022-05-17 05:00 AM,2022,05,17,05,49.9,136,Unhealthy for Sensitive Groups,49.0,UG/M3,1 Hr,Valid
Ulaanbaatar,PM2.5 - Principal,2022-05-17 06:00 AM,2022,05,17,06,41.9,117,Unhealthy for Sensitive Groups,34.0,UG/M3,1 Hr,Valid
Ulaanbaatar,PM2.5 - Principal,2022-05-17 07:00 AM,2022,05,17,07,36.9,104,Unhealthy for Sensitive Groups,32.0,UG/M3,1 Hr,Valid
Ulaanbaatar,PM2.5 - Principal,2022-05-17 08:00 AM,2022,05,17,08,35.9,102,Unhealthy for Sensitive Groups,35.0,UG/M3,1 Hr,Valid
Ulaanbaatar,PM2.5 - Principal,2022-05-17 09:00 AM,2022,05,17,09,39.5,111,Unhealthy for Sensitive Groups,43.0,UG/M3,1 Hr,Valid
Ulaanbaatar,PM2.5 - Principal,2022-05-17 10:00 AM,2022,05,17,10,40.7,114,Unhealthy for Sensitive Groups,42.0,UG/M3,1 Hr,Valid
Ulaanbaatar,PM2.5 - Principal,2022-05-17 11:00 AM,2022,05,17,11,38.8,109,Unhealthy for Sensitive Groups,37.0,UG/M3,1 Hr,Valid
Ulaanbaatar,PM2.5 - Principal,2022-05-17 12:00 PM,2022,05,17,12,32.9,95,Moderate,27.0,UG/M3,1 Hr,Valid
Ulaanbaatar,PM2.5 - Principal,2022-05-17 01:00 PM,2022,05,17,13,30.4,89,Moderate,28.0,UG/M3,1 Hr,Valid
Ulaanbaatar,PM2.5 - Principal,2022-05-17 02:00 PM,2022,05,17,14,31.2,91,Moderate,32.0,UG/M3,1 Hr,Valid
Ulaanbaatar,PM2.5 - Principal,2022-05-17 03:00 PM,2022,05,17,15,29.1,87,Moderate,27.0,UG/M3,1 Hr,Valid
Ulaanbaatar,PM2.5 - Principal,2022-05-17 04:00 PM,2022,05,17,16,31.9,93,Moderate,35.0,UG/M3,1 Hr,Valid
Ulaanbaatar,PM2.5 - Principal,2022-05-17 05:00 PM,2022,05,17,17,31.9,93,Moderate,32.0,UG/M3,1 Hr,Valid
Ulaanbaatar,PM2.5 - Principal,2022-05-17 06:00 PM,2022,05,17,18,31.2,91,Moderate,30.0,UG/M3,1 Hr,Valid
Ulaanbaatar,PM2.5 - Principal,2022-05-17 07:00 PM,2022,05,17,19,30.0,89,Moderate,28.0,UG/M3,1 Hr,Valid
Ulaanbaatar,PM2.5 - Principal,2022-05-17 08:00 PM,2022,05,17,20,31.1,91,Moderate,33.0,UG/M3,1 Hr,Valid
Ulaanbaatar,PM2.5 - Principal,2022-05-17 09:00 PM,2022,05,17,21,29.9,88,Moderate,28.0,UG/M3,1 Hr,Valid
Ulaanbaatar,PM2.5 - Principal,2022-05-17 10:00 PM,2022,05,17,22,31.1,91,Moderate,34.0,UG/M3,1 Hr,Valid
Ulaanbaatar,PM2.5 - Principal,2022-05-17 11:00 PM,2022,05,17,23,43.9,122,Unhealthy for Sensitive Groups,56.0,UG/M3,1 Hr,Valid
Ulaanbaatar,PM2.5 - Principal,2022-05-18 12:00 AM,2022,05,18,00,49.4,135,Unhealthy for Sensitive Groups,55.0,UG/M3,1 Hr,Valid
Ulaanbaatar,PM2.5 - Principal,2022-05-18 01:00 AM,2022,05,18,01,47.7,131,Unhealthy for Sensitive Groups,46.0,UG/M3,1 Hr,Valid
Ulaanbaatar,PM2.5 - Principal,2022-05-18 02:00 AM,2022,05,18,02,42.3,118,Unhealthy for Sensitive Groups,37.0,UG/M3,1 Hr,Valid
Ulaanbaatar,PM2.5 - Principal,2022-05-18 03:00 AM,2022,05,18,03,36.1,102,Unhealthy for Sensitive Groups,30.0,UG/M3,1 Hr,Valid
Ulaanbaatar,PM2.5 - Principal,2022-05-18 04:00 AM,2022,05,18,04,31.5,92,Moderate,27.0,UG/M3,1 Hr,Valid
Ulaanbaatar,PM2.5 - Principal,2022-05-18 05:00 AM,2022,05,18,05,30.7,90,Moderate,30.0,UG/M3,1 Hr,Valid
Ulaanbaatar,PM2.5 - Principal,2022-05-18 06:00 AM,2022,05,18,06,32.8,95,Moderate,35.0,UG/M3,1 Hr,Valid
Ulaanbaatar,PM2.5 - Principal,2022-05-18 07:00 AM,2022,05,18,07,30.9,91,Moderate,29.0,UG/M3,1 Hr,Valid
Ulaanbaatar,PM2.5 - Principal,2022-05-18 08:00 AM,2022,05,18,08,32.9,95,Moderate,35.0,UG/M3,1 Hr,Valid
Ulaanbaatar,PM2.5 - Principal,2022-05-18 09:00 AM,2022,05,18,09,35.4,100,Moderate,38.0,UG/M3,1 Hr,Valid
Ulaanbaatar,PM2.5 - Principal,2022-05-18 10:00 AM,2022,05,18,10,34.2,97,Moderate,33.0,UG/M3,1 Hr,Valid
Ulaanbaatar,PM2.5 - Principal,2022-05-18 11:00 AM,2022,05,18,11,30.1,89,Moderate,26.0,UG/M3,1 Hr,Valid
Ulaanbaatar,PM2.5 - Principal,2022-05-18 12:00 PM,2022,05,18,12,26.5,81,Moderate,23.0,UG/M3,1 Hr,Valid
Ulaanbaatar,PM2.5 - Principal,2022-05-18 01:00 PM,2022,05,18,13,21.2,70,Moderate,16.0,UG/M3,1 Hr,Valid
Ulaanbaatar,PM2.5 - Principal,2022-05-18 02:00 PM,2022,05,18,14,16.1,59,Moderate,11.0,UG/M3,1 Hr,Valid
Ulaanbaatar,PM2.5 - Principal,2022-05-18 03:00 PM,2022,05,18,15,13.0,53,Moderate,10.0,UG/M3,1 Hr,Valid
Ulaanbaatar,PM2.5 - Principal,2022-05-18 04:00 PM,2022,05,18,16,12.5,52,Moderate,12.0,UG/M3,1 Hr,Valid
Ulaanbaatar,PM2.5 - Principal,2022-05-18 05:00 PM,2022,05,18,17,11.2,47,Good,10.0,UG/M3,1 Hr,Valid
Ulaanbaatar,PM2.5 - Principal,2022-05-18 06:00 PM,2022,05,18,18,10.1,42,Good,9.0,UG/M3,1 Hr,Valid
Ulaanbaatar,PM2.5 - Principal,2022-05-18 07:00 PM,2022,05,18,19,11.0,46,Good,12.0,UG/M3,1 Hr,Valid
Ulaanbaatar,PM2.5 - Principal,2022-05-18 08:00 PM,2022,05,18,20,10.0,42,Good,9.0,UG/M3,1 Hr,Valid
Ulaanbaatar,PM2.5 - Principal,2022-05-18 09:00 PM,2022,05,18,21,11.0,46,Good,12.0,UG/M3,1 Hr,Valid
Ulaanbaatar,PM2.5 - Principal,2022-05-18 10:00 PM,2022,05,18,22,15.0,57,Moderate,19.0,UG/M3,1 Hr,Valid
Ulaanbaatar,PM2.5 - Principal,2022-05-18 11:00 PM,2022,05,18,23,16.0,59,Moderate,17.0,UG/M3,1 Hr,Valid
Ulaanbaatar,PM2.5 - Principal,2022-05-19 12:00 AM,2022,05,19,00,18.5,64,Moderate,21.0,UG/M3,1 Hr,Valid
Ulaanbaatar,PM2.5 - Principal,2022-05-19 01:00 AM,2022,05,19,01,22.2,72,Moderate,26.0,UG/M3,1 Hr,Valid
Ulaanbaatar,PM2.5 - Principal,2022-05-19 02:00 AM,2022,05,19,02,25.1,78,Moderate,28.0,UG/M3,1 Hr,Valid
Ulaanbaatar,PM2.5 - Principal,2022-05-19 03:00 AM,2022,05,19,03,21.5,71,Moderate,18.0,UG/M3,1 Hr,Valid
Ulaanbaatar,PM2.5 - Principal,2022-05-19 04:00 AM,2022,05,19,04,18.2,64,Moderate,15.0,UG/M3,1 Hr,Valid
Ulaanbaatar,PM2.5 - Principal,2022-05-19 05:00 AM,2022,05,19,05,17.1,62,Moderate,16.0,UG/M3,1 Hr,Valid
Ulaanbaatar,PM2.5 - Principal,2022-05-19 06:00 AM,2022,05,19,06,14.5,56,Moderate,12.0,UG/M3,1 Hr,Valid
Ulaanbaatar,PM2.5 - Principal,2022-05-19 07:00 AM,2022,05,19,07,14.7,56,Moderate,15.0,UG/M3,1 Hr,Valid
Ulaanbaatar,PM2.5 - Principal,2022-05-19 08:00 AM,2022,05,19,08,19.3,66,Moderate,24.0,UG/M3,1 Hr,Valid
Ulaanbaatar,PM2.5 - Principal,2022-05-19 09:00 AM,2022,05,19,09,21.1,70,Moderate,23.0,UG/M3,1 Hr,Valid
Ulaanbaatar,PM2.5 - Principal,2022-05-19 10:00 AM,2022,05,19,10,20.0,68,Moderate,19.0,UG/M3,1 Hr,Valid
Ulaanbaatar,PM2.5 - Principal,2022-05-19 11:00 AM,2022,05,19,11,18.5,64,Moderate,17.0,UG/M3,1 Hr,Valid
Ulaanbaatar,PM2.5 - Principal,2022-05-19 12:00 PM,2022,05,19,12,16.2,60,Moderate,14.0,UG/M3,1 Hr,Valid
Ulaanbaatar,PM2.5 - Principal,2022-05-19 01:00 PM,2022,05,19,13,16.1,59,Moderate,16.0,UG/M3,1 Hr,Valid
Ulaanbaatar,PM2.5 - Principal,2022-05-19 02:00 PM,2022,05,19,14,16.5,60,Moderate,17.0,UG/M3,1 Hr,Valid
Ulaanbaatar,PM2.5 - Principal,2022-05-19 03:00 PM,2022,05,19,15,13.2,53,Moderate,10.0,UG/M3,1 Hr,Valid
Ulaanbaatar,PM2.5 - Principal,2022-05-19 04:00 PM,2022,05,19,16,11.6,48,Good,10.0,UG/M3,1 Hr,Valid
Ulaanbaatar,PM2.5 - Principal,2022-05-19 05:00 PM,2022,05,19,17,9.8,41,Good,8.0,UG/M3,1 Hr,Valid
Ulaanbaatar,PM2.5 - Principal,2022-05-19 06:00 PM,2022,05,19,18,7.4,31,Good,5.0,UG/M3,1 Hr,Valid
Ulaanbaatar,PM2.5 - Principal,2022-05-19 07:00 PM,2022,05,19,19,6.2,26,Good,5.0,UG/M3,1 Hr,Valid
Ulaanbaatar,PM2.5 - Principal,2022-05-19 08:00 PM,2022,05,19,20,6.0,25,Good,6.0,UG/M3,1 Hr,Valid
Ulaanbaatar,PM2.5 - Principal,2022-05-19 09:00 PM,2022,05,19,21,7.0,29,Good,8.0,UG/M3,1 Hr,Valid
Ulaanbaatar,PM2.5 - Principal,2022-05-19 10:00 PM,2022,05,19,22,16.5,60,Moderate,26.0,UG/M3,1 Hr,Valid
Ulaanbaatar,PM2.5 - Principal,2022-05-19 11:00 PM,2022,05,19,23,26.7,82,Moderate,37.0,UG/M3,1 Hr,Valid
Ulaanbaatar,PM2.5 - Principal,2022-05-20 12:00 AM,2022,05,20,00,25.8,80,Moderate,25.0,UG/M3,1 Hr,Valid
Ulaanbaatar,PM2.5 - Principal,2022-05-20 01:00 AM,2022,05,20,01,23.4,75,Moderate,21.0,UG/M3,1 Hr,Valid
Ulaanbaatar,PM2.5 - Principal,2022-05-20 02:00 AM,2022,05,20,02,19.2,66,Moderate,15.0,UG/M3,1 Hr,Valid
Ulaanbaatar,PM2.5 - Principal,2022-05-20 03:00 AM,2022,05,20,03,18.6,65,Moderate,18.0,UG/M3,1 Hr,Valid
Ulaanbaatar,PM2.5 - Principal,2022-05-20 04:00 AM,2022,05,20,04,14.3,56,Moderate,10.0,UG/M3,1 Hr,Valid
Ulaanbaatar,PM2.5 - Principal,2022-05-20 05:00 AM,2022,05,20,05,13.1,53,Moderate,12.0,UG/M3,1 Hr,Valid
Ulaanbaatar,PM2.5 - Principal,2022-05-20 06:00 AM,2022,05,20,06,11.5,48,Good,10.0,UG/M3,1 Hr,Valid
Ulaanbaatar,PM2.5 - Principal,2022-05-20 07:00 AM,2022,05,20,07,12.7,52,Moderate,14.0,UG/M3,1 Hr,Valid
Ulaanbaatar,PM2.5 - Principal,2022-05-20 08:00 AM,2022,05,20,08,15.3,58,Moderate,18.0,UG/M3,1 Hr,Valid
Ulaanbaatar,PM2.5 - Principal,2022-05-20 09:00 AM,2022,05,20,09,16.1,59,Moderate,17.0,UG/M3,1 Hr,Valid
Ulaanbaatar,PM2.5 - Principal,2022-05-20 10:00 AM,2022,05,20,10,14.0,55,Moderate,12.0,UG/M3,1 Hr,Valid
Ulaanbaatar,PM2.5 - Principal,2022-05-20 11:00 AM,2022,05,20,11,13.5,54,Moderate,13.0,UG/M3,1 Hr,Valid
Ulaanbaatar,PM2.5 - Principal,2022-05-20 12:00 PM,2022,05,20,12,11.7,49,Good,10.0,UG/M3,1 Hr,Valid
Ulaanbaatar,PM2.5 - Principal,2022-05-20 01:00 PM,2022,05,20,13,11.5,48,Good,11.0,UG/M3,1 Hr,Valid
Ulaanbaatar,PM2.5 - Principal,2022-05-20 02:00 PM,2022,05,20,14,59.2,153,Unhealthy,107.0,UG/M3,1 Hr,Valid
Ulaanbaatar,PM2.5 - Principal,2022-05-20 03:00 PM,2022,05,20,15,35.6,101,Unhealthy for Sensitive Groups,12.0,UG/M3,1 Hr,Valid
Ulaanbaatar,PM2.5 - Principal,2022-05-20 04:00 PM,2022,05,20,16,22.8,74,Moderate,10.0,UG/M3,1 Hr,Valid
Ulaanbaatar,PM2.5 - Principal,2022-05-20 05:00 PM,2022,05,20,17,14.8,57,Moderate,7.0,UG/M3,1 Hr,Valid
Ulaanbaatar,PM2.5 - Principal,2022-05-20 06:00 PM,2022,05,20,18,10.4,43,Good,6.0,UG/M3,1 Hr,Valid
Ulaanbaatar,PM2.5 - Principal,2022-05-20 07:00 PM,2022,05,20,19,9.7,40,Good,9.0,UG/M3,1 Hr,Valid
Ulaanbaatar,PM2.5 - Principal,2022-05-20 08:00 PM,2022,05,20,20,10.3,43,Good,11.0,UG/M3,1 Hr,Valid
Ulaanbaatar,PM2.5 - Principal,2022-05-20 09:00 PM,2022,05,20,21,42.1,117,Unhealthy for Sensitive Groups,74.0,UG/M3,1 Hr,Valid
Ulaanbaatar,PM2.5 - Principal,2022-05-20 10:00 PM,2022,05,20,22,33.0,95,Moderate,24.0,UG/M3,1 Hr,Valid
Ulaanbaatar,PM2.5 - Principal,2022-05-20 11:00 PM,2022,05,20,23,33.0,95,Moderate,33.0,UG/M3,1 Hr,Valid
Ulaanbaatar,PM2.5 - Principal,2022-05-21 12:00 AM,2022,05,21,00,58.0,152,Unhealthy,83.0,UG/M3,1 Hr,Valid
Ulaanbaatar,PM2.5 - Principal,2022-05-21 01:00 AM,2022,05,21,01,102.5,175,Unhealthy,147.0,UG/M3,1 Hr,Valid
Ulaanbaatar,PM2.5 - Principal,2022-05-21 02:00 AM,2022,05,21,02,110.7,180,Unhealthy,119.0,UG/M3,1 Hr,Valid
Ulaanbaatar,PM2.5 - Principal,2022-05-21 03:00 AM,2022,05,21,03,113.8,181,Unhealthy,117.0,UG/M3,1 Hr,Valid
Ulaanbaatar,PM2.5 - Principal,2022-05-21 04:00 AM,2022,05,21,04,81.9,165,Unhealthy,50.0,UG/M3,1 Hr,Valid
Ulaanbaatar,PM2.5 - Principal,2022-05-21 05:00 AM,2022,05,21,05,48.9,134,Unhealthy for Sensitive Groups,16.0,UG/M3,1 Hr,Valid
Ulaanbaatar,PM2.5 - Principal,2022-05-21 06:00 AM,2022,05,21,06,31.9,93,Moderate,15.0,UG/M3,1 Hr,Valid
Ulaanbaatar,PM2.5 - Principal,2022-05-21 07:00 AM,2022,05,21,07,23.9,76,Moderate,16.0,UG/M3,1 Hr,Valid
Ulaanbaatar,PM2.5 - Principal,2022-05-21 08:00 AM,2022,05,21,08,21.4,71,Moderate,19.0,UG/M3,1 Hr,Valid
Ulaanbaatar,PM2.5 - Principal,2022-05-21 09:00 AM,2022,05,21,09,36.7,104,Unhealthy for Sensitive Groups,52.0,UG/M3,1 Hr,Valid
Ulaanbaatar,PM2.5 - Principal,2022-05-21 10:00 AM,2022,05,21,10,27.8,84,Moderate,19.0,UG/M3,1 Hr,Valid
Ulaanbaatar,PM2.5 - Principal,2022-05-21 11:00 AM,2022,05,21,11,60.9,154,Unhealthy,94.0,UG/M3,1 Hr,Valid
Ulaanbaatar,PM2.5 - Principal,2022-05-21 12:00 PM,2022,05,21,12,234.0,284,Very Unhealthy,407.0,UG/M3,1 Hr,Valid
Ulaanbaatar,PM2.5 - Principal,2022-05-21 01:00 PM,2022,05,21,13,336.5,386,Hazardous,439.0,UG/M3,1 Hr,Valid
Ulaanbaatar,PM2.5 - Principal,2022-05-21 02:00 PM,2022,05,21,14,181.7,232,Very Unhealthy,27.0,UG/M3,1 Hr,Valid
Ulaanbaatar,PM2.5 - Principal,2022-05-21 03:00 PM,2022,05,21,15,106.8,177,Unhealthy,32.0,UG/M3,1 Hr,Valid
Ulaanbaatar,PM2.5 - Principal,2022-05-21 04:00 PM,2022,05,21,16,97.9,173,Unhealthy,89.0,UG/M3,1 Hr,Valid
Ulaanbaatar,PM2.5 - Principal,2022-05-21 05:00 PM,2022,05,21,17,55.9,151,Unhealthy,14.0,UG/M3,1 Hr,Valid
Ulaanbaatar,PM2.5 - Principal,2022-05-21 06:00 PM,2022,05,21,18,35.9,102,Unhealthy for Sensitive Groups,16.0,UG/M3,1 Hr,Valid
Ulaanbaatar,PM2.5 - Principal,2022-05-21 07:00 PM,2022,05,21,19,25.9,80,Moderate,16.0,UG/M3,1 Hr,Valid
Ulaanbaatar,PM2.5 - Principal,2022-05-21 08:00 PM,2022,05,21,20,19.9,67,Moderate,14.0,UG/M3,1 Hr,Valid
Ulaanbaatar,PM2.5 - Principal,2022-05-21 09:00 PM,2022,05,21,21,22.4,73,Moderate,25.0,UG/M3,1 Hr,Valid
Ulaanbaatar,PM2.5 - Principal,2022-05-21 10:00 PM,2022,05,21,22,20.7,69,Moderate,19.0,UG/M3,1 Hr,Valid
Ulaanbaatar,PM2.5 - Principal,2022-05-21 11:00 PM,2022,05,21,23,22.8,74,Moderate,25.0,UG/M3,1 Hr,Valid
Ulaanbaatar,PM2.5 - Principal,2022-05-22 12:00 AM,2022,05,22,00,19.8,67,Moderate,17.0,UG/M3,1 Hr,Valid
Ulaanbaatar,PM2.5 - Principal,2022-05-22 01:00 AM,2022,05,22,01,26.3,81,Moderate,33.0,UG/M3,1 Hr,Valid
Ulaanbaatar,PM2.5 - Principal,2022-05-22 02:00 AM,2022,05,22,02,22.1,72,Moderate,18.0,UG/M3,1 Hr,Valid
Ulaanbaatar,PM2.5 - Principal,2022-05-22 03:00 AM,2022,05,22,03,17.5,62,Moderate,13.0,UG/M3,1 Hr,Valid
Ulaanbaatar,PM2.5 - Principal,2022-05-22 04:00 AM,2022,05,22,04,15.2,58,Moderate,13.0,UG/M3,1 Hr,Valid
Ulaanbaatar,PM2.5 - Principal,2022-05-22 05:00 AM,2022,05,22,05,17.1,62,Moderate,19.0,UG/M3,1 Hr,Valid
Ulaanbaatar,PM2.5 - Principal,2022-05-22 06:00 AM,2022,05,22,06,14.5,56,Moderate,12.0,UG/M3,1 Hr,Valid
Ulaanbaatar,PM2.5 - Principal,2022-05-22 07:00 AM,2022,05,22,07,11.7,49,Good,9.0,UG/M3,1 Hr,Valid
Ulaanbaatar,PM2.5 - Principal,2022-05-22 08:00 AM,2022,05,22,08,10.8,45,Good,10.0,UG/M3,1 Hr,Valid
Ulaanbaatar,PM2.5 - Principal,2022-05-22 09:00 AM,2022,05,22,09,9.9,41,Good,9.0,UG/M3,1 Hr,Valid
Ulaanbaatar,PM2.5 - Principal,2022-05-22 10:00 AM,2022,05,22,10,33.9,97,Moderate,58.0,UG/M3,1 Hr,Valid
Ulaanbaatar,PM2.5 - Principal,2022-05-22 11:00 AM,2022,05,22,11,19.4,66,Moderate,5.0,UG/M3,1 Hr,Valid
Ulaanbaatar,PM2.5 - Principal,2022-05-22 12:00 PM,2022,05,22,12,11.7,49,Good,4.0,UG/M3,1 Hr,Valid
Ulaanbaatar,PM2.5 - Principal,2022-05-22 01:00 PM,2022,05,22,13,9.8,41,Good,8.0,UG/M3,1 Hr,Valid
Ulaanbaatar,PM2.5 - Principal,2022-05-22 02:00 PM,2022,05,22,14,8.4,35,Good,7.0,UG/M3,1 Hr,Valid
Ulaanbaatar,PM2.5 - Principal,2022-05-22 03:00 PM,2022,05,22,15,7.2,30,Good,6.0,UG/M3,1 Hr,Valid
Ulaanbaatar,PM2.5 - Principal,2022-05-22 04:00 PM,2022,05,22,16,6.6,28,Good,6.0,UG/M3,1 Hr,Valid
Ulaanbaatar,PM2.5 - Principal,2022-05-22 05:00 PM,2022,05,22,17,6.3,26,Good,6.0,UG/M3,1 Hr,Valid
Ulaanbaatar,PM2.5 - Principal,2022-05-22 06:00 PM,2022,05,22,18,6.1,25,Good,6.0,UG/M3,1 Hr,Valid
Ulaanbaatar,PM2.5 - Principal,2022-05-22 07:00 PM,2022,05,22,19,5.0,21,Good,4.0,UG/M3,1 Hr,Valid
Ulaanbaatar,PM2.5 - Principal,2022-05-22 08:00 PM,2022,05,22,20,6.5,27,Good,8.0,UG/M3,1 Hr,Valid
Ulaanbaatar,PM2.5 - Principal,2022-05-22 09:00 PM,2022,05,22,21,6.7,28,Good,7.0,UG/M3,1 Hr,Valid
Ulaanbaatar,PM2.5 - Principal,2022-05-22 10:00 PM,2022,05,22,22,11.3,47,Good,16.0,UG/M3,1 Hr,Valid
Ulaanbaatar,PM2.5 - Principal,2022-05-22 11:00 PM,2022,05,22,23,20.6,69,Moderate,30.0,UG/M3,1 Hr,Valid
Ulaanbaatar,PM2.5 - Principal,2022-05-23 12:00 AM,2022,05,23,00,31.3,91,Moderate,42.0,UG/M3,1 Hr,Valid
Ulaanbaatar,PM2.5 - Principal,2022-05-23 01:00 AM,2022,05,23,01,26.6,81,Moderate,22.0,UG/M3,1 Hr,Valid
Ulaanbaatar,PM2.5 - Principal,2022-05-23 02:00 AM,2022,05,23,02,22.3,72,Moderate,18.0,UG/M3,1 Hr,Valid
Ulaanbaatar,PM2.5 - Principal,2022-05-23 03:00 AM,2022,05,23,03,18.6,65,Moderate,15.0,UG/M3,1 Hr,Valid
Ulaanbaatar,PM2.5 - Principal,2022-05-23 04:00 AM,2022,05,23,04,15.8,59,Moderate,13.0,UG/M3,1 Hr,Valid
Ulaanbaatar,PM2.5 - Principal,2022-05-23 05:00 AM,2022,05,23,05,13.9,55,Moderate,12.0,UG/M3,1 Hr,Valid
Ulaanbaatar,PM2.5 - Principal,2022-05-23 06:00 AM,2022,05,23,06,12.9,53,Moderate,12.0,UG/M3,1 Hr,Valid
Ulaanbaatar,PM2.5 - Principal,2022-05-23 07:00 AM,2022,05,23,07,12.9,53,Moderate,13.0,UG/M3,1 Hr,Valid
Ulaanbaatar,PM2.5 - Principal,2022-05-23 08:00 AM,2022,05,23,08,14.9,57,Moderate,17.0,UG/M3,1 Hr,Valid
Ulaanbaatar,PM2.5 - Principal,2022-05-23 09:00 AM,2022,05,23,09,18.9,65,Moderate,23.0,UG/M3,1 Hr,Valid
Ulaanbaatar,PM2.5 - Principal,2022-05-23 10:00 AM,2022,05,23,10,20.9,70,Moderate,23.0,UG/M3,1 Hr,Valid
Ulaanbaatar,PM2.5 - Principal,2022-05-23 11:00 AM,2022,05,23,11,17.4,62,Moderate,14.0,UG/M3,1 Hr,Valid
Ulaanbaatar,PM2.5 - Principal,2022-05-23 12:00 PM,2022,05,23,12,15.3,58,Moderate,13.0,UG/M3,1 Hr,Valid
Ulaanbaatar,PM2.5 - Principal,2022-05-23 01:00 PM,2022,05,23,13,11.6,48,Good,8.0,UG/M3,1 Hr,Valid
Ulaanbaatar,PM2.5 - Principal,2022-05-23 02:00 PM,2022,05,23,14,68.8,158,Unhealthy,126.0,UG/M3,1 Hr,Valid
Ulaanbaatar,PM2.5 - Principal,2022-05-23 03:00 PM,2022,05,23,15,67.9,157,Unhealthy,67.0,UG/M3,1 Hr,Valid
Ulaanbaatar,PM2.5 - Principal,2022-05-23 04:00 PM,2022,05,23,16,40.9,114,Unhealthy for Sensitive Groups,14.0,UG/M3,1 Hr,Valid
Ulaanbaatar,PM2.5 - Principal,2022-05-23 05:00 PM,2022,05,23,17,30.9,91,Moderate,21.0,UG/M3,1 Hr,Valid
Ulaanbaatar,PM2.5 - Principal,2022-05-23 06:00 PM,2022,05,23,18,19.9,67,Moderate,9.0,UG/M3,1 Hr,Valid
Ulaanbaatar,PM2.5 - Principal,2022-05-23 07:00 PM,2022,05,23,19,14.4,56,Moderate,9.0,UG/M3,1 Hr,Valid
Ulaanbaatar,PM2.5 - Principal,2022-05-23 08:00 PM,2022,05,23,20,52.2,142,Unhealthy for Sensitive Groups,90.0,UG/M3,1 Hr,Valid
Ulaanbaatar,PM2.5 - Principal,2022-05-23 09:00 PM,2022,05,23,21,39.1,110,Unhealthy for Sensitive Groups,26.0,UG/M3,1 Hr,Valid
Ulaanbaatar,PM2.5 - Principal,2022-05-23 10:00 PM,2022,05,23,22,27.0,82,Moderate,15.0,UG/M3,1 Hr,Valid
Ulaanbaatar,PM2.5 - Principal,2022-05-23 11:00 PM,2022,05,23,23,30.5,90,Moderate,34.0,UG/M3,1 Hr,Valid
Ulaanbaatar,PM2.5 - Principal,2022-05-24 12:00 AM,2022,05,24,00,20.7,69,Moderate,11.0,UG/M3,1 Hr,Valid
Ulaanbaatar,PM2.5 - Principal,2022-05-24 01:00 AM,2022,05,24,01,14.3,56,Moderate,8.0,UG/M3,1 Hr,Valid
Ulaanbaatar,PM2.5 - Principal,2022-05-24 02:00 AM,2022,05,24,02,10.1,42,Good,6.0,UG/M3,1 Hr,Valid
Ulaanbaatar,PM2.5 - Principal,2022-05-24 03:00 AM,2022,05,24,03,13.5,54,Moderate,17.0,UG/M3,1 Hr,Valid
Ulaanbaatar,PM2.5 - Principal,2022-05-24 04:00 AM,2022,05,24,04,12.2,51,Moderate,11.0,UG/M3,1 Hr,Valid
Ulaanbaatar,PM2.5 - Principal,2022-05-24 05:00 AM,2022,05,24,05,15.6,58,Moderate,19.0,UG/M3,1 Hr,Valid
Ulaanbaatar,PM2.5 - Principal,2022-05-24 06:00 AM,2022,05,24,06,10.8,45,Good,6.0,UG/M3,1 Hr,Valid
Ulaanbaatar,PM2.5 - Principal,2022-05-24 07:00 AM,2022,05,24,07,9.4,39,Good,8.0,UG/M3,1 Hr,Valid
Ulaanbaatar,PM2.5 - Principal,2022-05-24 08:00 AM,2022,05,24,08,11.6,48,Good,14.0,UG/M3,1 Hr,Valid
Ulaanbaatar,PM2.5 - Principal,2022-05-24 09:00 AM,2022,05,24,09,10.3,43,Good,9.0,UG/M3,1 Hr,Valid
Ulaanbaatar,PM2.5 - Principal,2022-05-24 10:00 AM,2022,05,24,10,9.6,40,Good,9.0,UG/M3,1 Hr,Valid
Ulaanbaatar,PM2.5 - Principal,2022-05-24 11:00 AM,2022,05,24,11,8.8,37,Good,8.0,UG/M3,1 Hr,Valid
Ulaanbaatar,PM2.5 - Principal,2022-05-24 12:00 PM,2022,05,24,12,8.4,35,Good,8.0,UG/M3,1 Hr,Valid
Ulaanbaatar,PM2.5 - Principal,2022-05-24 01:00 PM,2022,05,24,13,8.2,34,Good,8.0,UG/M3,1 Hr,Valid
Ulaanbaatar,PM2.5 - Principal,2022-05-24 02:00 PM,2022,05,24,14,6.1,25,Good,4.0,UG/M3,1 Hr,Valid
Ulaanbaatar,PM2.5 - Principal,2022-05-24 03:00 PM,2022,05,24,15,4.5,19,Good,3.0,UG/M3,1 Hr,Valid
Ulaanbaatar,PM2.5 - Principal,2022-05-24 04:00 PM,2022,05,24,16,5.2,22,Good,6.0,UG/M3,1 Hr,Valid
Ulaanbaatar,PM2.5 - Principal,2022-05-24 05:00 PM,2022,05,24,17,4.6,19,Good,4.0,UG/M3,1 Hr,Valid
Ulaanbaatar,PM2.5 - Principal,2022-05-24 06:00 PM,2022,05,24,18,5.3,22,Good,6.0,UG/M3,1 Hr,Valid
Ulaanbaatar,PM2.5 - Principal,2022-05-24 07:00 PM,2022,05,24,19,4.6,19,Good,4.0,UG/M3,1 Hr,Valid
Ulaanbaatar,PM2.5 - Principal,2022-05-24 08:00 PM,2022,05,24,20,9.8,41,Good,15.0,UG/M3,1 Hr,Valid
Ulaanbaatar,PM2.5 - Principal,2022-05-24 09:00 PM,2022,05,24,21,9.9,41,Good,10.0,UG/M3,1 Hr,Valid
Ulaanbaatar,PM2.5 - Principal,2022-05-24 10:00 PM,2022,05,24,22,13.4,54,Moderate,17.0,UG/M3,1 Hr,Valid
Ulaanbaatar,PM2.5 - Principal,2022-05-24 11:00 PM,2022,05,24,23,17.2,62,Moderate,21.0,UG/M3,1 Hr,Valid
Ulaanbaatar,PM2.5 - Principal,2022-05-25 12:00 AM,2022,05,25,00,33.1,95,Moderate,49.0,UG/M3,1 Hr,Valid
Ulaanbaatar,PM2.5 - Principal,2022-05-25 01:00 AM,2022,05,25,01,26.5,81,Moderate,20.0,UG/M3,1 Hr,Valid
Ulaanbaatar,PM2.5 - Principal,2022-05-25 02:00 AM,2022,05,25,02,20.2,68,Moderate,14.0,UG/M3,1 Hr,Valid
Ulaanbaatar,PM2.5 - Principal,2022-05-25 03:00 AM,2022,05,25,03,14.6,56,Moderate,9.0,UG/M3,1 Hr,Valid
Ulaanbaatar,PM2.5 - Principal,2022-05-25 04:00 AM,2022,05,25,04,11.8,49,Good,9.0,UG/M3,1 Hr,Valid
Ulaanbaatar,PM2.5 - Principal,2022-05-25 05:00 AM,2022,05,25,05,9.9,41,Good,8.0,UG/M3,1 Hr,Valid
Ulaanbaatar,PM2.5 - Principal,2022-05-25 06:00 AM,2022,05,25,06,10.4,43,Good,11.0,UG/M3,1 Hr,Valid
Ulaanbaatar,PM2.5 - Principal,2022-05-25 07:00 AM,2022,05,25,07,11.7,49,Good,13.0,UG/M3,1 Hr,Valid
Ulaanbaatar,PM2.5 - Principal,2022-05-25 08:00 AM,2022,05,25,08,14.3,56,Moderate,17.0,UG/M3,1 Hr,Valid
Ulaanbaatar,PM2.5 - Principal,2022-05-25 09:00 AM,2022,05,25,09,30.1,89,Moderate,46.0,UG/M3,1 Hr,Valid
Ulaanbaatar,PM2.5 - Principal,2022-05-25 10:00 AM,2022,05,25,10,70.1,159,Unhealthy,110.0,UG/M3,1 Hr,Valid
Ulaanbaatar,PM2.5 - Principal,2022-05-25 11:00 AM,2022,05,25,11,50.5,138,Unhealthy for Sensitive Groups,31.0,UG/M3,1 Hr,Valid
Ulaanbaatar,PM2.5 - Principal,2022-05-25 12:00 PM,2022,05,25,12,30.7,90,Moderate,11.0,UG/M3,1 Hr,Valid
Ulaanbaatar,PM2.5 - Principal,2022-05-25 01:00 PM,2022,05,25,13,19.3,66,Moderate,8.0,UG/M3,1 Hr,Valid
Ulaanbaatar,PM2.5 - Principal,2022-05-25 02:00 PM,2022,05,25,14,13.1,53,Moderate,7.0,UG/M3,1 Hr,Valid
Ulaanbaatar,PM2.5 - Principal,2022-05-25 03:00 PM,2022,05,25,15,128.1,188,Unhealthy,243.0,UG/M3,1 Hr,Valid
Ulaanbaatar,PM2.5 - Principal,2022-05-25 04:00 PM,2022,05,25,16,71.5,159,Unhealthy,15.0,UG/M3,1 Hr,Valid
Ulaanbaatar,PM2.5 - Principal,2022-05-25 05:00 PM,2022,05,25,17,39.7,111,Unhealthy for Sensitive Groups,8.0,UG/M3,1 Hr,Valid
Ulaanbaatar,PM2.5 - Principal,2022-05-25 06:00 PM,2022,05,25,18,27.8,84,Moderate,16.0,UG/M3,1 Hr,Valid
Ulaanbaatar,PM2.5 - Principal,2022-05-25 07:00 PM,2022,05,25,19,15.9,59,Moderate,4.0,UG/M3,1 Hr,Valid
Ulaanbaatar,PM2.5 - Principal,2022-05-25 08:00 PM,2022,05,25,20,10.4,43,Good,5.0,UG/M3,1 Hr,Valid
Ulaanbaatar,PM2.5 - Principal,2022-05-25 09:00 PM,2022,05,25,21,10.2,43,Good,10.0,UG/M3,1 Hr,Valid
Ulaanbaatar,PM2.5 - Principal,2022-05-25 10:00 PM,2022,05,25,22,18.6,65,Moderate,27.0,UG/M3,1 Hr,Valid
Ulaanbaatar,PM2.5 - Principal,2022-05-25 11:00 PM,2022,05,25,23,31.3,91,Moderate,44.0,UG/M3,1 Hr,Valid
Ulaanbaatar,PM2.5 - Principal,2022-05-26 12:00 AM,2022,05,26,00,34.6,98,Moderate,38.0,UG/M3,1 Hr,Valid
Ulaanbaatar,PM2.5 - Principal,2022-05-26 01:00 AM,2022,05,26,01,30.3,89,Moderate,26.0,UG/M3,1 Hr,Valid
Ulaanbaatar,PM2.5 - Principal,2022-05-26 02:00 AM,2022,05,26,02,24.1,76,Moderate,18.0,UG/M3,1 Hr,Valid
Ulaanbaatar,PM2.5 - Principal,2022-05-26 03:00 AM,2022,05,26,03,20.0,68,Moderate,16.0,UG/M3,1 Hr,Valid
Ulaanbaatar,PM2.5 - Principal,2022-05-26 04:00 AM,2022,05,26,04,21.0,70,Moderate,22.0,UG/M3,1 Hr,Valid
Ulaanbaatar,PM2.5 - Principal,2022-05-26 05:00 AM,2022,05,26,05,14.0,55,Moderate,7.0,UG/M3,1 Hr,Valid
Ulaanbaatar,PM2.5 - Principal,2022-05-26 06:00 AM,2022,05,26,06,11.0,46,Good,8.0,UG/M3,1 Hr,Valid
Ulaanbaatar,PM2.5 - Principal,2022-05-26 07:00 AM,2022,05,26,07,10.5,44,Good,10.0,UG/M3,1 Hr,Valid
Ulaanbaatar,PM2.5 - Principal,2022-05-26 08:00 AM,2022,05,26,08,13.2,53,Moderate,16.0,UG/M3,1 Hr,Valid
Ulaanbaatar,PM2.5 - Principal,2022-05-26 09:00 AM,2022,05,26,09,17.1,62,Moderate,21.0,UG/M3,1 Hr,Valid
Ulaanbaatar,PM2.5 - Principal,2022-05-26 10:00 AM,2022,05,26,10,15.0,57,Moderate,13.0,UG/M3,1 Hr,Valid
Ulaanbaatar,PM2.5 - Principal,2022-05-26 11:00 AM,2022,05,26,11,13.5,54,Moderate,12.0,UG/M3,1 Hr,Valid
Ulaanbaatar,PM2.5 - Principal,2022-05-26 12:00 PM,2022,05,26,12,11.7,49,Good,10.0,UG/M3,1 Hr,Valid
Ulaanbaatar,PM2.5 - Principal,2022-05-26 01:00 PM,2022,05,26,13,31.8,92,Moderate,52.0,UG/M3,1 Hr,Valid
Ulaanbaatar,PM2.5 - Principal,2022-05-26 02:00 PM,2022,05,26,14,20.4,68,Moderate,9.0,UG/M3,1 Hr,Valid
Ulaanbaatar,PM2.5 - Principal,2022-05-26 03:00 PM,2022,05,26,15,15.7,59,Moderate,11.0,UG/M3,1 Hr,Valid
Ulaanbaatar,PM2.5 - Principal,2022-05-26 04:00 PM,2022,05,26,16,12.3,51,Moderate,9.0,UG/M3,1 Hr,Valid
Ulaanbaatar,PM2.5 - Principal,2022-05-26 05:00 PM,2022,05,26,17,70.1,159,Unhealthy,128.0,UG/M3,1 Hr,Valid
Ulaanbaatar,PM2.5 - Principal,2022-05-26 06:00 PM,2022,05,26,18,83.1,165,Unhealthy,96.0,UG/M3,1 Hr,Valid
Ulaanbaatar,PM2.5 - Principal,2022-05-26 07:00 PM,2022,05,26,19,75.0,161,Unhealthy,67.0,UG/M3,1 Hr,Valid
Ulaanbaatar,PM2.5 - Principal,2022-05-26 08:00 PM,2022,05,26,20,43.0,119,Unhealthy for Sensitive Groups,11.0,UG/M3,1 Hr,Valid
Ulaanbaatar,PM2.5 - Principal,2022-05-26 09:00 PM,2022,05,26,21,34.5,98,Moderate,26.0,UG/M3,1 Hr,Valid
Ulaanbaatar,PM2.5 - Principal,2022-05-26 10:00 PM,2022,05,26,22,31.2,91,Moderate,28.0,UG/M3,1 Hr,Valid
Ulaanbaatar,PM2.5 - Principal,2022-05-26 11:00 PM,2022,05,26,23,41.1,115,Unhealthy for Sensitive Groups,51.0,UG/M3,1 Hr,Valid
Ulaanbaatar,PM2.5 - Principal,2022-05-27 12:00 AM,2022,05,27,00,39.5,111,Unhealthy for Sensitive Groups,38.0,UG/M3,1 Hr,Valid
Ulaanbaatar,PM2.5 - Principal,2022-05-27 01:00 AM,2022,05,27,01,33.2,95,Moderate,27.0,UG/M3,1 Hr,Valid
Ulaanbaatar,PM2.5 - Principal,2022-05-27 02:00 AM,2022,05,27,02,29.1,87,Moderate,25.0,UG/M3,1 Hr,Valid
Ulaanbaatar,PM2.5 - Principal,2022-05-27 03:00 AM,2022,05,27,03,25.0,78,Moderate,21.0,UG/M3,1 Hr,Valid
Ulaanbaatar,PM2.5 - Principal,2022-05-27 04:00 AM,2022,05,27,04,19.0,66,Moderate,13.0,UG/M3,1 Hr,Valid
Ulaanbaatar,PM2.5 - Principal,2022-05-27 05:00 AM,2022,05,27,05,19.5,67,Moderate,20.0,UG/M3,1 Hr,Valid
Ulaanbaatar,PM2.5 - Principal,2022-05-27 06:00 AM,2022,05,27,06,15.2,58,Moderate,11.0,UG/M3,1 Hr,Valid
Ulaanbaatar,PM2.5 - Principal,2022-05-27 07:00 AM,2022,05,27,07,12.6,52,Moderate,10.0,UG/M3,1 Hr,Valid
Ulaanbaatar,PM2.5 - Principal,2022-05-27 08:00 AM,2022,05,27,08,15.3,58,Moderate,18.0,UG/M3,1 Hr,Valid
Ulaanbaatar,PM2.5 - Principal,2022-05-27 09:00 AM,2022,05,27,09,19.1,66,Moderate,23.0,UG/M3,1 Hr,Valid
Ulaanbaatar,PM2.5 - Principal,2022-05-27 10:00 AM,2022,05,27,10,17.5,62,Moderate,16.0,UG/M3,1 Hr,Valid
Ulaanbaatar,PM2.5 - Principal,2022-05-27 11:00 AM,2022,05,27,11,15.2,58,Moderate,13.0,UG/M3,1 Hr,Valid
Ulaanbaatar,PM2.5 - Principal,2022-05-27 12:00 PM,2022,05,27,12,14.1,55,Moderate,13.0,UG/M3,1 Hr,Valid
Ulaanbaatar,PM2.5 - Principal,2022-05-27 01:00 PM,2022,05,27,13,12.5,52,Moderate,11.0,UG/M3,1 Hr,Valid
Ulaanbaatar,PM2.5 - Principal,2022-05-27 02:00 PM,2022,05,27,14,12.7,52,Moderate,13.0,UG/M3,1 Hr,Valid
Ulaanbaatar,PM2.5 - Principal,2022-05-27 03:00 PM,2022,05,27,15,10.3,43,Good,8.0,UG/M3,1 Hr,Valid
Ulaanbaatar,PM2.5 - Principal,2022-05-27 04:00 PM,2022,05,27,16,10.6,44,Good,11.0,UG/M3,1 Hr,Valid
Ulaanbaatar,PM2.5 - Principal,2022-05-27 05:00 PM,2022,05,27,17,10.8,45,Good,11.0,UG/M3,1 Hr,Valid
Ulaanbaatar,PM2.5 - Principal,2022-05-27 06:00 PM,2022,05,27,18,10.4,43,Good,10.0,UG/M3,1 Hr,Valid
Ulaanbaatar,PM2.5 - Principal,2022-05-27 07:00 PM,2022,05,27,19,10.2,43,Good,10.0,UG/M3,1 Hr,Valid
Ulaanbaatar,PM2.5 - Principal,2022-05-27 08:00 PM,2022,05,27,20,10.6,44,Good,11.0,UG/M3,1 Hr,Valid
Ulaanbaatar,PM2.5 - Principal,2022-05-27 09:00 PM,2022,05,27,21,9.8,41,Good,9.0,UG/M3,1 Hr,Valid
Ulaanbaatar,PM2.5 - Principal,2022-05-27 10:00 PM,2022,05,27,22,10.7,45,Good,12.0,UG/M3,1 Hr,Valid
Ulaanbaatar,PM2.5 - Principal,2022-05-27 11:00 PM,2022,05,27,23,12.7,52,Moderate,15.0,UG/M3,1 Hr,Valid
Ulaanbaatar,PM2.5 - Principal,2022-05-28 12:00 AM,2022,05,28,00,13.3,54,Moderate,14.0,UG/M3,1 Hr,Valid
Ulaanbaatar,PM2.5 - Principal,2022-05-28 01:00 AM,2022,05,28,01,20.2,68,Moderate,27.0,UG/M3,1 Hr,Valid
Ulaanbaatar,PM2.5 - Principal,2022-05-28 02:00 AM,2022,05,28,02,18.1,64,Moderate,16.0,UG/M3,1 Hr,Valid
Ulaanbaatar,PM2.5 - Principal,2022-05-28 03:00 AM,2022,05,28,03,17.5,62,Moderate,17.0,UG/M3,1 Hr,Valid
Ulaanbaatar,PM2.5 - Principal,2022-05-28 04:00 AM,2022,05,28,04,14.7,56,Moderate,12.0,UG/M3,1 Hr,Valid
Ulaanbaatar,PM2.5 - Principal,2022-05-28 05:00 AM,2022,05,28,05,10.8,45,Good,7.0,UG/M3,1 Hr,Valid
Ulaanbaatar,PM2.5 - Principal,2022-05-28 06:00 AM,2022,05,28,06,13.4,54,Moderate,16.0,UG/M3,1 Hr,Valid
Ulaanbaatar,PM2.5 - Principal,2022-05-28 07:00 AM,2022,05,28,07,9.7,40,Good,6.0,UG/M3,1 Hr,Valid
Ulaanbaatar,PM2.5 - Principal,2022-05-28 08:00 AM,2022,05,28,08,8.8,37,Good,8.0,UG/M3,1 Hr,Valid
Ulaanbaatar,PM2.5 - Principal,2022-05-28 09:00 AM,2022,05,28,09,6.4,27,Good,4.0,UG/M3,1 Hr,Valid
Ulaanbaatar,PM2.5 - Principal,2022-05-28 10:00 AM,2022,05,28,10,4.7,20,Good,3.0,UG/M3,1 Hr,Valid
Ulaanbaatar,PM2.5 - Principal,2022-05-28 11:00 AM,2022,05,28,11,5.8,24,Good,7.0,UG/M3,1 Hr,Valid
Ulaanbaatar,PM2.5 - Principal,2022-05-28 12:00 PM,2022,05,28,12,6.9,29,Good,8.0,UG/M3,1 Hr,Valid
Ulaanbaatar,PM2.5 - Principal,2022-05-28 01:00 PM,2022,05,28,13,7.4,31,Good,8.0,UG/M3,1 Hr,Valid
Ulaanbaatar,PM2.5 - Principal,2022-05-28 02:00 PM,2022,05,28,14,7.7,32,Good,8.0,UG/M3,1 Hr,Valid
Ulaanbaatar,PM2.5 - Principal,2022-05-28 03:00 PM,2022,05,28,15,6.8,28,Good,6.0,UG/M3,1 Hr,Valid
Ulaanbaatar,PM2.5 - Principal,2022-05-28 04:00 PM,2022,05,28,16,4.9,20,Good,3.0,UG/M3,1 Hr,Valid
Ulaanbaatar,PM2.5 - Principal,2022-05-28 05:00 PM,2022,05,28,17,17.4,62,Moderate,30.0,UG/M3,1 Hr,Valid
Ulaanbaatar,PM2.5 - Principal,2022-05-28 06:00 PM,2022,05,28,18,52.2,142,Unhealthy for Sensitive Groups,87.0,UG/M3,1 Hr,Valid
Ulaanbaatar,PM2.5 - Principal,2022-05-28 07:00 PM,2022,05,28,19,53.1,144,Unhealthy for Sensitive Groups,54.0,UG/M3,1 Hr,Valid
Ulaanbaatar,PM2.5 - Principal,2022-05-28 08:00 PM,2022,05,28,20,47.0,129,Unhealthy for Sensitive Groups,41.0,UG/M3,1 Hr,Valid
Ulaanbaatar,PM2.5 - Principal,2022-05-28 09:00 PM,2022,05,28,21,38.0,107,Unhealthy for Sensitive Groups,29.0,UG/M3,1 Hr,Valid
Ulaanbaatar,PM2.5 - Principal,2022-05-28 10:00 PM,2022,05,28,22,25.0,78,Moderate,12.0,UG/M3,1 Hr,Valid
Ulaanbaatar,PM2.5 - Principal,2022-05-28 11:00 PM,2022,05,28,23,19.5,67,Moderate,14.0,UG/M3,1 Hr,Valid
Ulaanbaatar,PM2.5 - Principal,2022-05-29 12:00 AM,2022,05,29,00,19.7,67,Moderate,20.0,UG/M3,1 Hr,Valid
Ulaanbaatar,PM2.5 - Principal,2022-05-29 01:00 AM,2022,05,29,01,23.3,75,Moderate,27.0,UG/M3,1 Hr,Valid
Ulaanbaatar,PM2.5 - Principal,2022-05-29 02:00 AM,2022,05,29,02,21.1,70,Moderate,19.0,UG/M3,1 Hr,Valid
Ulaanbaatar,PM2.5 - Principal,2022-05-29 03:00 AM,2022,05,29,03,16.5,60,Moderate,12.0,UG/M3,1 Hr,Valid
Ulaanbaatar,PM2.5 - Principal,2022-05-29 04:00 AM,2022,05,29,04,11.7,49,Good,7.0,UG/M3,1 Hr,Valid
Ulaanbaatar,PM2.5 - Principal,2022-05-29 05:00 AM,2022,05,29,05,7.3,30,Good,3.0,UG/M3,1 Hr,Valid
Ulaanbaatar,PM2.5 - Principal,2022-05-29 06:00 AM,2022,05,29,06,5.1,21,Good,3.0,UG/M3,1 Hr,Valid
Ulaanbaatar,PM2.5 - Principal,2022-05-29 07:00 AM,2022,05,29,07,4.5,19,Good,4.0,UG/M3,1 Hr,Valid
Ulaanbaatar,PM2.5 - Principal,2022-05-29 08:00 AM,2022,05,29,08,3.7,15,Good,3.0,UG/M3,1 Hr,Valid
Ulaanbaatar,PM2.5 - Principal,2022-05-29 09:00 AM,2022,05,29,09,4.8,20,Good,6.0,UG/M3,1 Hr,Valid
Ulaanbaatar,PM2.5 - Principal,2022-05-29 10:00 AM,2022,05,29,10,6.9,29,Good,9.0,UG/M3,1 Hr,Valid
Ulaanbaatar,PM2.5 - Principal,2022-05-29 11:00 AM,2022,05,29,11,19.4,66,Moderate,32.0,UG/M3,1 Hr,Valid
Ulaanbaatar,PM2.5 - Principal,2022-05-29 12:00 PM,2022,05,29,12,71.2,159,Unhealthy,123.0,UG/M3,1 Hr,Valid
Ulaanbaatar,PM2.5 - Principal,2022-05-29 01:00 PM,2022,05,29,13,86.6,167,Unhealthy,102.0,UG/M3,1 Hr,Valid
Ulaanbaatar,PM2.5 - Principal,2022-05-29 02:00 PM,2022,05,29,14,44.8,124,Unhealthy for Sensitive Groups,3.0,UG/M3,1 Hr,Valid
Ulaanbaatar,PM2.5 - Principal,2022-05-29 03:00 PM,2022,05,29,15,77.9,163,Unhealthy,111.0,UG/M3,1 Hr,Valid
Ulaanbaatar,PM2.5 - Principal,2022-05-29 04:00 PM,2022,05,29,16,42.4,118,Unhealthy for Sensitive Groups,7.0,UG/M3,1 Hr,Valid
Ulaanbaatar,PM2.5 - Principal,2022-05-29 05:00 PM,2022,05,29,17,34.2,97,Moderate,26.0,UG/M3,1 Hr,Valid
Ulaanbaatar,PM2.5 - Principal,2022-05-29 06:00 PM,2022,05,29,18,57.1,152,Unhealthy,80.0,UG/M3,1 Hr,Valid
Ulaanbaatar,PM2.5 - Principal,2022-05-29 07:00 PM,2022,05,29,19,31.0,91,Moderate,5.0,UG/M3,1 Hr,Valid
Ulaanbaatar,PM2.5 - Principal,2022-05-29 08:00 PM,2022,05,29,20,18.5,64,Moderate,6.0,UG/M3,1 Hr,Valid
Ulaanbaatar,PM2.5 - Principal,2022-05-29 09:00 PM,2022,05,29,21,12.2,51,Moderate,6.0,UG/M3,1 Hr,Valid
Ulaanbaatar,PM2.5 - Principal,2022-05-29 10:00 PM,2022,05,29,22,9.1,38,Good,6.0,UG/M3,1 Hr,Valid
Ulaanbaatar,PM2.5 - Principal,2022-05-29 11:00 PM,2022,05,29,23,13.0,53,Moderate,17.0,UG/M3,1 Hr,Valid
Ulaanbaatar,PM2.5 - Principal,2022-05-30 12:00 AM,2022,05,30,00,11.0,46,Good,9.0,UG/M3,1 Hr,Valid
Ulaanbaatar,PM2.5 - Principal,2022-05-30 01:00 AM,2022,05,30,01,10.4,43,Good,10.0,UG/M3,1 Hr,Valid
Ulaanbaatar,PM2.5 - Principal,2022-05-30 02:00 AM,2022,05,30,02,19.2,66,Moderate,28.0,UG/M3,1 Hr,Valid
Ulaanbaatar,PM2.5 - Principal,2022-05-30 03:00 AM,2022,05,30,03,29.1,87,Moderate,39.0,UG/M3,1 Hr,Valid
Ulaanbaatar,PM2.5 - Principal,2022-05-30 04:00 AM,2022,05,30,04,31.0,91,Moderate,33.0,UG/M3,1 Hr,Valid
Ulaanbaatar,PM2.5 - Principal,2022-05-30 05:00 AM,2022,05,30,05,28.5,85,Moderate,26.0,UG/M3,1 Hr,Valid
Ulaanbaatar,PM2.5 - Principal,2022-05-30 06:00 AM,2022,05,30,06,24.2,76,Moderate,20.0,UG/M3,1 Hr,Valid
Ulaanbaatar,PM2.5 - Principal,2022-05-30 07:00 AM,2022,05,30,07,22.1,72,Moderate,20.0,UG/M3,1 Hr,Valid
Ulaanbaatar,PM2.5 - Principal,2022-05-30 08:00 AM,2022,05,30,08,33.0,95,Moderate,44.0,UG/M3,1 Hr,Valid
Ulaanbaatar,PM2.5 - Principal,2022-05-30 09:00 AM,2022,05,30,09,57.5,152,Unhealthy,82.0,UG/M3,1 Hr,Valid
Ulaanbaatar,PM2.5 - Principal,2022-05-30 10:00 AM,2022,05,30,10,73.7,160,Unhealthy,90.0,UG/M3,1 Hr,Valid
Ulaanbaatar,PM2.5 - Principal,2022-05-30 11:00 AM,2022,05,30,11,46.8,129,Unhealthy for Sensitive Groups,20.0,UG/M3,1 Hr,Valid
Ulaanbaatar,PM2.5 - Principal,2022-05-30 12:00 PM,2022,05,30,12,33.4,96,Moderate,20.0,UG/M3,1 Hr,Valid
Ulaanbaatar,PM2.5 - Principal,2022-05-30 01:00 PM,2022,05,30,13,22.7,73,Moderate,12.0,UG/M3,1 Hr,Valid
Ulaanbaatar,PM2.5 - Principal,2022-05-30 02:00 PM,2022,05,30,14,19.3,66,Moderate,16.0,UG/M3,1 Hr,Valid
Ulaanbaatar,PM2.5 - Principal,2022-05-30 03:00 PM,2022,05,30,15,13.1,53,Moderate,7.0,UG/M3,1 Hr,Valid
Ulaanbaatar,PM2.5 - Principal,2022-05-30 04:00 PM,2022,05,30,16,9.5,40,Good,6.0,UG/M3,1 Hr,Valid
Ulaanbaatar,PM2.5 - Principal,2022-05-30 05:00 PM,2022,05,30,17,8.7,36,Good,8.0,UG/M3,1 Hr,Valid
Ulaanbaatar,PM2.5 - Principal,2022-05-30 06:00 PM,2022,05,30,18,8.3,35,Good,8.0,UG/M3,1 Hr,Valid
Ulaanbaatar,PM2.5 - Principal,2022-05-30 07:00 PM,2022,05,30,19,7.6,32,Good,7.0,UG/M3,1 Hr,Valid
Ulaanbaatar,PM2.5 - Principal,2022-05-30 08:00 PM,2022,05,30,20,7.3,30,Good,7.0,UG/M3,1 Hr,Valid
Ulaanbaatar,PM2.5 - Principal,2022-05-30 09:00 PM,2022,05,30,21,9.1,38,Good,11.0,UG/M3,1 Hr,Valid
Ulaanbaatar,PM2.5 - Principal,2022-05-30 10:00 PM,2022,05,30,22,13.5,54,Moderate,18.0,UG/M3,1 Hr,Valid
Ulaanbaatar,PM2.5 - Principal,2022-05-30 11:00 PM,2022,05,30,23,13.2,53,Moderate,13.0,UG/M3,1 Hr,Valid
Ulaanbaatar,PM2.5 - Principal,2022-05-31 12:00 AM,2022,05,31,00,16.6,60,Moderate,20.0,UG/M3,1 Hr,Valid
Ulaanbaatar,PM2.5 - Principal,2022-05-31 01:00 AM,2022,05,31,01,14.8,57,Moderate,13.0,UG/M3,1 Hr,Valid
Ulaanbaatar,PM2.5 - Principal,2022-05-31 02:00 AM,2022,05,31,02,12.4,52,Moderate,10.0,UG/M3,1 Hr,Valid
Ulaanbaatar,PM2.5 - Principal,2022-05-31 03:00 AM,2022,05,31,03,34.2,97,Moderate,56.0,UG/M3,1 Hr,Valid
Ulaanbaatar,PM2.5 - Principal,2022-05-31 04:00 AM,2022,05,31,04,21.6,71,Moderate,9.0,UG/M3,1 Hr,Valid
Ulaanbaatar,PM2.5 - Principal,2022-05-31 05:00 AM,2022,05,31,05,14.3,56,Moderate,7.0,UG/M3,1 Hr,Valid
Ulaanbaatar,PM2.5 - Principal,2022-05-31 06:00 AM,2022,05,31,06,10.6,44,Good,7.0,UG/M3,1 Hr,Valid
Ulaanbaatar,PM2.5 - Principal,2022-05-31 07:00 AM,2022,05,31,07,11.3,47,Good,12.0,UG/M3,1 Hr,Valid
Ulaanbaatar,PM2.5 - Principal,2022-05-31 08:00 AM,2022,05,31,08,30.6,90,Moderate,50.0,UG/M3,1 Hr,Valid
Ulaanbaatar,PM2.5 - Principal,2022-05-31 09:00 AM,2022,05,31,09,41.3,115,Unhealthy for Sensitive Groups,52.0,UG/M3,1 Hr,Valid
Ulaanbaatar,PM2.5 - Principal,2022-05-31 10:00 AM,2022,05,31,10,34.1,97,Moderate,27.0,UG/M3,1 Hr,Valid
Ulaanbaatar,PM2.5 - Principal,2022-05-31 11:00 AM,2022,05,31,11,25.0,78,Moderate,16.0,UG/M3,1 Hr,Valid
Ulaanbaatar,PM2.5 - Principal,2022-05-31 12:00 PM,2022,05,31,12,14.5,56,Moderate,4.0,UG/M3,1 Hr,Valid
Ulaanbaatar,PM2.5 - Principal,2022-05-31 01:00 PM,2022,05,31,13,10.2,43,Good,6.0,UG/M3,1 Hr,Valid
Ulaanbaatar,PM2.5 - Principal,2022-05-31 02:00 PM,2022,05,31,14,10.1,42,Good,10.0,UG/M3,1 Hr,Valid
Ulaanbaatar,PM2.5 - Principal,2022-05-31 03:00 PM,2022,05,31,15,8.0,33,Good,6.0,UG/M3,1 Hr,Valid
Ulaanbaatar,PM2.5 - Principal,2022-05-31 04:00 PM,2022,05,31,16,6.5,27,Good,5.0,UG/M3,1 Hr,Valid
Ulaanbaatar,PM2.5 - Principal,2022-05-31 05:00 PM,2022,05,31,17,5.2,22,Good,4.0,UG/M3,1 Hr,Valid
Ulaanbaatar,PM2.5 - Principal,2022-05-31 06:00 PM,2022,05,31,18,5.2,22,Good,0.0,UG/M3,1 Hr,Invalid
Ulaanbaatar,PM2.5 - Principal,2022-05-31 07:00 PM,2022,05,31,19,2.4,10,Good,1.0,UG/M3,1 Hr,Valid
Ulaanbaatar,PM2.5 - Principal,2022-05-31 08:00 PM,2022,05,31,20,2.1,9,Good,2.0,UG/M3,1 Hr,Valid
Ulaanbaatar,PM2.5 - Principal,2022-05-31 09:00 PM,2022,05,31,21,2.6,11,Good,3.0,UG/M3,1 Hr,Valid
Ulaanbaatar,PM2.5 - Principal,2022-05-31 10:00 PM,2022,05,31,22,5.3,22,Good,8.0,UG/M3,1 Hr,Valid
Ulaanbaatar,PM2.5 - Principal,2022-05-31 11:00 PM,2022,05,31,23,26.0,80,Moderate,46.0,UG/M3,1 Hr,Valid
Ulaanbaatar,PM2.5 - Principal,2022-06-01 12:00 AM,2022,06,01,00,22.9,74,Moderate,20.0,UG/M3,1 Hr,Valid
Ulaanbaatar,PM2.5 - Principal,2022-06-01 01:00 AM,2022,06,01,01,21.9,72,Moderate,21.0,UG/M3,1 Hr,Valid
Ulaanbaatar,PM2.5 - Principal,2022-06-01 02:00 AM,2022,06,01,02,19.9,67,Moderate,18.0,UG/M3,1 Hr,Valid
Ulaanbaatar,PM2.5 - Principal,2022-06-01 03:00 AM,2022,06,01,03,14.4,56,Moderate,9.0,UG/M3,1 Hr,Valid
Ulaanbaatar,PM2.5 - Principal,2022-06-01 04:00 AM,2022,06,01,04,20.7,69,Moderate,27.0,UG/M3,1 Hr,Valid
Ulaanbaatar,PM2.5 - Principal,2022-06-01 05:00 AM,2022,06,01,05,15.8,59,Moderate,11.0,UG/M3,1 Hr,Valid
Ulaanbaatar,PM2.5 - Principal,2022-06-01 06:00 AM,2022,06,01,06,12.9,53,Moderate,10.0,UG/M3,1 Hr,Valid
Ulaanbaatar,PM2.5 - Principal,2022-06-01 07:00 AM,2022,06,01,07,10.4,43,Good,8.0,UG/M3,1 Hr,Valid
Ulaanbaatar,PM2.5 - Principal,2022-06-01 08:00 AM,2022,06,01,08,9.2,38,Good,8.0,UG/M3,1 Hr,Valid
Ulaanbaatar,PM2.5 - Principal,2022-06-01 09:00 AM,2022,06,01,09,11.6,48,Good,14.0,UG/M3,1 Hr,Valid
Ulaanbaatar,PM2.5 - Principal,2022-06-01 10:00 AM,2022,06,01,10,11.8,49,Good,12.0,UG/M3,1 Hr,Valid
Ulaanbaatar,PM2.5 - Principal,2022-06-01 11:00 AM,2022,06,01,11,31.4,92,Moderate,51.0,UG/M3,1 Hr,Valid
Ulaanbaatar,PM2.5 - Principal,2022-06-01 12:00 PM,2022,06,01,12,20.2,68,Moderate,9.0,UG/M3,1 Hr,Valid
Ulaanbaatar,PM2.5 - Principal,2022-06-01 01:00 PM,2022,06,01,13,27.6,84,Moderate,35.0,UG/M3,1 Hr,Valid
Ulaanbaatar,PM2.5 - Principal,2022-06-01 02:00 PM,2022,06,01,14,16.7,61,Moderate,6.0,UG/M3,1 Hr,Valid
Ulaanbaatar,PM2.5 - Principal,2022-06-01 03:00 PM,2022,06,01,15,15.9,59,Moderate,15.0,UG/M3,1 Hr,Valid
Ulaanbaatar,PM2.5 - Principal,2022-06-01 04:00 PM,2022,06,01,16,11.9,50,Good,8.0,UG/M3,1 Hr,Valid
Ulaanbaatar,PM2.5 - Principal,2022-06-01 05:00 PM,2022,06,01,17,8.9,37,Good,6.0,UG/M3,1 Hr,Valid
Ulaanbaatar,PM2.5 - Principal,2022-06-01 06:00 PM,2022,06,01,18,6.9,29,Good,5.0,UG/M3,1 Hr,Valid
Ulaanbaatar,PM2.5 - Principal,2022-06-01 07:00 PM,2022,06,01,19,4.4,18,Good,2.0,UG/M3,1 Hr,Valid
Ulaanbaatar,PM2.5 - Principal,2022-06-01 08:00 PM,2022,06,01,20,3.2,13,Good,2.0,UG/M3,1 Hr,Valid
Ulaanbaatar,PM2.5 - Principal,2022-06-01 09:00 PM,2022,06,01,21,3.6,15,Good,4.0,UG/M3,1 Hr,Valid
Ulaanbaatar,PM2.5 - Principal,2022-06-01 10:00 PM,2022,06,01,22,9.8,41,Good,16.0,UG/M3,1 Hr,Valid
Ulaanbaatar,PM2.5 - Principal,2022-06-01 11:00 PM,2022,06,01,23,23.4,75,Moderate,37.0,UG/M3,1 Hr,Valid
Ulaanbaatar,PM2.5 - Principal,2022-06-02 12:00 AM,2022,06,02,00,27.7,84,Moderate,32.0,UG/M3,1 Hr,Valid
Ulaanbaatar,PM2.5 - Principal,2022-06-02 01:00 AM,2022,06,02,01,27.8,84,Moderate,28.0,UG/M3,1 Hr,Valid
Ulaanbaatar,PM2.5 - Principal,2022-06-02 02:00 AM,2022,06,02,02,23.9,76,Moderate,20.0,UG/M3,1 Hr,Valid
Ulaanbaatar,PM2.5 - Principal,2022-06-02 03:00 AM,2022,06,02,03,18.9,65,Moderate,14.0,UG/M3,1 Hr,Valid
Ulaanbaatar,PM2.5 - Principal,2022-06-02 04:00 AM,2022,06,02,04,17.4,62,Moderate,16.0,UG/M3,1 Hr,Valid
Ulaanbaatar,PM2.5 - Principal,2022-06-02 05:00 AM,2022,06,02,05,12.2,51,Moderate,7.0,UG/M3,1 Hr,Valid
Ulaanbaatar,PM2.5 - Principal,2022-06-02 06:00 AM,2022,06,02,06,10.1,42,Good,8.0,UG/M3,1 Hr,Valid
Ulaanbaatar,PM2.5 - Principal,2022-06-02 07:00 AM,2022,06,02,07,8.5,35,Good,7.0,UG/M3,1 Hr,Valid
Ulaanbaatar,PM2.5 - Principal,2022-06-02 08:00 AM,2022,06,02,08,6.2,26,Good,4.0,UG/M3,1 Hr,Valid
Ulaanbaatar,PM2.5 - Principal,2022-06-02 09:00 AM,2022,06,02,09,6.1,25,Good,6.0,UG/M3,1 Hr,Valid
Ulaanbaatar,PM2.5 - Principal,2022-06-02 10:00 AM,2022,06,02,10,7.5,31,Good,9.0,UG/M3,1 Hr,Valid
Ulaanbaatar,PM2.5 - Principal,2022-06-02 11:00 AM,2022,06,02,11,89.3,168,Unhealthy,171.0,UG/M3,1 Hr,Valid
Ulaanbaatar,PM2.5 - Principal,2022-06-02 12:00 PM,2022,06,02,12,98.6,173,Unhealthy,108.0,UG/M3,1 Hr,Valid
Ulaanbaatar,PM2.5 - Principal,2022-06-02 01:00 PM,2022,06,02,13,55.3,150,Unhealthy for Sensitive Groups,12.0,UG/M3,1 Hr,Valid
Ulaanbaatar,PM2.5 - Principal,2022-06-02 02:00 PM,2022,06,02,14,40.1,112,Unhealthy for Sensitive Groups,25.0,UG/M3,1 Hr,Valid
Ulaanbaatar,PM2.5 - Principal,2022-06-02 03:00 PM,2022,06,02,15,153.6,204,Very Unhealthy,267.0,UG/M3,1 Hr,Valid
Ulaanbaatar,PM2.5 - Principal,2022-06-02 04:00 PM,2022,06,02,16,169.3,220,Very Unhealthy,185.0,UG/M3,1 Hr,Valid
Ulaanbaatar,PM2.5 - Principal,2022-06-02 05:00 PM,2022,06,02,17,155.6,206,Very Unhealthy,142.0,UG/M3,1 Hr,Valid
Ulaanbaatar,PM2.5 - Principal,2022-06-02 06:00 PM,2022,06,02,18,155.7,206,Very Unhealthy,0.0,UG/M3,1 Hr,Invalid
Ulaanbaatar,PM2.5 - Principal,2022-06-02 07:00 PM,2022,06,02,19,-999.0,-999,N/A,0.0,UG/M3,1 Hr,Invalid
Ulaanbaatar,PM2.5 - Principal,2022-06-02 08:00 PM,2022,06,02,20,-999.0,-999,N/A,0.0,UG/M3,1 Hr,Invalid
Ulaanbaatar,PM2.5 - Principal,2022-06-02 09:00 PM,2022,06,02,21,-999.0,-999,N/A,0.0,UG/M3,1 Hr,Invalid
Ulaanbaatar,PM2.5 - Principal,2022-06-02 10:00 PM,2022,06,02,22,-999.0,-999,N/A,0.0,UG/M3,1 Hr,Invalid
Ulaanbaatar,PM2.5 - Principal,2022-06-02 11:00 PM,2022,06,02,23,-999.0,-999,N/A,0.0,UG/M3,1 Hr,Invalid
Ulaanbaatar,PM2.5 - Principal,2022-06-03 12:00 AM,2022,06,03,00,-999.0,-999,N/A,0.0,UG/M3,1 Hr,Invalid
Ulaanbaatar,PM2.5 - Principal,2022-06-03 01:00 AM,2022,06,03,01,-999.0,-999,N/A,0.0,UG/M3,1 Hr,Invalid
Ulaanbaatar,PM2.5 - Principal,2022-06-03 02:00 AM,2022,06,03,02,-999.0,-999,N/A,0.0,UG/M3,1 Hr,Invalid
Ulaanbaatar,PM2.5 - Principal,2022-06-03 03:00 AM,2022,06,03,03,-999.0,-999,N/A,0.0,UG/M3,1 Hr,Invalid
Ulaanbaatar,PM2.5 - Principal,2022-06-03 04:00 AM,2022,06,03,04,-999.0,-999,N/A,0.0,UG/M3,1 Hr,Invalid
Ulaanbaatar,PM2.5 - Principal,2022-06-03 05:00 AM,2022,06,03,05,-999.0,-999,N/A,0.0,UG/M3,1 Hr,Invalid
Ulaanbaatar,PM2.5 - Principal,2022-06-03 06:00 AM,2022,06,03,06,-999.0,-999,N/A,0.0,UG/M3,1 Hr,Invalid
Ulaanbaatar,PM2.5 - Principal,2022-06-03 07:00 AM,2022,06,03,07,-999.0,-999,N/A,0.0,UG/M3,1 Hr,Invalid
Ulaanbaatar,PM2.5 - Principal,2022-06-03 08:00 AM,2022,06,03,08,-999.0,-999,N/A,0.0,UG/M3,1 Hr,Invalid
Ulaanbaatar,PM2.5 - Principal,2022-06-03 09:00 AM,2022,06,03,09,-999.0,-999,N/A,0.0,UG/M3,1 Hr,Invalid
Ulaanbaatar,PM2.5 - Principal,2022-06-03 10:00 AM,2022,06,03,10,-999.0,-999,N/A,0.0,UG/M3,1 Hr,Invalid
Ulaanbaatar,PM2.5 - Principal,2022-06-03 11:00 AM,2022,06,03,11,-999.0,-999,N/A,0.0,UG/M3,1 Hr,Invalid
Ulaanbaatar,PM2.5 - Principal,2022-06-03 12:00 PM,2022,06,03,12,-999.0,-999,N/A,0.0,UG/M3,1 Hr,Invalid
Ulaanbaatar,PM2.5 - Principal,2022-06-03 01:00 PM,2022,06,03,13,-999.0,-999,N/A,0.0,UG/M3,1 Hr,Invalid
Ulaanbaatar,PM2.5 - Principal,2022-06-03 02:00 PM,2022,06,03,14,-999.0,-999,N/A,0.0,UG/M3,1 Hr,Invalid
Ulaanbaatar,PM2.5 - Principal,2022-06-03 03:00 PM,2022,06,03,15,-999.0,-999,N/A,0.0,UG/M3,1 Hr,Invalid
Ulaanbaatar,PM2.5 - Principal,2022-06-03 04:00 PM,2022,06,03,16,-999.0,-999,N/A,0.0,UG/M3,1 Hr,Invalid
Ulaanbaatar,PM2.5 - Principal,2022-06-03 05:00 PM,2022,06,03,17,-999.0,-999,N/A,0.0,UG/M3,1 Hr,Invalid
Ulaanbaatar,PM2.5 - Principal,2022-06-03 06:00 PM,2022,06,03,18,-999.0,-999,N/A,0.0,UG/M3,1 Hr,Invalid
Ulaanbaatar,PM2.5 - Principal,2022-06-03 07:00 PM,2022,06,03,19,-999.0,-999,N/A,0.0,UG/M3,1 Hr,Invalid
Ulaanbaatar,PM2.5 - Principal,2022-06-03 08:00 PM,2022,06,03,20,-999.0,-999,N/A,0.0,UG/M3,1 Hr,Invalid
Ulaanbaatar,PM2.5 - Principal,2022-06-03 09:00 PM,2022,06,03,21,-999.0,-999,N/A,0.0,UG/M3,1 Hr,Invalid
Ulaanbaatar,PM2.5 - Principal,2022-06-03 10:00 PM,2022,06,03,22,-999.0,-999,N/A,0.0,UG/M3,1 Hr,Invalid
Ulaanbaatar,PM2.5 - Principal,2022-06-03 11:00 PM,2022,06,03,23,-999.0,-999,N/A,0.0,UG/M3,1 Hr,Invalid
Ulaanbaatar,PM2.5 - Principal,2022-06-04 12:00 AM,2022,06,04,00,-999.0,-999,N/A,0.0,UG/M3,1 Hr,Invalid
Ulaanbaatar,PM2.5 - Principal,2022-06-04 01:00 AM,2022,06,04,01,-999.0,-999,N/A,0.0,UG/M3,1 Hr,Invalid
Ulaanbaatar,PM2.5 - Principal,2022-06-04 02:00 AM,2022,06,04,02,-999.0,-999,N/A,0.0,UG/M3,1 Hr,Invalid
Ulaanbaatar,PM2.5 - Principal,2022-06-04 03:00 AM,2022,06,04,03,-999.0,-999,N/A,0.0,UG/M3,1 Hr,Invalid
Ulaanbaatar,PM2.5 - Principal,2022-06-04 04:00 AM,2022,06,04,04,-999.0,-999,N/A,0.0,UG/M3,1 Hr,Invalid
Ulaanbaatar,PM2.5 - Principal,2022-06-04 05:00 AM,2022,06,04,05,-999.0,-999,N/A,0.0,UG/M3,1 Hr,Invalid
Ulaanbaatar,PM2.5 - Principal,2022-06-04 06:00 AM,2022,06,04,06,-999.0,-999,N/A,0.0,UG/M3,1 Hr,Invalid
Ulaanbaatar,PM2.5 - Principal,2022-06-04 07:00 AM,2022,06,04,07,-999.0,-999,N/A,0.0,UG/M3,1 Hr,Invalid
Ulaanbaatar,PM2.5 - Principal,2022-06-04 08:00 AM,2022,06,04,08,-999.0,-999,N/A,0.0,UG/M3,1 Hr,Invalid
Ulaanbaatar,PM2.5 - Principal,2022-06-04 09:00 AM,2022,06,04,09,-999.0,-999,N/A,0.0,UG/M3,1 Hr,Invalid
Ulaanbaatar,PM2.5 - Principal,2022-06-04 10:00 AM,2022,06,04,10,-999.0,-999,N/A,0.0,UG/M3,1 Hr,Invalid
Ulaanbaatar,PM2.5 - Principal,2022-06-04 11:00 AM,2022,06,04,11,-999.0,-999,N/A,0.0,UG/M3,1 Hr,Invalid
Ulaanbaatar,PM2.5 - Principal,2022-06-04 12:00 PM,2022,06,04,12,-999.0,-999,N/A,0.0,UG/M3,1 Hr,Invalid
Ulaanbaatar,PM2.5 - Principal,2022-06-04 01:00 PM,2022,06,04,13,-999.0,-999,N/A,0.0,UG/M3,1 Hr,Invalid
Ulaanbaatar,PM2.5 - Principal,2022-06-04 02:00 PM,2022,06,04,14,-999.0,-999,N/A,0.0,UG/M3,1 Hr,Invalid
Ulaanbaatar,PM2.5 - Principal,2022-06-04 03:00 PM,2022,06,04,15,-999.0,-999,N/A,0.0,UG/M3,1 Hr,Invalid
Ulaanbaatar,PM2.5 - Principal,2022-06-04 04:00 PM,2022,06,04,16,-999.0,-999,N/A,0.0,UG/M3,1 Hr,Invalid
Ulaanbaatar,PM2.5 - Principal,2022-06-04 05:00 PM,2022,06,04,17,-999.0,-999,N/A,0.0,UG/M3,1 Hr,Invalid
Ulaanbaatar,PM2.5 - Principal,2022-06-04 06:00 PM,2022,06,04,18,-999.0,-999,N/A,0.0,UG/M3,1 Hr,Invalid
Ulaanbaatar,PM2.5 - Principal,2022-06-04 07:00 PM,2022,06,04,19,-999.0,-999,N/A,0.0,UG/M3,1 Hr,Invalid
Ulaanbaatar,PM2.5 - Principal,2022-06-04 08:00 PM,2022,06,04,20,-999.0,-999,N/A,0.0,UG/M3,1 Hr,Invalid
Ulaanbaatar,PM2.5 - Principal,2022-06-04 09:00 PM,2022,06,04,21,-999.0,-999,N/A,0.0,UG/M3,1 Hr,Invalid
Ulaanbaatar,PM2.5 - Principal,2022-06-04 10:00 PM,2022,06,04,22,-999.0,-999,N/A,0.0,UG/M3,1 Hr,Invalid
Ulaanbaatar,PM2.5 - Principal,2022-06-04 11:00 PM,2022,06,04,23,-999.0,-999,N/A,0.0,UG/M3,1 Hr,Invalid
Ulaanbaatar,PM2.5 - Principal,2022-06-05 12:00 AM,2022,06,05,00,-999.0,-999,N/A,0.0,UG/M3,1 Hr,Invalid
Ulaanbaatar,PM2.5 - Principal,2022-06-05 01:00 AM,2022,06,05,01,-999.0,-999,N/A,0.0,UG/M3,1 Hr,Invalid
Ulaanbaatar,PM2.5 - Principal,2022-06-05 02:00 AM,2022,06,05,02,-999.0,-999,N/A,0.0,UG/M3,1 Hr,Invalid
Ulaanbaatar,PM2.5 - Principal,2022-06-05 03:00 AM,2022,06,05,03,-999.0,-999,N/A,0.0,UG/M3,1 Hr,Invalid
Ulaanbaatar,PM2.5 - Principal,2022-06-05 04:00 AM,2022,06,05,04,-999.0,-999,N/A,0.0,UG/M3,1 Hr,Invalid
Ulaanbaatar,PM2.5 - Principal,2022-06-05 05:00 AM,2022,06,05,05,-999.0,-999,N/A,0.0,UG/M3,1 Hr,Invalid
Ulaanbaatar,PM2.5 - Principal,2022-06-05 06:00 AM,2022,06,05,06,-999.0,-999,N/A,0.0,UG/M3,1 Hr,Invalid
Ulaanbaatar,PM2.5 - Principal,2022-06-05 07:00 AM,2022,06,05,07,-999.0,-999,N/A,0.0,UG/M3,1 Hr,Invalid
Ulaanbaatar,PM2.5 - Principal,2022-06-05 08:00 AM,2022,06,05,08,-999.0,-999,N/A,0.0,UG/M3,1 Hr,Invalid
Ulaanbaatar,PM2.5 - Principal,2022-06-05 09:00 AM,2022,06,05,09,-999.0,-999,N/A,0.0,UG/M3,1 Hr,Invalid
Ulaanbaatar,PM2.5 - Principal,2022-06-05 10:00 AM,2022,06,05,10,-999.0,-999,N/A,0.0,UG/M3,1 Hr,Invalid
Ulaanbaatar,PM2.5 - Principal,2022-06-05 11:00 AM,2022,06,05,11,-999.0,-999,N/A,0.0,UG/M3,1 Hr,Invalid
Ulaanbaatar,PM2.5 - Principal,2022-06-05 12:00 PM,2022,06,05,12,-999.0,-999,N/A,0.0,UG/M3,1 Hr,Invalid
Ulaanbaatar,PM2.5 - Principal,2022-06-05 01:00 PM,2022,06,05,13,-999.0,-999,N/A,0.0,UG/M3,1 Hr,Invalid
Ulaanbaatar,PM2.5 - Principal,2022-06-05 02:00 PM,2022,06,05,14,-999.0,-999,N/A,0.0,UG/M3,1 Hr,Invalid
Ulaanbaatar,PM2.5 - Principal,2022-06-05 03:00 PM,2022,06,05,15,-999.0,-999,N/A,0.0,UG/M3,1 Hr,Invalid
Ulaanbaatar,PM2.5 - Principal,2022-06-05 04:00 PM,2022,06,05,16,-999.0,-999,N/A,0.0,UG/M3,1 Hr,Invalid
Ulaanbaatar,PM2.5 - Principal,2022-06-05 05:00 PM,2022,06,05,17,-999.0,-999,N/A,0.0,UG/M3,1 Hr,Invalid
Ulaanbaatar,PM2.5 - Principal,2022-06-05 06:00 PM,2022,06,05,18,-999.0,-999,N/A,0.0,UG/M3,1 Hr,Invalid
Ulaanbaatar,PM2.5 - Principal,2022-06-05 07:00 PM,2022,06,05,19,-999.0,-999,N/A,0.0,UG/M3,1 Hr,Invalid
Ulaanbaatar,PM2.5 - Principal,2022-06-05 08:00 PM,2022,06,05,20,-999.0,-999,N/A,0.0,UG/M3,1 Hr,Invalid
Ulaanbaatar,PM2.5 - Principal,2022-06-05 09:00 PM,2022,06,05,21,-999.0,-999,N/A,0.0,UG/M3,1 Hr,Invalid
Ulaanbaatar,PM2.5 - Principal,2022-06-05 10:00 PM,2022,06,05,22,-999.0,-999,N/A,0.0,UG/M3,1 Hr,Invalid
Ulaanbaatar,PM2.5 - Principal,2022-06-05 11:00 PM,2022,06,05,23,-999.0,-999,N/A,0.0,UG/M3,1 Hr,Invalid
Ulaanbaatar,PM2.5 - Principal,2022-06-06 12:00 AM,2022,06,06,00,-999.0,-999,N/A,0.0,UG/M3,1 Hr,Invalid
Ulaanbaatar,PM2.5 - Principal,2022-06-06 01:00 AM,2022,06,06,01,-999.0,-999,N/A,0.0,UG/M3,1 Hr,Invalid
Ulaanbaatar,PM2.5 - Principal,2022-06-06 02:00 AM,2022,06,06,02,-999.0,-999,N/A,0.0,UG/M3,1 Hr,Invalid
Ulaanbaatar,PM2.5 - Principal,2022-06-06 03:00 AM,2022,06,06,03,-999.0,-999,N/A,0.0,UG/M3,1 Hr,Invalid
Ulaanbaatar,PM2.5 - Principal,2022-06-06 04:00 AM,2022,06,06,04,-999.0,-999,N/A,0.0,UG/M3,1 Hr,Invalid
Ulaanbaatar,PM2.5 - Principal,2022-06-06 05:00 AM,2022,06,06,05,-999.0,-999,N/A,0.0,UG/M3,1 Hr,Invalid
Ulaanbaatar,PM2.5 - Principal,2022-06-06 06:00 AM,2022,06,06,06,-999.0,-999,N/A,0.0,UG/M3,1 Hr,Invalid
Ulaanbaatar,PM2.5 - Principal,2022-06-06 07:00 AM,2022,06,06,07,-999.0,-999,N/A,0.0,UG/M3,1 Hr,Invalid
Ulaanbaatar,PM2.5 - Principal,2022-06-06 08:00 AM,2022,06,06,08,-999.0,-999,N/A,0.0,UG/M3,1 Hr,Invalid
Ulaanbaatar,PM2.5 - Principal,2022-06-06 09:00 AM,2022,06,06,09,-999.0,-999,N/A,0.0,UG/M3,1 Hr,Invalid
Ulaanbaatar,PM2.5 - Principal,2022-06-06 10:00 AM,2022,06,06,10,-999.0,-999,N/A,0.0,UG/M3,1 Hr,Invalid
Ulaanbaatar,PM2.5 - Principal,2022-06-06 11:00 AM,2022,06,06,11,-999.0,-999,N/A,0.0,UG/M3,1 Hr,Invalid
Ulaanbaatar,PM2.5 - Principal,2022-06-06 12:00 PM,2022,06,06,12,-999.0,-999,N/A,0.0,UG/M3,1 Hr,Invalid
Ulaanbaatar,PM2.5 - Principal,2022-06-06 01:00 PM,2022,06,06,13,-999.0,-999,N/A,0.0,UG/M3,1 Hr,Invalid
Ulaanbaatar,PM2.5 - Principal,2022-06-06 02:00 PM,2022,06,06,14,-999.0,-999,N/A,0.0,UG/M3,1 Hr,Invalid
Ulaanbaatar,PM2.5 - Principal,2022-06-06 03:00 PM,2022,06,06,15,-999.0,-999,N/A,74.0,UG/M3,1 Hr,Valid
Ulaanbaatar,PM2.5 - Principal,2022-06-06 04:00 PM,2022,06,06,16,26.6,81,Moderate,3.0,UG/M3,1 Hr,Valid
Ulaanbaatar,PM2.5 - Principal,2022-06-06 05:00 PM,2022,06,06,17,42.2,117,Unhealthy for Sensitive Groups,54.0,UG/M3,1 Hr,Valid
Ulaanbaatar,PM2.5 - Principal,2022-06-06 06:00 PM,2022,06,06,18,20.8,69,Moderate,2.0,UG/M3,1 Hr,Valid
Ulaanbaatar,PM2.5 - Principal,2022-06-06 07:00 PM,2022,06,06,19,12.1,51,Moderate,4.0,UG/M3,1 Hr,Valid
Ulaanbaatar,PM2.5 - Principal,2022-06-06 08:00 PM,2022,06,06,20,9.0,38,Good,6.0,UG/M3,1 Hr,Valid
Ulaanbaatar,PM2.5 - Principal,2022-06-06 09:00 PM,2022,06,06,21,6.9,29,Good,5.0,UG/M3,1 Hr,Valid
Ulaanbaatar,PM2.5 - Principal,2022-06-06 10:00 PM,2022,06,06,22,4.9,20,Good,3.0,UG/M3,1 Hr,Valid
Ulaanbaatar,PM2.5 - Principal,2022-06-06 11:00 PM,2022,06,06,23,3.4,14,Good,2.0,UG/M3,1 Hr,Valid
Ulaanbaatar,PM2.5 - Principal,2022-06-07 12:00 AM,2022,06,07,00,3.2,13,Good,3.0,UG/M3,1 Hr,Valid
Ulaanbaatar,PM2.5 - Principal,2022-06-07 01:00 AM,2022,06,07,01,7.6,32,Good,12.0,UG/M3,1 Hr,Valid
Ulaanbaatar,PM2.5 - Principal,2022-06-07 02:00 AM,2022,06,07,02,7.3,30,Good,7.0,UG/M3,1 Hr,Valid
Ulaanbaatar,PM2.5 - Principal,2022-06-07 03:00 AM,2022,06,07,03,5.1,21,Good,3.0,UG/M3,1 Hr,Valid
Ulaanbaatar,PM2.5 - Principal,2022-06-07 04:00 AM,2022,06,07,04,3.0,13,Good,1.0,UG/M3,1 Hr,Valid
Ulaanbaatar,PM2.5 - Principal,2022-06-07 05:00 AM,2022,06,07,05,2.0,8,Good,1.0,UG/M3,1 Hr,Valid
Ulaanbaatar,PM2.5 - Principal,2022-06-07 06:00 AM,2022,06,07,06,2.5,10,Good,3.0,UG/M3,1 Hr,Valid
Ulaanbaatar,PM2.5 - Principal,2022-06-07 07:00 AM,2022,06,07,07,2.7,11,Good,3.0,UG/M3,1 Hr,Valid
Ulaanbaatar,PM2.5 - Principal,2022-06-07 08:00 AM,2022,06,07,08,11.3,47,Good,20.0,UG/M3,1 Hr,Valid
Ulaanbaatar,PM2.5 - Principal,2022-06-07 09:00 AM,2022,06,07,09,10.1,42,Good,9.0,UG/M3,1 Hr,Valid
Ulaanbaatar,PM2.5 - Principal,2022-06-07 10:00 AM,2022,06,07,10,8.0,33,Good,6.0,UG/M3,1 Hr,Valid
Ulaanbaatar,PM2.5 - Principal,2022-06-07 11:00 AM,2022,06,07,11,4.5,19,Good,1.0,UG/M3,1 Hr,Valid
Ulaanbaatar,PM2.5 - Principal,2022-06-07 12:00 PM,2022,06,07,12,2.7,11,Good,1.0,UG/M3,1 Hr,Valid
Ulaanbaatar,PM2.5 - Principal,2022-06-07 01:00 PM,2022,06,07,13,4.3,18,Good,6.0,UG/M3,1 Hr,Valid
Ulaanbaatar,PM2.5 - Principal,2022-06-07 02:00 PM,2022,06,07,14,5.1,21,Good,6.0,UG/M3,1 Hr,Valid
Ulaanbaatar,PM2.5 - Principal,2022-06-07 03:00 PM,2022,06,07,15,6.5,27,Good,8.0,UG/M3,1 Hr,Valid
Ulaanbaatar,PM2.5 - Principal,2022-06-07 04:00 PM,2022,06,07,16,5.7,24,Good,5.0,UG/M3,1 Hr,Valid
Ulaanbaatar,PM2.5 - Principal,2022-06-07 05:00 PM,2022,06,07,17,4.8,20,Good,4.0,UG/M3,1 Hr,Valid
Ulaanbaatar,PM2.5 - Principal,2022-06-07 06:00 PM,2022,06,07,18,4.4,18,Good,4.0,UG/M3,1 Hr,Valid
Ulaanbaatar,PM2.5 - Principal,2022-06-07 07:00 PM,2022,06,07,19,4.2,18,Good,4.0,UG/M3,1 Hr,Valid
Ulaanbaatar,PM2.5 - Principal,2022-06-07 08:00 PM,2022,06,07,20,5.6,23,Good,7.0,UG/M3,1 Hr,Valid
Ulaanbaatar,PM2.5 - Principal,2022-06-07 09:00 PM,2022,06,07,21,7.3,30,Good,9.0,UG/M3,1 Hr,Valid
Ulaanbaatar,PM2.5 - Principal,2022-06-07 10:00 PM,2022,06,07,22,6.1,25,Good,5.0,UG/M3,1 Hr,Valid
Ulaanbaatar,PM2.5 - Principal,2022-06-07 11:00 PM,2022,06,07,23,7.0,29,Good,8.0,UG/M3,1 Hr,Valid
Ulaanbaatar,PM2.5 - Principal,2022-06-08 12:00 AM,2022,06,08,00,7.5,31,Good,8.0,UG/M3,1 Hr,Valid
Ulaanbaatar,PM2.5 - Principal,2022-06-08 01:00 AM,2022,06,08,01,9.7,40,Good,12.0,UG/M3,1 Hr,Valid
Ulaanbaatar,PM2.5 - Principal,2022-06-08 02:00 AM,2022,06,08,02,7.8,33,Good,6.0,UG/M3,1 Hr,Valid
Ulaanbaatar,PM2.5 - Principal,2022-06-08 03:00 AM,2022,06,08,03,7.8,33,Good,0.0,UG/M3,1 Hr,Invalid
Ulaanbaatar,PM2.5 - Principal,2022-06-08 04:00 AM,2022,06,08,04,3.2,13,Good,1.0,UG/M3,1 Hr,Valid
Ulaanbaatar,PM2.5 - Principal,2022-06-08 05:00 AM,2022,06,08,05,-999.0,-999,N/A,0.0,UG/M3,1 Hr,Invalid
Ulaanbaatar,PM2.5 - Principal,2022-06-08 06:00 AM,2022,06,08,06,-999.0,-999,N/A,0.0,UG/M3,1 Hr,Invalid
Ulaanbaatar,PM2.5 - Principal,2022-06-08 07:00 AM,2022,06,08,07,-999.0,-999,N/A,0.0,UG/M3,1 Hr,Invalid
Ulaanbaatar,PM2.5 - Principal,2022-06-08 08:00 AM,2022,06,08,08,-999.0,-999,N/A,0.0,UG/M3,1 Hr,Invalid
Ulaanbaatar,PM2.5 - Principal,2022-06-08 09:00 AM,2022,06,08,09,-999.0,-999,N/A,2.0,UG/M3,1 Hr,Valid
Ulaanbaatar,PM2.5 - Principal,2022-06-08 10:00 AM,2022,06,08,10,3.3,14,Good,4.0,UG/M3,1 Hr,Valid
Ulaanbaatar,PM2.5 - Principal,2022-06-08 11:00 AM,2022,06,08,11,3.7,15,Good,4.0,UG/M3,1 Hr,Valid
Ulaanbaatar,PM2.5 - Principal,2022-06-08 12:00 PM,2022,06,08,12,3.8,16,Good,4.0,UG/M3,1 Hr,Valid
Ulaanbaatar,PM2.5 - Principal,2022-06-08 01:00 PM,2022,06,08,13,7.0,29,Good,10.0,UG/M3,1 Hr,Valid
Ulaanbaatar,PM2.5 - Principal,2022-06-08 02:00 PM,2022,06,08,14,8.0,33,Good,9.0,UG/M3,1 Hr,Valid
Ulaanbaatar,PM2.5 - Principal,2022-06-08 03:00 PM,2022,06,08,15,7.5,31,Good,7.0,UG/M3,1 Hr,Valid
Ulaanbaatar,PM2.5 - Principal,2022-06-08 04:00 PM,2022,06,08,16,7.2,30,Good,7.0,UG/M3,1 Hr,Valid
Ulaanbaatar,PM2.5 - Principal,2022-06-08 05:00 PM,2022,06,08,17,6.1,25,Good,5.0,UG/M3,1 Hr,Valid
Ulaanbaatar,PM2.5 - Principal,2022-06-08 06:00 PM,2022,06,08,18,4.0,17,Good,2.0,UG/M3,1 Hr,Valid
Ulaanbaatar,PM2.5 - Principal,2022-06-08 07:00 PM,2022,06,08,19,3.0,13,Good,2.0,UG/M3,1 Hr,Valid
Ulaanbaatar,PM2.5 - Principal,2022-06-08 08:00 PM,2022,06,08,20,3.5,15,Good,4.0,UG/M3,1 Hr,Valid
Ulaanbaatar,PM2.5 - Principal,2022-06-08 09:00 PM,2022,06,08,21,3.7,15,Good,4.0,UG/M3,1 Hr,Valid
Ulaanbaatar,PM2.5 - Principal,2022-06-08 10:00 PM,2022,06,08,22,4.3,18,Good,5.0,UG/M3,1 Hr,Valid
Ulaanbaatar,PM2.5 - Principal,2022-06-08 11:00 PM,2022,06,08,23,4.1,17,Good,4.0,UG/M3,1 Hr,Valid
Ulaanbaatar,PM2.5 - Principal,2022-06-09 12:00 AM,2022,06,09,00,3.5,15,Good,3.0,UG/M3,1 Hr,Valid
Ulaanbaatar,PM2.5 - Principal,2022-06-09 01:00 AM,2022,06,09,01,3.2,13,Good,3.0,UG/M3,1 Hr,Valid
Ulaanbaatar,PM2.5 - Principal,2022-06-09 02:00 AM,2022,06,09,02,2.6,11,Good,2.0,UG/M3,1 Hr,Valid
Ulaanbaatar,PM2.5 - Principal,2022-06-09 03:00 AM,2022,06,09,03,3.8,16,Good,5.0,UG/M3,1 Hr,Valid
Ulaanbaatar,PM2.5 - Principal,2022-06-09 04:00 AM,2022,06,09,04,4.4,18,Good,5.0,UG/M3,1 Hr,Valid
Ulaanbaatar,PM2.5 - Principal,2022-06-09 05:00 AM,2022,06,09,05,3.7,15,Good,3.0,UG/M3,1 Hr,Valid
Ulaanbaatar,PM2.5 - Principal,2022-06-09 06:00 AM,2022,06,09,06,4.8,20,Good,6.0,UG/M3,1 Hr,Valid
Ulaanbaatar,PM2.5 - Principal,2022-06-09 07:00 AM,2022,06,09,07,4.9,20,Good,5.0,UG/M3,1 Hr,Valid
Ulaanbaatar,PM2.5 - Principal,2022-06-09 08:00 AM,2022,06,09,08,3.9,16,Good,3.0,UG/M3,1 Hr,Valid
Ulaanbaatar,PM2.5 - Principal,2022-06-09 09:00 AM,2022,06,09,09,4.9,20,Good,6.0,UG/M3,1 Hr,Valid
Ulaanbaatar,PM2.5 - Principal,2022-06-09 10:00 AM,2022,06,09,10,5.9,25,Good,7.0,UG/M3,1 Hr,Valid
Ulaanbaatar,PM2.5 - Principal,2022-06-09 11:00 AM,2022,06,09,11,8.9,37,Good,12.0,UG/M3,1 Hr,Valid
Ulaanbaatar,PM2.5 - Principal,2022-06-09 12:00 PM,2022,06,09,12,7.4,31,Good,6.0,UG/M3,1 Hr,Valid
Ulaanbaatar,PM2.5 - Principal,2022-06-09 01:00 PM,2022,06,09,13,4.7,20,Good,2.0,UG/M3,1 Hr,Valid
Ulaanbaatar,PM2.5 - Principal,2022-06-09 02:00 PM,2022,06,09,14,5.8,24,Good,7.0,UG/M3,1 Hr,Valid
Ulaanbaatar,PM2.5 - Principal,2022-06-09 03:00 PM,2022,06,09,15,5.4,23,Good,5.0,UG/M3,1 Hr,Valid
Ulaanbaatar,PM2.5 - Principal,2022-06-09 04:00 PM,2022,06,09,16,3.2,13,Good,1.0,UG/M3,1 Hr,Valid
Ulaanbaatar,PM2.5 - Principal,2022-06-09 05:00 PM,2022,06,09,17,3.2,13,Good,0.0,UG/M3,1 Hr,Invalid
Ulaanbaatar,PM2.5 - Principal,2022-06-09 06:00 PM,2022,06,09,18,-999.0,-999,N/A,0.0,UG/M3,1 Hr,Invalid
Ulaanbaatar,PM2.5 - Principal,2022-06-09 07:00 PM,2022,06,09,19,-999.0,-999,N/A,3.0,UG/M3,1 Hr,Valid
Ulaanbaatar,PM2.5 - Principal,2022-06-09 08:00 PM,2022,06,09,20,6.7,28,Good,9.0,UG/M3,1 Hr,Valid
Ulaanbaatar,PM2.5 - Principal,2022-06-09 09:00 PM,2022,06,09,21,6.3,26,Good,6.0,UG/M3,1 Hr,Valid
Ulaanbaatar,PM2.5 - Principal,2022-06-09 10:00 PM,2022,06,09,22,6.1,25,Good,6.0,UG/M3,1 Hr,Valid
Ulaanbaatar,PM2.5 - Principal,2022-06-09 11:00 PM,2022,06,09,23,10.6,44,Good,15.0,UG/M3,1 Hr,Valid
Ulaanbaatar,PM2.5 - Principal,2022-06-10 12:00 AM,2022,06,10,00,11.8,49,Good,13.0,UG/M3,1 Hr,Valid
Ulaanbaatar,PM2.5 - Principal,2022-06-10 01:00 AM,2022,06,10,01,11.9,50,Good,12.0,UG/M3,1 Hr,Valid
Ulaanbaatar,PM2.5 - Principal,2022-06-10 02:00 AM,2022,06,10,02,10.4,43,Good,9.0,UG/M3,1 Hr,Valid
Ulaanbaatar,PM2.5 - Principal,2022-06-10 03:00 AM,2022,06,10,03,7.7,32,Good,5.0,UG/M3,1 Hr,Valid
Ulaanbaatar,PM2.5 - Principal,2022-06-10 04:00 AM,2022,06,10,04,5.3,22,Good,3.0,UG/M3,1 Hr,Valid
Ulaanbaatar,PM2.5 - Principal,2022-06-10 05:00 AM,2022,06,10,05,3.1,13,Good,1.0,UG/M3,1 Hr,Valid
Ulaanbaatar,PM2.5 - Principal,2022-06-10 06:00 AM,2022,06,10,06,3.1,13,Good,0.0,UG/M3,1 Hr,Invalid
Ulaanbaatar,PM2.5 - Principal,2022-06-10 07:00 AM,2022,06,10,07,1.7,7,Good,1.0,UG/M3,1 Hr,Valid
Ulaanbaatar,PM2.5 - Principal,2022-06-10 08:00 AM,2022,06,10,08,1.8,8,Good,2.0,UG/M3,1 Hr,Valid
Ulaanbaatar,PM2.5 - Principal,2022-06-10 09:00 AM,2022,06,10,09,1.9,8,Good,2.0,UG/M3,1 Hr,Valid
Ulaanbaatar,PM2.5 - Principal,2022-06-10 10:00 AM,2022,06,10,10,4.0,17,Good,6.0,UG/M3,1 Hr,Valid
Ulaanbaatar,PM2.5 - Principal,2022-06-10 11:00 AM,2022,06,10,11,5.5,23,Good,7.0,UG/M3,1 Hr,Valid
Ulaanbaatar,PM2.5 - Principal,2022-06-10 12:00 PM,2022,06,10,12,5.2,22,Good,5.0,UG/M3,1 Hr,Valid
Ulaanbaatar,PM2.5 - Principal,2022-06-10 01:00 PM,2022,06,10,13,6.6,28,Good,8.0,UG/M3,1 Hr,Valid
Ulaanbaatar,PM2.5 - Principal,2022-06-10 02:00 PM,2022,06,10,14,6.8,28,Good,7.0,UG/M3,1 Hr,Valid
Ulaanbaatar,PM2.5 - Principal,2022-06-10 03:00 PM,2022,06,10,15,7.4,31,Good,8.0,UG/M3,1 Hr,Valid
Ulaanbaatar,PM2.5 - Principal,2022-06-10 04:00 PM,2022,06,10,16,7.7,32,Good,8.0,UG/M3,1 Hr,Valid
Ulaanbaatar,PM2.5 - Principal,2022-06-10 05:00 PM,2022,06,10,17,6.8,28,Good,6.0,UG/M3,1 Hr,Valid
Ulaanbaatar,PM2.5 - Principal,2022-06-10 06:00 PM,2022,06,10,18,6.4,27,Good,6.0,UG/M3,1 Hr,Valid
Ulaanbaatar,PM2.5 - Principal,2022-06-10 07:00 PM,2022,06,10,19,5.7,24,Good,5.0,UG/M3,1 Hr,Valid
Ulaanbaatar,PM2.5 - Principal,2022-06-10 08:00 PM,2022,06,10,20,5.3,22,Good,5.0,UG/M3,1 Hr,Valid
Ulaanbaatar,PM2.5 - Principal,2022-06-10 09:00 PM,2022,06,10,21,5.7,24,Good,6.0,UG/M3,1 Hr,Valid
Ulaanbaatar,PM2.5 - Principal,2022-06-10 10:00 PM,2022,06,10,22,6.2,26,Good,7.0,UG/M3,1 Hr,Valid
Ulaanbaatar,PM2.5 - Principal,2022-06-10 11:00 PM,2022,06,10,23,5.7,24,Good,5.0,UG/M3,1 Hr,Valid
Ulaanbaatar,PM2.5 - Principal,2022-06-11 12:00 AM,2022,06,11,00,4.8,20,Good,4.0,UG/M3,1 Hr,Valid
Ulaanbaatar,PM2.5 - Principal,2022-06-11 01:00 AM,2022,06,11,01,3.9,16,Good,3.0,UG/M3,1 Hr,Valid
Ulaanbaatar,PM2.5 - Principal,2022-06-11 02:00 AM,2022,06,11,02,3.4,14,Good,3.0,UG/M3,1 Hr,Valid
Ulaanbaatar,PM2.5 - Principal,2022-06-11 03:00 AM,2022,06,11,03,2.2,9,Good,1.0,UG/M3,1 Hr,Valid
Ulaanbaatar,PM2.5 - Principal,2022-06-11 04:00 AM,2022,06,11,04,2.2,9,Good,-1.0,UG/M3,1 Hr,Invalid
Ulaanbaatar,PM2.5 - Principal,2022-06-11 05:00 AM,2022,06,11,05,-999.0,-999,N/A,0.0,UG/M3,1 Hr,Invalid
Ulaanbaatar,PM2.5 - Principal,2022-06-11 06:00 AM,2022,06,11,06,-999.0,-999,N/A,1.0,UG/M3,1 Hr,Valid
Ulaanbaatar,PM2.5 - Principal,2022-06-11 07:00 AM,2022,06,11,07,2.3,10,Good,3.0,UG/M3,1 Hr,Valid
Ulaanbaatar,PM2.5 - Principal,2022-06-11 08:00 AM,2022,06,11,08,3.2,13,Good,4.0,UG/M3,1 Hr,Valid
Ulaanbaatar,PM2.5 - Principal,2022-06-11 09:00 AM,2022,06,11,09,4.1,17,Good,5.0,UG/M3,1 Hr,Valid
Ulaanbaatar,PM2.5 - Principal,2022-06-11 10:00 AM,2022,06,11,10,4.0,17,Good,4.0,UG/M3,1 Hr,Valid
Ulaanbaatar,PM2.5 - Principal,2022-06-11 11:00 AM,2022,06,11,11,3.0,13,Good,2.0,UG/M3,1 Hr,Valid
Ulaanbaatar,PM2.5 - Principal,2022-06-11 12:00 PM,2022,06,11,12,2.5,10,Good,2.0,UG/M3,1 Hr,Valid
Ulaanbaatar,PM2.5 - Principal,2022-06-11 01:00 PM,2022,06,11,13,2.7,11,Good,3.0,UG/M3,1 Hr,Valid
Ulaanbaatar,PM2.5 - Principal,2022-06-11 02:00 PM,2022,06,11,14,3.3,14,Good,4.0,UG/M3,1 Hr,Valid
Ulaanbaatar,PM2.5 - Principal,2022-06-11 03:00 PM,2022,06,11,15,4.1,17,Good,5.0,UG/M3,1 Hr,Valid
Ulaanbaatar,PM2.5 - Principal,2022-06-11 04:00 PM,2022,06,11,16,5.0,21,Good,6.0,UG/M3,1 Hr,Valid
Ulaanbaatar,PM2.5 - Principal,2022-06-11 05:00 PM,2022,06,11,17,5.0,21,Good,5.0,UG/M3,1 Hr,Valid
Ulaanbaatar,PM2.5 - Principal,2022-06-11 06:00 PM,2022,06,11,18,4.0,17,Good,3.0,UG/M3,1 Hr,Valid
Ulaanbaatar,PM2.5 - Principal,2022-06-11 07:00 PM,2022,06,11,19,3.0,13,Good,2.0,UG/M3,1 Hr,Valid
Ulaanbaatar,PM2.5 - Principal,2022-06-11 08:00 PM,2022,06,11,20,3.0,13,Good,3.0,UG/M3,1 Hr,Valid
Ulaanbaatar,PM2.5 - Principal,2022-06-11 09:00 PM,2022,06,11,21,3.5,15,Good,4.0,UG/M3,1 Hr,Valid
Ulaanbaatar,PM2.5 - Principal,2022-06-11 10:00 PM,2022,06,11,22,4.2,18,Good,5.0,UG/M3,1 Hr,Valid
Ulaanbaatar,PM2.5 - Principal,2022-06-11 11:00 PM,2022,06,11,23,4.1,17,Good,4.0,UG/M3,1 Hr,Valid
Ulaanbaatar,PM2.5 - Principal,2022-06-12 12:00 AM,2022,06,12,00,5.5,23,Good,7.0,UG/M3,1 Hr,Valid
Ulaanbaatar,PM2.5 - Principal,2022-06-12 01:00 AM,2022,06,12,01,5.7,24,Good,6.0,UG/M3,1 Hr,Valid
Ulaanbaatar,PM2.5 - Principal,2022-06-12 02:00 AM,2022,06,12,02,4.8,20,Good,4.0,UG/M3,1 Hr,Valid
Ulaanbaatar,PM2.5 - Principal,2022-06-12 03:00 AM,2022,06,12,03,2.9,12,Good,1.0,UG/M3,1 Hr,Valid
Ulaanbaatar,PM2.5 - Principal,2022-06-12 04:00 AM,2022,06,12,04,2.4,10,Good,2.0,UG/M3,1 Hr,Valid
Ulaanbaatar,PM2.5 - Principal,2022-06-12 05:00 AM,2022,06,12,05,2.2,9,Good,2.0,UG/M3,1 Hr,Valid
Ulaanbaatar,PM2.5 - Principal,2022-06-12 06:00 AM,2022,06,12,06,1.6,7,Good,1.0,UG/M3,1 Hr,Valid
Ulaanbaatar,PM2.5 - Principal,2022-06-12 07:00 AM,2022,06,12,07,1.8,8,Good,2.0,UG/M3,1 Hr,Valid
Ulaanbaatar,PM2.5 - Principal,2022-06-12 08:00 AM,2022,06,12,08,1.9,8,Good,2.0,UG/M3,1 Hr,Valid
Ulaanbaatar,PM2.5 - Principal,2022-06-12 09:00 AM,2022,06,12,09,1.4,6,Good,1.0,UG/M3,1 Hr,Valid
Ulaanbaatar,PM2.5 - Principal,2022-06-12 10:00 AM,2022,06,12,10,1.7,7,Good,2.0,UG/M3,1 Hr,Valid
Ulaanbaatar,PM2.5 - Principal,2022-06-12 11:00 AM,2022,06,12,11,1.3,5,Good,1.0,UG/M3,1 Hr,Valid
Ulaanbaatar,PM2.5 - Principal,2022-06-12 12:00 PM,2022,06,12,12,3.1,13,Good,5.0,UG/M3,1 Hr,Valid
Ulaanbaatar,PM2.5 - Principal,2022-06-12 01:00 PM,2022,06,12,13,4.5,19,Good,6.0,UG/M3,1 Hr,Valid
Ulaanbaatar,PM2.5 - Principal,2022-06-12 02:00 PM,2022,06,12,14,5.7,24,Good,7.0,UG/M3,1 Hr,Valid
Ulaanbaatar,PM2.5 - Principal,2022-06-12 03:00 PM,2022,06,12,15,7.3,30,Good,9.0,UG/M3,1 Hr,Valid
Ulaanbaatar,PM2.5 - Principal,2022-06-12 04:00 PM,2022,06,12,16,7.7,32,Good,8.0,UG/M3,1 Hr,Valid
Ulaanbaatar,PM2.5 - Principal,2022-06-12 05:00 PM,2022,06,12,17,7.3,30,Good,7.0,UG/M3,1 Hr,Valid
Ulaanbaatar,PM2.5 - Principal,2022-06-12 06:00 PM,2022,06,12,18,7.6,32,Good,8.0,UG/M3,1 Hr,Valid
Ulaanbaatar,PM2.5 - Principal,2022-06-12 07:00 PM,2022,06,12,19,9.3,39,Good,11.0,UG/M3,1 Hr,Valid
Ulaanbaatar,PM2.5 - Principal,2022-06-12 08:00 PM,2022,06,12,20,11.6,48,Good,14.0,UG/M3,1 Hr,Valid
Ulaanbaatar,PM2.5 - Principal,2022-06-12 09:00 PM,2022,06,12,21,11.3,47,Good,11.0,UG/M3,1 Hr,Valid
Ulaanbaatar,PM2.5 - Principal,2022-06-12 10:00 PM,2022,06,12,22,9.1,38,Good,7.0,UG/M3,1 Hr,Valid
Ulaanbaatar,PM2.5 - Principal,2022-06-12 11:00 PM,2022,06,12,23,15.0,57,Moderate,21.0,UG/M3,1 Hr,Valid
Ulaanbaatar,PM2.5 - Principal,2022-06-13 12:00 AM,2022,06,13,00,63.0,155,Unhealthy,111.0,UG/M3,1 Hr,Valid
Ulaanbaatar,PM2.5 - Principal,2022-06-13 01:00 AM,2022,06,13,01,47.5,131,Unhealthy for Sensitive Groups,32.0,UG/M3,1 Hr,Valid
Ulaanbaatar,PM2.5 - Principal,2022-06-13 02:00 AM,2022,06,13,02,31.2,91,Moderate,15.0,UG/M3,1 Hr,Valid
Ulaanbaatar,PM2.5 - Principal,2022-06-13 03:00 AM,2022,06,13,03,23.6,75,Moderate,16.0,UG/M3,1 Hr,Valid
Ulaanbaatar,PM2.5 - Principal,2022-06-13 04:00 AM,2022,06,13,04,16.8,61,Moderate,10.0,UG/M3,1 Hr,Valid
Ulaanbaatar,PM2.5 - Principal,2022-06-13 05:00 AM,2022,06,13,05,13.9,55,Moderate,11.0,UG/M3,1 Hr,Valid
Ulaanbaatar,PM2.5 - Principal,2022-06-13 06:00 AM,2022,06,13,06,10.4,43,Good,7.0,UG/M3,1 Hr,Valid
Ulaanbaatar,PM2.5 - Principal,2022-06-13 07:00 AM,2022,06,13,07,9.2,38,Good,8.0,UG/M3,1 Hr,Valid
Ulaanbaatar,PM2.5 - Principal,2022-06-13 08:00 AM,2022,06,13,08,11.1,46,Good,13.0,UG/M3,1 Hr,Valid
Ulaanbaatar,PM2.5 - Principal,2022-06-13 09:00 AM,2022,06,13,09,15.5,58,Moderate,20.0,UG/M3,1 Hr,Valid
Ulaanbaatar,PM2.5 - Principal,2022-06-13 10:00 AM,2022,06,13,10,20.7,69,Moderate,26.0,UG/M3,1 Hr,Valid
Ulaanbaatar,PM2.5 - Principal,2022-06-13 11:00 AM,2022,06,13,11,30.8,90,Moderate,41.0,UG/M3,1 Hr,Valid
Ulaanbaatar,PM2.5 - Principal,2022-06-13 12:00 PM,2022,06,13,12,25.4,79,Moderate,20.0,UG/M3,1 Hr,Valid
Ulaanbaatar,PM2.5 - Principal,2022-06-13 01:00 PM,2022,06,13,13,13.7,54,Moderate,2.0,UG/M3,1 Hr,Valid
Ulaanbaatar,PM2.5 - Principal,2022-06-13 02:00 PM,2022,06,13,14,9.3,39,Good,5.0,UG/M3,1 Hr,Valid
Ulaanbaatar,PM2.5 - Principal,2022-06-13 03:00 PM,2022,06,13,15,7.1,30,Good,5.0,UG/M3,1 Hr,Valid
Ulaanbaatar,PM2.5 - Principal,2022-06-13 04:00 PM,2022,06,13,16,6.0,25,Good,5.0,UG/M3,1 Hr,Valid
Ulaanbaatar,PM2.5 - Principal,2022-06-13 05:00 PM,2022,06,13,17,5.0,21,Good,4.0,UG/M3,1 Hr,Valid
Ulaanbaatar,PM2.5 - Principal,2022-06-13 06:00 PM,2022,06,13,18,5.0,21,Good,5.0,UG/M3,1 Hr,Valid
Ulaanbaatar,PM2.5 - Principal,2022-06-13 07:00 PM,2022,06,13,19,5.0,21,Good,5.0,UG/M3,1 Hr,Valid
Ulaanbaatar,PM2.5 - Principal,2022-06-13 08:00 PM,2022,06,13,20,6.0,25,Good,7.0,UG/M3,1 Hr,Valid
Ulaanbaatar,PM2.5 - Principal,2022-06-13 09:00 PM,2022,06,13,21,6.5,27,Good,7.0,UG/M3,1 Hr,Valid
Ulaanbaatar,PM2.5 - Principal,2022-06-13 10:00 PM,2022,06,13,22,10.2,43,Good,14.0,UG/M3,1 Hr,Valid
Ulaanbaatar,PM2.5 - Principal,2022-06-13 11:00 PM,2022,06,13,23,18.1,64,Moderate,26.0,UG/M3,1 Hr,Valid
Ulaanbaatar,PM2.5 - Principal,2022-06-14 12:00 AM,2022,06,14,00,22.0,72,Moderate,26.0,UG/M3,1 Hr,Valid
Ulaanbaatar,PM2.5 - Principal,2022-06-14 01:00 AM,2022,06,14,01,22.0,72,Moderate,22.0,UG/M3,1 Hr,Valid
Ulaanbaatar,PM2.5 - Principal,2022-06-14 02:00 AM,2022,06,14,02,22.0,72,Moderate,22.0,UG/M3,1 Hr,Valid
Ulaanbaatar,PM2.5 - Principal,2022-06-14 03:00 AM,2022,06,14,03,20.0,68,Moderate,18.0,UG/M3,1 Hr,Valid
Ulaanbaatar,PM2.5 - Principal,2022-06-14 04:00 AM,2022,06,14,04,16.0,59,Moderate,12.0,UG/M3,1 Hr,Valid
Ulaanbaatar,PM2.5 - Principal,2022-06-14 05:00 AM,2022,06,14,05,16.5,60,Moderate,17.0,UG/M3,1 Hr,Valid
Ulaanbaatar,PM2.5 - Principal,2022-06-14 06:00 AM,2022,06,14,06,17.2,62,Moderate,18.0,UG/M3,1 Hr,Valid
Ulaanbaatar,PM2.5 - Principal,2022-06-14 07:00 AM,2022,06,14,07,15.1,57,Moderate,13.0,UG/M3,1 Hr,Valid
Ulaanbaatar,PM2.5 - Principal,2022-06-14 08:00 AM,2022,06,14,08,15.5,58,Moderate,16.0,UG/M3,1 Hr,Valid
Ulaanbaatar,PM2.5 - Principal,2022-06-14 09:00 AM,2022,06,14,09,12.7,52,Moderate,10.0,UG/M3,1 Hr,Valid
Ulaanbaatar,PM2.5 - Principal,2022-06-14 10:00 AM,2022,06,14,10,11.3,47,Good,10.0,UG/M3,1 Hr,Valid
Ulaanbaatar,PM2.5 - Principal,2022-06-14 11:00 AM,2022,06,14,11,39.2,110,Unhealthy for Sensitive Groups,67.0,UG/M3,1 Hr,Valid
Ulaanbaatar,PM2.5 - Principal,2022-06-14 12:00 PM,2022,06,14,12,21.5,71,Moderate,4.0,UG/M3,1 Hr,Valid
Ulaanbaatar,PM2.5 - Principal,2022-06-14 01:00 PM,2022,06,14,13,14.2,55,Moderate,7.0,UG/M3,1 Hr,Valid
Ulaanbaatar,PM2.5 - Principal,2022-06-14 02:00 PM,2022,06,14,14,13.1,53,Moderate,12.0,UG/M3,1 Hr,Valid
Ulaanbaatar,PM2.5 - Principal,2022-06-14 03:00 PM,2022,06,14,15,22.5,73,Moderate,32.0,UG/M3,1 Hr,Valid
Ulaanbaatar,PM2.5 - Principal,2022-06-14 04:00 PM,2022,06,14,16,14.2,55,Moderate,6.0,UG/M3,1 Hr,Valid
Ulaanbaatar,PM2.5 - Principal,2022-06-14 05:00 PM,2022,06,14,17,9.6,40,Good,5.0,UG/M3,1 Hr,Valid
Ulaanbaatar,PM2.5 - Principal,2022-06-14 06:00 PM,2022,06,14,18,7.8,33,Good,6.0,UG/M3,1 Hr,Valid
Ulaanbaatar,PM2.5 - Principal,2022-06-14 07:00 PM,2022,06,14,19,12.4,52,Moderate,17.0,UG/M3,1 Hr,Valid
Ulaanbaatar,PM2.5 - Principal,2022-06-14 08:00 PM,2022,06,14,20,14.2,55,Moderate,16.0,UG/M3,1 Hr,Valid
Ulaanbaatar,PM2.5 - Principal,2022-06-14 09:00 PM,2022,06,14,21,17.1,62,Moderate,20.0,UG/M3,1 Hr,Valid
Ulaanbaatar,PM2.5 - Principal,2022-06-14 10:00 PM,2022,06,14,22,34.5,98,Moderate,52.0,UG/M3,1 Hr,Valid
Ulaanbaatar,PM2.5 - Principal,2022-06-14 11:00 PM,2022,06,14,23,31.7,92,Moderate,29.0,UG/M3,1 Hr,Valid
Ulaanbaatar,PM2.5 - Principal,2022-06-15 12:00 AM,2022,06,15,00,24.8,78,Moderate,18.0,UG/M3,1 Hr,Valid
Ulaanbaatar,PM2.5 - Principal,2022-06-15 01:00 AM,2022,06,15,01,21.4,71,Moderate,18.0,UG/M3,1 Hr,Valid
Ulaanbaatar,PM2.5 - Principal,2022-06-15 02:00 AM,2022,06,15,02,14.2,55,Moderate,7.0,UG/M3,1 Hr,Valid
Ulaanbaatar,PM2.5 - Principal,2022-06-15 03:00 AM,2022,06,15,03,12.6,52,Moderate,11.0,UG/M3,1 Hr,Valid
Ulaanbaatar,PM2.5 - Principal,2022-06-15 04:00 AM,2022,06,15,04,10.3,43,Good,8.0,UG/M3,1 Hr,Valid
Ulaanbaatar,PM2.5 - Principal,2022-06-15 05:00 AM,2022,06,15,05,9.1,38,Good,8.0,UG/M3,1 Hr,Valid
Ulaanbaatar,PM2.5 - Principal,2022-06-15 06:00 AM,2022,06,15,06,8.0,33,Good,7.0,UG/M3,1 Hr,Valid
Ulaanbaatar,PM2.5 - Principal,2022-06-15 07:00 AM,2022,06,15,07,9.5,40,Good,11.0,UG/M3,1 Hr,Valid
Ulaanbaatar,PM2.5 - Principal,2022-06-15 08:00 AM,2022,06,15,08,12.7,52,Moderate,16.0,UG/M3,1 Hr,Valid
Ulaanbaatar,PM2.5 - Principal,2022-06-15 09:00 AM,2022,06,15,09,14.8,57,Moderate,17.0,UG/M3,1 Hr,Valid
Ulaanbaatar,PM2.5 - Principal,2022-06-15 10:00 AM,2022,06,15,10,15.9,59,Moderate,17.0,UG/M3,1 Hr,Valid
Ulaanbaatar,PM2.5 - Principal,2022-06-15 11:00 AM,2022,06,15,11,26.4,81,Moderate,37.0,UG/M3,1 Hr,Valid
Ulaanbaatar,PM2.5 - Principal,2022-06-15 12:00 PM,2022,06,15,12,24.7,77,Moderate,23.0,UG/M3,1 Hr,Valid
Ulaanbaatar,PM2.5 - Principal,2022-06-15 01:00 PM,2022,06,15,13,31.3,91,Moderate,38.0,UG/M3,1 Hr,Valid
Ulaanbaatar,PM2.5 - Principal,2022-06-15 02:00 PM,2022,06,15,14,26.6,81,Moderate,22.0,UG/M3,1 Hr,Valid
Ulaanbaatar,PM2.5 - Principal,2022-06-15 03:00 PM,2022,06,15,15,19.8,67,Moderate,13.0,UG/M3,1 Hr,Valid
Ulaanbaatar,PM2.5 - Principal,2022-06-15 04:00 PM,2022,06,15,16,14.9,57,Moderate,10.0,UG/M3,1 Hr,Valid
Ulaanbaatar,PM2.5 - Principal,2022-06-15 05:00 PM,2022,06,15,17,14.9,57,Moderate,15.0,UG/M3,1 Hr,Valid
Ulaanbaatar,PM2.5 - Principal,2022-06-15 06:00 PM,2022,06,15,18,11.9,50,Good,9.0,UG/M3,1 Hr,Valid
Ulaanbaatar,PM2.5 - Principal,2022-06-15 07:00 PM,2022,06,15,19,9.4,39,Good,7.0,UG/M3,1 Hr,Valid
Ulaanbaatar,PM2.5 - Principal,2022-06-15 08:00 PM,2022,06,15,20,9.2,38,Good,9.0,UG/M3,1 Hr,Valid
Ulaanbaatar,PM2.5 - Principal,2022-06-15 09:00 PM,2022,06,15,21,11.6,48,Good,14.0,UG/M3,1 Hr,Valid
Ulaanbaatar,PM2.5 - Principal,2022-06-15 10:00 PM,2022,06,15,22,17.3,62,Moderate,23.0,UG/M3,1 Hr,Valid
Ulaanbaatar,PM2.5 - Principal,2022-06-15 11:00 PM,2022,06,15,23,23.1,74,Moderate,29.0,UG/M3,1 Hr,Valid
Ulaanbaatar,PM2.5 - Principal,2022-06-16 12:00 AM,2022,06,16,00,32.5,94,Moderate,42.0,UG/M3,1 Hr,Valid
Ulaanbaatar,PM2.5 - Principal,2022-06-16 01:00 AM,2022,06,16,01,29.2,87,Moderate,26.0,UG/M3,1 Hr,Valid
Ulaanbaatar,PM2.5 - Principal,2022-06-16 02:00 AM,2022,06,16,02,27.1,83,Moderate,25.0,UG/M3,1 Hr,Valid
Ulaanbaatar,PM2.5 - Principal,2022-06-16 03:00 AM,2022,06,16,03,25.5,79,Moderate,24.0,UG/M3,1 Hr,Valid
Ulaanbaatar,PM2.5 - Principal,2022-06-16 04:00 AM,2022,06,16,04,20.7,69,Moderate,16.0,UG/M3,1 Hr,Valid
Ulaanbaatar,PM2.5 - Principal,2022-06-16 05:00 AM,2022,06,16,05,16.8,61,Moderate,13.0,UG/M3,1 Hr,Valid
Ulaanbaatar,PM2.5 - Principal,2022-06-16 06:00 AM,2022,06,16,06,14.4,56,Moderate,12.0,UG/M3,1 Hr,Valid
Ulaanbaatar,PM2.5 - Principal,2022-06-16 07:00 AM,2022,06,16,07,14.2,55,Moderate,14.0,UG/M3,1 Hr,Valid
Ulaanbaatar,PM2.5 - Principal,2022-06-16 08:00 AM,2022,06,16,08,14.6,56,Moderate,15.0,UG/M3,1 Hr,Valid
Ulaanbaatar,PM2.5 - Principal,2022-06-16 09:00 AM,2022,06,16,09,15.3,58,Moderate,16.0,UG/M3,1 Hr,Valid
Ulaanbaatar,PM2.5 - Principal,2022-06-16 10:00 AM,2022,06,16,10,16.1,59,Moderate,17.0,UG/M3,1 Hr,Valid
Ulaanbaatar,PM2.5 - Principal,2022-06-16 11:00 AM,2022,06,16,11,44.0,122,Unhealthy for Sensitive Groups,72.0,UG/M3,1 Hr,Valid
Ulaanbaatar,PM2.5 - Principal,2022-06-16 12:00 PM,2022,06,16,12,35.5,101,Unhealthy for Sensitive Groups,27.0,UG/M3,1 Hr,Valid
Ulaanbaatar,PM2.5 - Principal,2022-06-16 01:00 PM,2022,06,16,13,35.2,100,Moderate,35.0,UG/M3,1 Hr,Valid
Ulaanbaatar,PM2.5 - Principal,2022-06-16 02:00 PM,2022,06,16,14,30.1,89,Moderate,25.0,UG/M3,1 Hr,Valid
Ulaanbaatar,PM2.5 - Principal,2022-06-16 03:00 PM,2022,06,16,15,29.0,87,Moderate,28.0,UG/M3,1 Hr,Valid
Ulaanbaatar,PM2.5 - Principal,2022-06-16 04:00 PM,2022,06,16,16,29.0,87,Moderate,-999.0,UG/M3,1 Hr,Missing
Ulaanbaatar,PM2.5 - Principal,2022-06-16 05:00 PM,2022,06,16,17,30.3,89,Moderate,31.0,UG/M3,1 Hr,Valid
Ulaanbaatar,PM2.5 - Principal,2022-06-16 06:00 PM,2022,06,16,18,25.0,78,Moderate,21.0,UG/M3,1 Hr,Valid
Ulaanbaatar,PM2.5 - Principal,2022-06-16 07:00 PM,2022,06,16,19,25.0,78,Moderate,-999.0,UG/M3,1 Hr,Missing
Ulaanbaatar,PM2.5 - Principal,2022-06-17 02:00 PM,2022,06,17,14,-999.0,-999,N/A,30.0,UG/M3,1 Hr,Valid
Ulaanbaatar,PM2.5 - Principal,2022-06-17 03:00 PM,2022,06,17,15,25.3,79,Moderate,22.0,UG/M3,1 Hr,Valid
Ulaanbaatar,PM2.5 - Principal,2022-06-17 04:00 PM,2022,06,17,16,12.2,51,Moderate,3.0,UG/M3,1 Hr,Valid
Ulaanbaatar,PM2.5 - Principal,2022-06-17 05:00 PM,2022,06,17,17,39.3,110,Unhealthy for Sensitive Groups,63.0,UG/M3,1 Hr,Valid
Ulaanbaatar,PM2.5 - Principal,2022-06-17 06:00 PM,2022,06,17,18,76.8,162,Unhealthy,112.0,UG/M3,1 Hr,Valid
Ulaanbaatar,PM2.5 - Principal,2022-06-17 07:00 PM,2022,06,17,19,43.9,122,Unhealthy for Sensitive Groups,12.0,UG/M3,1 Hr,Valid
Ulaanbaatar,PM2.5 - Principal,2022-06-17 08:00 PM,2022,06,17,20,41.4,116,Unhealthy for Sensitive Groups,39.0,UG/M3,1 Hr,Valid
Ulaanbaatar,PM2.5 - Principal,2022-06-17 09:00 PM,2022,06,17,21,27.1,83,Moderate,13.0,UG/M3,1 Hr,Valid
Ulaanbaatar,PM2.5 - Principal,2022-06-17 10:00 PM,2022,06,17,22,21.5,71,Moderate,16.0,UG/M3,1 Hr,Valid
Ulaanbaatar,PM2.5 - Principal,2022-06-17 11:00 PM,2022,06,17,23,16.7,61,Moderate,12.0,UG/M3,1 Hr,Valid
Ulaanbaatar,PM2.5 - Principal,2022-06-18 12:00 AM,2022,06,18,00,24.8,78,Moderate,33.0,UG/M3,1 Hr,Valid
Ulaanbaatar,PM2.5 - Principal,2022-06-18 01:00 AM,2022,06,18,01,17.4,62,Moderate,10.0,UG/M3,1 Hr,Valid
Ulaanbaatar,PM2.5 - Principal,2022-06-18 02:00 AM,2022,06,18,02,13.2,53,Moderate,9.0,UG/M3,1 Hr,Valid
Ulaanbaatar,PM2.5 - Principal,2022-06-18 03:00 AM,2022,06,18,03,10.1,42,Good,7.0,UG/M3,1 Hr,Valid
Ulaanbaatar,PM2.5 - Principal,2022-06-18 04:00 AM,2022,06,18,04,7.5,31,Good,5.0,UG/M3,1 Hr,Valid
Ulaanbaatar,PM2.5 - Principal,2022-06-18 05:00 AM,2022,06,18,05,6.7,28,Good,6.0,UG/M3,1 Hr,Valid
Ulaanbaatar,PM2.5 - Principal,2022-06-18 06:00 AM,2022,06,18,06,14.8,57,Moderate,23.0,UG/M3,1 Hr,Valid
Ulaanbaatar,PM2.5 - Principal,2022-06-18 07:00 AM,2022,06,18,07,12.4,52,Moderate,10.0,UG/M3,1 Hr,Valid
Ulaanbaatar,PM2.5 - Principal,2022-06-18 08:00 AM,2022,06,18,08,9.2,38,Good,6.0,UG/M3,1 Hr,Valid
Ulaanbaatar,PM2.5 - Principal,2022-06-18 09:00 AM,2022,06,18,09,18.6,65,Moderate,28.0,UG/M3,1 Hr,Valid
Ulaanbaatar,PM2.5 - Principal,2022-06-18 10:00 AM,2022,06,18,10,21.3,70,Moderate,24.0,UG/M3,1 Hr,Valid
Ulaanbaatar,PM2.5 - Principal,2022-06-18 11:00 AM,2022,06,18,11,16.1,59,Moderate,11.0,UG/M3,1 Hr,Valid
Ulaanbaatar,PM2.5 - Principal,2022-06-18 12:00 PM,2022,06,18,12,26.0,80,Moderate,36.0,UG/M3,1 Hr,Valid
Ulaanbaatar,PM2.5 - Principal,2022-06-18 01:00 PM,2022,06,18,13,23.0,74,Moderate,20.0,UG/M3,1 Hr,Valid
Ulaanbaatar,PM2.5 - Principal,2022-06-18 02:00 PM,2022,06,18,14,17.5,62,Moderate,12.0,UG/M3,1 Hr,Valid
Ulaanbaatar,PM2.5 - Principal,2022-06-18 03:00 PM,2022,06,18,15,52.7,143,Unhealthy for Sensitive Groups,88.0,UG/M3,1 Hr,Valid
Ulaanbaatar,PM2.5 - Principal,2022-06-18 04:00 PM,2022,06,18,16,51.8,141,Unhealthy for Sensitive Groups,51.0,UG/M3,1 Hr,Valid
Ulaanbaatar,PM2.5 - Principal,2022-06-18 05:00 PM,2022,06,18,17,30.4,89,Moderate,9.0,UG/M3,1 Hr,Valid
Ulaanbaatar,PM2.5 - Principal,2022-06-18 06:00 PM,2022,06,18,18,33.7,96,Moderate,37.0,UG/M3,1 Hr,Valid
Ulaanbaatar,PM2.5 - Principal,2022-06-18 07:00 PM,2022,06,18,19,26.3,81,Moderate,19.0,UG/M3,1 Hr,Valid
Ulaanbaatar,PM2.5 - Principal,2022-06-18 08:00 PM,2022,06,18,20,18.1,64,Moderate,10.0,UG/M3,1 Hr,Valid
Ulaanbaatar,PM2.5 - Principal,2022-06-18 09:00 PM,2022,06,18,21,31.0,91,Moderate,44.0,UG/M3,1 Hr,Valid
Ulaanbaatar,PM2.5 - Principal,2022-06-18 10:00 PM,2022,06,18,22,21.5,71,Moderate,12.0,UG/M3,1 Hr,Valid
Ulaanbaatar,PM2.5 - Principal,2022-06-18 11:00 PM,2022,06,18,23,17.7,63,Moderate,14.0,UG/M3,1 Hr,Valid
Ulaanbaatar,PM2.5 - Principal,2022-06-19 12:00 AM,2022,06,19,00,15.8,59,Moderate,14.0,UG/M3,1 Hr,Valid
Ulaanbaatar,PM2.5 - Principal,2022-06-19 01:00 AM,2022,06,19,01,15.4,58,Moderate,15.0,UG/M3,1 Hr,Valid
Ulaanbaatar,PM2.5 - Principal,2022-06-19 02:00 AM,2022,06,19,02,16.7,61,Moderate,18.0,UG/M3,1 Hr,Valid
Ulaanbaatar,PM2.5 - Principal,2022-06-19 03:00 AM,2022,06,19,03,22.3,72,Moderate,28.0,UG/M3,1 Hr,Valid
Ulaanbaatar,PM2.5 - Principal,2022-06-19 04:00 AM,2022,06,19,04,40.1,112,Unhealthy for Sensitive Groups,58.0,UG/M3,1 Hr,Valid
Ulaanbaatar,PM2.5 - Principal,2022-06-19 05:00 AM,2022,06,19,05,22.0,72,Moderate,4.0,UG/M3,1 Hr,Valid
Ulaanbaatar,PM2.5 - Principal,2022-06-19 06:00 AM,2022,06,19,06,15.0,57,Moderate,8.0,UG/M3,1 Hr,Valid
Ulaanbaatar,PM2.5 - Principal,2022-06-19 07:00 AM,2022,06,19,07,12.5,52,Moderate,10.0,UG/M3,1 Hr,Valid
Ulaanbaatar,PM2.5 - Principal,2022-06-19 08:00 AM,2022,06,19,08,9.7,40,Good,7.0,UG/M3,1 Hr,Valid
Ulaanbaatar,PM2.5 - Principal,2022-06-19 09:00 AM,2022,06,19,09,17.3,62,Moderate,25.0,UG/M3,1 Hr,Valid
Ulaanbaatar,PM2.5 - Principal,2022-06-19 10:00 AM,2022,06,19,10,26.6,81,Moderate,36.0,UG/M3,1 Hr,Valid
Ulaanbaatar,PM2.5 - Principal,2022-06-19 11:00 AM,2022,06,19,11,17.3,62,Moderate,8.0,UG/M3,1 Hr,Valid
Ulaanbaatar,PM2.5 - Principal,2022-06-19 12:00 PM,2022,06,19,12,15.1,57,Moderate,13.0,UG/M3,1 Hr,Valid
Ulaanbaatar,PM2.5 - Principal,2022-06-19 01:00 PM,2022,06,19,13,12.0,50,Good,9.0,UG/M3,1 Hr,Valid
Ulaanbaatar,PM2.5 - Principal,2022-06-19 02:00 PM,2022,06,19,14,18.0,63,Moderate,24.0,UG/M3,1 Hr,Valid
Ulaanbaatar,PM2.5 - Principal,2022-06-19 03:00 PM,2022,06,19,15,20.0,68,Moderate,22.0,UG/M3,1 Hr,Valid
Ulaanbaatar,PM2.5 - Principal,2022-06-19 04:00 PM,2022,06,19,16,12.5,52,Moderate,5.0,UG/M3,1 Hr,Valid
Ulaanbaatar,PM2.5 - Principal,2022-06-19 05:00 PM,2022,06,19,17,8.7,36,Good,5.0,UG/M3,1 Hr,Valid
Ulaanbaatar,PM2.5 - Principal,2022-06-19 06:00 PM,2022,06,19,18,5.8,24,Good,3.0,UG/M3,1 Hr,Valid
Ulaanbaatar,PM2.5 - Principal,2022-06-19 07:00 PM,2022,06,19,19,5.4,23,Good,5.0,UG/M3,1 Hr,Valid
Ulaanbaatar,PM2.5 - Principal,2022-06-19 08:00 PM,2022,06,19,20,4.7,20,Good,4.0,UG/M3,1 Hr,Valid
Ulaanbaatar,PM2.5 - Principal,2022-06-19 09:00 PM,2022,06,19,21,4.3,18,Good,4.0,UG/M3,1 Hr,Valid
Ulaanbaatar,PM2.5 - Principal,2022-06-19 10:00 PM,2022,06,19,22,4.1,17,Good,4.0,UG/M3,1 Hr,Valid
Ulaanbaatar,PM2.5 - Principal,2022-06-19 11:00 PM,2022,06,19,23,5.0,21,Good,6.0,UG/M3,1 Hr,Valid
Ulaanbaatar,PM2.5 - Principal,2022-06-20 12:00 AM,2022,06,20,00,4.5,19,Good,4.0,UG/M3,1 Hr,Valid
Ulaanbaatar,PM2.5 - Principal,2022-06-20 01:00 AM,2022,06,20,01,3.7,15,Good,3.0,UG/M3,1 Hr,Valid
Ulaanbaatar,PM2.5 - Principal,2022-06-20 02:00 AM,2022,06,20,02,4.3,18,Good,5.0,UG/M3,1 Hr,Valid
Ulaanbaatar,PM2.5 - Principal,2022-06-20 03:00 AM,2022,06,20,03,3.6,15,Good,3.0,UG/M3,1 Hr,Valid
Ulaanbaatar,PM2.5 - Principal,2022-06-20 04:00 AM,2022,06,20,04,2.3,10,Good,1.0,UG/M3,1 Hr,Valid
Ulaanbaatar,PM2.5 - Principal,2022-06-20 05:00 AM,2022,06,20,05,1.6,7,Good,1.0,UG/M3,1 Hr,Valid
Ulaanbaatar,PM2.5 - Principal,2022-06-20 06:00 AM,2022,06,20,06,3.8,16,Good,6.0,UG/M3,1 Hr,Valid
Ulaanbaatar,PM2.5 - Principal,2022-06-20 07:00 AM,2022,06,20,07,3.9,16,Good,4.0,UG/M3,1 Hr,Valid
Ulaanbaatar,PM2.5 - Principal,2022-06-20 08:00 AM,2022,06,20,08,7.9,33,Good,12.0,UG/M3,1 Hr,Valid
Ulaanbaatar,PM2.5 - Principal,2022-06-20 09:00 AM,2022,06,20,09,11.9,50,Good,16.0,UG/M3,1 Hr,Valid
Ulaanbaatar,PM2.5 - Principal,2022-06-20 10:00 AM,2022,06,20,10,11.4,48,Good,11.0,UG/M3,1 Hr,Valid
Ulaanbaatar,PM2.5 - Principal,2022-06-20 11:00 AM,2022,06,20,11,13.7,54,Moderate,16.0,UG/M3,1 Hr,Valid
Ulaanbaatar,PM2.5 - Principal,2022-06-20 12:00 PM,2022,06,20,12,15.3,58,Moderate,17.0,UG/M3,1 Hr,Valid
Ulaanbaatar,PM2.5 - Principal,2022-06-20 01:00 PM,2022,06,20,13,14.1,55,Moderate,13.0,UG/M3,1 Hr,Valid
Ulaanbaatar,PM2.5 - Principal,2022-06-20 02:00 PM,2022,06,20,14,13.0,53,Moderate,12.0,UG/M3,1 Hr,Valid
Ulaanbaatar,PM2.5 - Principal,2022-06-20 03:00 PM,2022,06,20,15,10.0,42,Good,7.0,UG/M3,1 Hr,Valid
Ulaanbaatar,PM2.5 - Principal,2022-06-20 04:00 PM,2022,06,20,16,7.5,31,Good,5.0,UG/M3,1 Hr,Valid
Ulaanbaatar,PM2.5 - Principal,2022-06-20 05:00 PM,2022,06,20,17,10.2,43,Good,13.0,UG/M3,1 Hr,Valid
Ulaanbaatar,PM2.5 - Principal,2022-06-20 06:00 PM,2022,06,20,18,11.6,48,Good,13.0,UG/M3,1 Hr,Valid
Ulaanbaatar,PM2.5 - Principal,2022-06-20 07:00 PM,2022,06,20,19,11.8,49,Good,12.0,UG/M3,1 Hr,Valid
Ulaanbaatar,PM2.5 - Principal,2022-06-20 08:00 PM,2022,06,20,20,11.9,50,Good,12.0,UG/M3,1 Hr,Valid
Ulaanbaatar,PM2.5 - Principal,2022-06-20 09:00 PM,2022,06,20,21,22.4,73,Moderate,33.0,UG/M3,1 Hr,Valid
Ulaanbaatar,PM2.5 - Principal,2022-06-20 10:00 PM,2022,06,20,22,22.7,73,Moderate,23.0,UG/M3,1 Hr,Valid
Ulaanbaatar,PM2.5 - Principal,2022-06-20 11:00 PM,2022,06,20,23,28.3,85,Moderate,34.0,UG/M3,1 Hr,Valid
Ulaanbaatar,PM2.5 - Principal,2022-06-21 12:00 AM,2022,06,21,00,29.6,88,Moderate,31.0,UG/M3,1 Hr,Valid
Ulaanbaatar,PM2.5 - Principal,2022-06-21 01:00 AM,2022,06,21,01,27.3,83,Moderate,25.0,UG/M3,1 Hr,Valid
Ulaanbaatar,PM2.5 - Principal,2022-06-21 02:00 AM,2022,06,21,02,25.1,78,Moderate,23.0,UG/M3,1 Hr,Valid
Ulaanbaatar,PM2.5 - Principal,2022-06-21 03:00 AM,2022,06,21,03,21.5,71,Moderate,18.0,UG/M3,1 Hr,Valid
Ulaanbaatar,PM2.5 - Principal,2022-06-21 04:00 AM,2022,06,21,04,22.7,73,Moderate,24.0,UG/M3,1 Hr,Valid
Ulaanbaatar,PM2.5 - Principal,2022-06-21 05:00 AM,2022,06,21,05,20.3,68,Moderate,18.0,UG/M3,1 Hr,Valid
Ulaanbaatar,PM2.5 - Principal,2022-06-21 06:00 AM,2022,06,21,06,14.1,55,Moderate,8.0,UG/M3,1 Hr,Valid
Ulaanbaatar,PM2.5 - Principal,2022-06-21 07:00 AM,2022,06,21,07,12.0,50,Good,10.0,UG/M3,1 Hr,Valid
Ulaanbaatar,PM2.5 - Principal,2022-06-21 08:00 AM,2022,06,21,08,13.0,53,Moderate,14.0,UG/M3,1 Hr,Valid
Ulaanbaatar,PM2.5 - Principal,2022-06-21 09:00 AM,2022,06,21,09,15.5,58,Moderate,18.0,UG/M3,1 Hr,Valid
Ulaanbaatar,PM2.5 - Principal,2022-06-21 10:00 AM,2022,06,21,10,21.2,70,Moderate,27.0,UG/M3,1 Hr,Valid
Ulaanbaatar,PM2.5 - Principal,2022-06-21 11:00 AM,2022,06,21,11,22.1,72,Moderate,23.0,UG/M3,1 Hr,Valid
Ulaanbaatar,PM2.5 - Principal,2022-06-21 12:00 PM,2022,06,21,12,21.0,70,Moderate,20.0,UG/M3,1 Hr,Valid
Ulaanbaatar,PM2.5 - Principal,2022-06-21 01:00 PM,2022,06,21,13,13.0,53,Moderate,5.0,UG/M3,1 Hr,Valid
Ulaanbaatar,PM2.5 - Principal,2022-06-21 02:00 PM,2022,06,21,14,8.5,35,Good,4.0,UG/M3,1 Hr,Valid
Ulaanbaatar,PM2.5 - Principal,2022-06-21 03:00 PM,2022,06,21,15,4.7,20,Good,1.0,UG/M3,1 Hr,Valid
Ulaanbaatar,PM2.5 - Principal,2022-06-21 04:00 PM,2022,06,21,16,5.3,22,Good,6.0,UG/M3,1 Hr,Valid
Ulaanbaatar,PM2.5 - Principal,2022-06-21 05:00 PM,2022,06,21,17,5.1,21,Good,5.0,UG/M3,1 Hr,Valid
Ulaanbaatar,PM2.5 - Principal,2022-06-21 06:00 PM,2022,06,21,18,4.0,17,Good,3.0,UG/M3,1 Hr,Valid
Ulaanbaatar,PM2.5 - Principal,2022-06-21 07:00 PM,2022,06,21,19,4.0,17,Good,4.0,UG/M3,1 Hr,Valid
Ulaanbaatar,PM2.5 - Principal,2022-06-21 08:00 PM,2022,06,21,20,4.0,17,Good,4.0,UG/M3,1 Hr,Valid
Ulaanbaatar,PM2.5 - Principal,2022-06-21 09:00 PM,2022,06,21,21,5.5,23,Good,7.0,UG/M3,1 Hr,Valid
Ulaanbaatar,PM2.5 - Principal,2022-06-21 10:00 PM,2022,06,21,22,6.2,26,Good,7.0,UG/M3,1 Hr,Valid
Ulaanbaatar,PM2.5 - Principal,2022-06-21 11:00 PM,2022,06,21,23,16.1,59,Moderate,26.0,UG/M3,1 Hr,Valid
Ulaanbaatar,PM2.5 - Principal,2022-06-22 12:00 AM,2022,06,22,00,24.5,77,Moderate,33.0,UG/M3,1 Hr,Valid
Ulaanbaatar,PM2.5 - Principal,2022-06-22 01:00 AM,2022,06,22,01,20.7,69,Moderate,17.0,UG/M3,1 Hr,Valid
Ulaanbaatar,PM2.5 - Principal,2022-06-22 02:00 AM,2022,06,22,02,14.8,57,Moderate,9.0,UG/M3,1 Hr,Valid
Ulaanbaatar,PM2.5 - Principal,2022-06-22 03:00 AM,2022,06,22,03,12.9,53,Moderate,11.0,UG/M3,1 Hr,Valid
Ulaanbaatar,PM2.5 - Principal,2022-06-22 04:00 AM,2022,06,22,04,14.4,56,Moderate,16.0,UG/M3,1 Hr,Valid
Ulaanbaatar,PM2.5 - Principal,2022-06-22 05:00 AM,2022,06,22,05,10.7,45,Good,7.0,UG/M3,1 Hr,Valid
Ulaanbaatar,PM2.5 - Principal,2022-06-22 06:00 AM,2022,06,22,06,11.8,49,Good,13.0,UG/M3,1 Hr,Valid
Ulaanbaatar,PM2.5 - Principal,2022-06-22 07:00 AM,2022,06,22,07,12.4,52,Moderate,13.0,UG/M3,1 Hr,Valid
Ulaanbaatar,PM2.5 - Principal,2022-06-22 08:00 AM,2022,06,22,08,11.7,49,Good,11.0,UG/M3,1 Hr,Valid
Ulaanbaatar,PM2.5 - Principal,2022-06-22 09:00 AM,2022,06,22,09,14.3,56,Moderate,17.0,UG/M3,1 Hr,Valid
Ulaanbaatar,PM2.5 - Principal,2022-06-22 10:00 AM,2022,06,22,10,13.6,54,Moderate,13.0,UG/M3,1 Hr,Valid
Ulaanbaatar,PM2.5 - Principal,2022-06-22 11:00 AM,2022,06,22,11,17.3,62,Moderate,21.0,UG/M3,1 Hr,Valid
Ulaanbaatar,PM2.5 - Principal,2022-06-22 12:00 PM,2022,06,22,12,17.6,63,Moderate,18.0,UG/M3,1 Hr,Valid
Ulaanbaatar,PM2.5 - Principal,2022-06-22 01:00 PM,2022,06,22,13,23.3,75,Moderate,29.0,UG/M3,1 Hr,Valid
Ulaanbaatar,PM2.5 - Principal,2022-06-22 02:00 PM,2022,06,22,14,20.6,69,Moderate,18.0,UG/M3,1 Hr,Valid
Ulaanbaatar,PM2.5 - Principal,2022-06-22 03:00 PM,2022,06,22,15,21.8,71,Moderate,23.0,UG/M3,1 Hr,Valid
Ulaanbaatar,PM2.5 - Principal,2022-06-22 04:00 PM,2022,06,22,16,20.9,70,Moderate,20.0,UG/M3,1 Hr,Valid
Ulaanbaatar,PM2.5 - Principal,2022-06-22 05:00 PM,2022,06,22,17,21.4,71,Moderate,22.0,UG/M3,1 Hr,Valid
Ulaanbaatar,PM2.5 - Principal,2022-06-22 06:00 PM,2022,06,22,18,21.2,70,Moderate,21.0,UG/M3,1 Hr,Valid
Ulaanbaatar,PM2.5 - Principal,2022-06-22 07:00 PM,2022,06,22,19,27.1,83,Moderate,33.0,UG/M3,1 Hr,Valid
Ulaanbaatar,PM2.5 - Principal,2022-06-22 08:00 PM,2022,06,22,20,16.5,60,Moderate,6.0,UG/M3,1 Hr,Valid
Ulaanbaatar,PM2.5 - Principal,2022-06-22 09:00 PM,2022,06,22,21,12.2,51,Moderate,8.0,UG/M3,1 Hr,Valid
Ulaanbaatar,PM2.5 - Principal,2022-06-22 10:00 PM,2022,06,22,22,45.6,126,Unhealthy for Sensitive Groups,79.0,UG/M3,1 Hr,Valid
Ulaanbaatar,PM2.5 - Principal,2022-06-22 11:00 PM,2022,06,22,23,43.3,120,Unhealthy for Sensitive Groups,41.0,UG/M3,1 Hr,Valid
Ulaanbaatar,PM2.5 - Principal,2022-06-23 12:00 AM,2022,06,23,00,28.6,86,Moderate,14.0,UG/M3,1 Hr,Valid
Ulaanbaatar,PM2.5 - Principal,2022-06-23 01:00 AM,2022,06,23,01,30.8,90,Moderate,33.0,UG/M3,1 Hr,Valid
Ulaanbaatar,PM2.5 - Principal,2022-06-23 02:00 AM,2022,06,23,02,19.9,67,Moderate,9.0,UG/M3,1 Hr,Valid
Ulaanbaatar,PM2.5 - Principal,2022-06-23 03:00 AM,2022,06,23,03,13.9,55,Moderate,8.0,UG/M3,1 Hr,Valid
Ulaanbaatar,PM2.5 - Principal,2022-06-23 04:00 AM,2022,06,23,04,9.4,39,Good,5.0,UG/M3,1 Hr,Valid
Ulaanbaatar,PM2.5 - Principal,2022-06-23 05:00 AM,2022,06,23,05,7.2,30,Good,5.0,UG/M3,1 Hr,Valid
Ulaanbaatar,PM2.5 - Principal,2022-06-23 06:00 AM,2022,06,23,06,6.6,28,Good,6.0,UG/M3,1 Hr,Valid
Ulaanbaatar,PM2.5 - Principal,2022-06-23 07:00 AM,2022,06,23,07,6.8,28,Good,7.0,UG/M3,1 Hr,Valid
Ulaanbaatar,PM2.5 - Principal,2022-06-23 08:00 AM,2022,06,23,08,8.9,37,Good,11.0,UG/M3,1 Hr,Valid
Ulaanbaatar,PM2.5 - Principal,2022-06-23 09:00 AM,2022,06,23,09,16.9,61,Moderate,25.0,UG/M3,1 Hr,Valid
Ulaanbaatar,PM2.5 - Principal,2022-06-23 10:00 AM,2022,06,23,10,22.4,73,Moderate,28.0,UG/M3,1 Hr,Valid
Ulaanbaatar,PM2.5 - Principal,2022-06-23 11:00 AM,2022,06,23,11,16.7,61,Moderate,11.0,UG/M3,1 Hr,Valid
Ulaanbaatar,PM2.5 - Principal,2022-06-23 12:00 PM,2022,06,23,12,13.8,55,Moderate,11.0,UG/M3,1 Hr,Valid
Ulaanbaatar,PM2.5 - Principal,2022-06-23 01:00 PM,2022,06,23,13,10.4,43,Good,7.0,UG/M3,1 Hr,Valid
Ulaanbaatar,PM2.5 - Principal,2022-06-23 02:00 PM,2022,06,23,14,8.2,34,Good,6.0,UG/M3,1 Hr,Valid
Ulaanbaatar,PM2.5 - Principal,2022-06-23 03:00 PM,2022,06,23,15,7.6,32,Good,7.0,UG/M3,1 Hr,Valid
Ulaanbaatar,PM2.5 - Principal,2022-06-23 04:00 PM,2022,06,23,16,7.3,30,Good,7.0,UG/M3,1 Hr,Valid
Ulaanbaatar,PM2.5 - Principal,2022-06-23 05:00 PM,2022,06,23,17,9.1,38,Good,11.0,UG/M3,1 Hr,Valid
Ulaanbaatar,PM2.5 - Principal,2022-06-23 06:00 PM,2022,06,23,18,8.5,35,Good,8.0,UG/M3,1 Hr,Valid
Ulaanbaatar,PM2.5 - Principal,2022-06-23 07:00 PM,2022,06,23,19,8.7,36,Good,9.0,UG/M3,1 Hr,Valid
Ulaanbaatar,PM2.5 - Principal,2022-06-23 08:00 PM,2022,06,23,20,35.4,100,Moderate,62.0,UG/M3,1 Hr,Valid
Ulaanbaatar,PM2.5 - Principal,2022-06-23 09:00 PM,2022,06,23,21,21.6,71,Moderate,8.0,UG/M3,1 Hr,Valid
Ulaanbaatar,PM2.5 - Principal,2022-06-23 10:00 PM,2022,06,23,22,92.8,170,Unhealthy,164.0,UG/M3,1 Hr,Valid
Ulaanbaatar,PM2.5 - Principal,2022-06-23 11:00 PM,2022,06,23,23,72.4,160,Unhealthy,52.0,UG/M3,1 Hr,Valid
Ulaanbaatar,PM2.5 - Principal,2022-06-24 12:00 AM,2022,06,24,00,52.7,143,Unhealthy for Sensitive Groups,33.0,UG/M3,1 Hr,Valid
Ulaanbaatar,PM2.5 - Principal,2022-06-24 01:00 AM,2022,06,24,01,37.3,105,Unhealthy for Sensitive Groups,22.0,UG/M3,1 Hr,Valid
Ulaanbaatar,PM2.5 - Principal,2022-06-24 02:00 AM,2022,06,24,02,29.1,87,Moderate,21.0,UG/M3,1 Hr,Valid
Ulaanbaatar,PM2.5 - Principal,2022-06-24 03:00 AM,2022,06,24,03,21.5,71,Moderate,14.0,UG/M3,1 Hr,Valid
Ulaanbaatar,PM2.5 - Principal,2022-06-24 04:00 AM,2022,06,24,04,18.2,64,Moderate,15.0,UG/M3,1 Hr,Valid
Ulaanbaatar,PM2.5 - Principal,2022-06-24 05:00 AM,2022,06,24,05,17.6,63,Moderate,17.0,UG/M3,1 Hr,Valid
Ulaanbaatar,PM2.5 - Principal,2022-06-24 06:00 AM,2022,06,24,06,14.8,57,Moderate,12.0,UG/M3,1 Hr,Valid
Ulaanbaatar,PM2.5 - Principal,2022-06-24 07:00 AM,2022,06,24,07,13.4,54,Moderate,12.0,UG/M3,1 Hr,Valid
Ulaanbaatar,PM2.5 - Principal,2022-06-24 08:00 AM,2022,06,24,08,40.2,113,Unhealthy for Sensitive Groups,67.0,UG/M3,1 Hr,Valid
Ulaanbaatar,PM2.5 - Principal,2022-06-24 09:00 AM,2022,06,24,09,47.1,130,Unhealthy for Sensitive Groups,54.0,UG/M3,1 Hr,Valid
Ulaanbaatar,PM2.5 - Principal,2022-06-24 10:00 AM,2022,06,24,10,42.5,118,Unhealthy for Sensitive Groups,38.0,UG/M3,1 Hr,Valid
Ulaanbaatar,PM2.5 - Principal,2022-06-24 11:00 AM,2022,06,24,11,56.7,152,Unhealthy,71.0,UG/M3,1 Hr,Valid
Ulaanbaatar,PM2.5 - Principal,2022-06-24 12:00 PM,2022,06,24,12,55.3,150,Unhealthy for Sensitive Groups,54.0,UG/M3,1 Hr,Valid
Ulaanbaatar,PM2.5 - Principal,2022-06-24 01:00 PM,2022,06,24,13,107.7,178,Unhealthy,160.0,UG/M3,1 Hr,Valid
Ulaanbaatar,PM2.5 - Principal,2022-06-24 02:00 PM,2022,06,24,14,85.3,166,Unhealthy,63.0,UG/M3,1 Hr,Valid
Ulaanbaatar,PM2.5 - Principal,2022-06-24 03:00 PM,2022,06,24,15,51.1,139,Unhealthy for Sensitive Groups,17.0,UG/M3,1 Hr,Valid
Ulaanbaatar,PM2.5 - Principal,2022-06-24 04:00 PM,2022,06,24,16,34.0,97,Moderate,17.0,UG/M3,1 Hr,Valid
Ulaanbaatar,PM2.5 - Principal,2022-06-24 05:00 PM,2022,06,24,17,22.0,72,Moderate,10.0,UG/M3,1 Hr,Valid
Ulaanbaatar,PM2.5 - Principal,2022-06-24 06:00 PM,2022,06,24,18,18.5,64,Moderate,15.0,UG/M3,1 Hr,Valid
Ulaanbaatar,PM2.5 - Principal,2022-06-24 07:00 PM,2022,06,24,19,14.7,56,Moderate,11.0,UG/M3,1 Hr,Valid
Ulaanbaatar,PM2.5 - Principal,2022-06-24 08:00 PM,2022,06,24,20,13.3,54,Moderate,12.0,UG/M3,1 Hr,Valid
Ulaanbaatar,PM2.5 - Principal,2022-06-24 09:00 PM,2022,06,24,21,23.6,75,Moderate,34.0,UG/M3,1 Hr,Valid
Ulaanbaatar,PM2.5 - Principal,2022-06-24 10:00 PM,2022,06,24,22,33.3,96,Moderate,43.0,UG/M3,1 Hr,Valid
Ulaanbaatar,PM2.5 - Principal,2022-06-24 11:00 PM,2022,06,24,23,37.6,106,Unhealthy for Sensitive Groups,42.0,UG/M3,1 Hr,Valid
Ulaanbaatar,PM2.5 - Principal,2022-06-25 12:00 AM,2022,06,25,00,37.3,105,Unhealthy for Sensitive Groups,37.0,UG/M3,1 Hr,Valid
Ulaanbaatar,PM2.5 - Principal,2022-06-25 01:00 AM,2022,06,25,01,33.6,96,Moderate,30.0,UG/M3,1 Hr,Valid
Ulaanbaatar,PM2.5 - Principal,2022-06-25 02:00 AM,2022,06,25,02,32.8,95,Moderate,32.0,UG/M3,1 Hr,Valid
Ulaanbaatar,PM2.5 - Principal,2022-06-25 03:00 AM,2022,06,25,03,27.4,83,Moderate,22.0,UG/M3,1 Hr,Valid
Ulaanbaatar,PM2.5 - Principal,2022-06-25 04:00 AM,2022,06,25,04,26.7,82,Moderate,26.0,UG/M3,1 Hr,Valid
Ulaanbaatar,PM2.5 - Principal,2022-06-25 05:00 AM,2022,06,25,05,21.3,70,Moderate,16.0,UG/M3,1 Hr,Valid
Ulaanbaatar,PM2.5 - Principal,2022-06-25 06:00 AM,2022,06,25,06,13.1,53,Moderate,5.0,UG/M3,1 Hr,Valid
Ulaanbaatar,PM2.5 - Principal,2022-06-25 07:00 AM,2022,06,25,07,13.0,53,Moderate,13.0,UG/M3,1 Hr,Valid
Ulaanbaatar,PM2.5 - Principal,2022-06-25 08:00 AM,2022,06,25,08,11.0,46,Good,9.0,UG/M3,1 Hr,Valid
Ulaanbaatar,PM2.5 - Principal,2022-06-25 09:00 AM,2022,06,25,09,17.5,62,Moderate,24.0,UG/M3,1 Hr,Valid
Ulaanbaatar,PM2.5 - Principal,2022-06-25 10:00 AM,2022,06,25,10,15.7,59,Moderate,14.0,UG/M3,1 Hr,Valid
Ulaanbaatar,PM2.5 - Principal,2022-06-25 11:00 AM,2022,06,25,11,12.3,51,Moderate,9.0,UG/M3,1 Hr,Valid
Ulaanbaatar,PM2.5 - Principal,2022-06-25 12:00 PM,2022,06,25,12,9.6,40,Good,7.0,UG/M3,1 Hr,Valid
Ulaanbaatar,PM2.5 - Principal,2022-06-25 01:00 PM,2022,06,25,13,8.3,35,Good,7.0,UG/M3,1 Hr,Valid
Ulaanbaatar,PM2.5 - Principal,2022-06-25 02:00 PM,2022,06,25,14,9.6,40,Good,11.0,UG/M3,1 Hr,Valid
Ulaanbaatar,PM2.5 - Principal,2022-06-25 03:00 PM,2022,06,25,15,8.8,37,Good,8.0,UG/M3,1 Hr,Valid
Ulaanbaatar,PM2.5 - Principal,2022-06-25 04:00 PM,2022,06,25,16,7.4,31,Good,6.0,UG/M3,1 Hr,Valid
Ulaanbaatar,PM2.5 - Principal,2022-06-25 05:00 PM,2022,06,25,17,8.2,34,Good,9.0,UG/M3,1 Hr,Valid
Ulaanbaatar,PM2.5 - Principal,2022-06-25 06:00 PM,2022,06,25,18,8.1,34,Good,8.0,UG/M3,1 Hr,Valid
Ulaanbaatar,PM2.5 - Principal,2022-06-25 07:00 PM,2022,06,25,19,9.5,40,Good,11.0,UG/M3,1 Hr,Valid
Ulaanbaatar,PM2.5 - Principal,2022-06-25 08:00 PM,2022,06,25,20,10.7,45,Good,12.0,UG/M3,1 Hr,Valid
Ulaanbaatar,PM2.5 - Principal,2022-06-25 09:00 PM,2022,06,25,21,11.8,49,Good,13.0,UG/M3,1 Hr,Valid
Ulaanbaatar,PM2.5 - Principal,2022-06-25 10:00 PM,2022,06,25,22,38.4,108,Unhealthy for Sensitive Groups,65.0,UG/M3,1 Hr,Valid
Ulaanbaatar,PM2.5 - Principal,2022-06-25 11:00 PM,2022,06,25,23,51.7,141,Unhealthy for Sensitive Groups,65.0,UG/M3,1 Hr,Valid
Ulaanbaatar,PM2.5 - Principal,2022-06-26 12:00 AM,2022,06,26,00,37.3,105,Unhealthy for Sensitive Groups,23.0,UG/M3,1 Hr,Valid
Ulaanbaatar,PM2.5 - Principal,2022-06-26 01:00 AM,2022,06,26,01,25.1,78,Moderate,13.0,UG/M3,1 Hr,Valid
Ulaanbaatar,PM2.5 - Principal,2022-06-26 02:00 AM,2022,06,26,02,19.5,67,Moderate,14.0,UG/M3,1 Hr,Valid
Ulaanbaatar,PM2.5 - Principal,2022-06-26 03:00 AM,2022,06,26,03,14.2,55,Moderate,9.0,UG/M3,1 Hr,Valid
Ulaanbaatar,PM2.5 - Principal,2022-06-26 04:00 AM,2022,06,26,04,9.6,40,Good,5.0,UG/M3,1 Hr,Valid
Ulaanbaatar,PM2.5 - Principal,2022-06-26 05:00 AM,2022,06,26,05,7.3,30,Good,5.0,UG/M3,1 Hr,Valid
Ulaanbaatar,PM2.5 - Principal,2022-06-26 06:00 AM,2022,06,26,06,6.6,28,Good,6.0,UG/M3,1 Hr,Valid
Ulaanbaatar,PM2.5 - Principal,2022-06-26 07:00 AM,2022,06,26,07,5.8,24,Good,5.0,UG/M3,1 Hr,Valid
Ulaanbaatar,PM2.5 - Principal,2022-06-26 08:00 AM,2022,06,26,08,5.9,25,Good,6.0,UG/M3,1 Hr,Valid
Ulaanbaatar,PM2.5 - Principal,2022-06-26 09:00 AM,2022,06,26,09,5.4,23,Good,5.0,UG/M3,1 Hr,Valid
Ulaanbaatar,PM2.5 - Principal,2022-06-26 10:00 AM,2022,06,26,10,10.2,43,Good,15.0,UG/M3,1 Hr,Valid
Ulaanbaatar,PM2.5 - Principal,2022-06-26 11:00 AM,2022,06,26,11,22.6,73,Moderate,35.0,UG/M3,1 Hr,Valid
Ulaanbaatar,PM2.5 - Principal,2022-06-26 12:00 PM,2022,06,26,12,38.3,108,Unhealthy for Sensitive Groups,54.0,UG/M3,1 Hr,Valid
Ulaanbaatar,PM2.5 - Principal,2022-06-26 01:00 PM,2022,06,26,13,40.6,114,Unhealthy for Sensitive Groups,43.0,UG/M3,1 Hr,Valid
Ulaanbaatar,PM2.5 - Principal,2022-06-26 02:00 PM,2022,06,26,14,37.3,105,Unhealthy for Sensitive Groups,34.0,UG/M3,1 Hr,Valid
Ulaanbaatar,PM2.5 - Principal,2022-06-26 03:00 PM,2022,06,26,15,53.1,144,Unhealthy for Sensitive Groups,69.0,UG/M3,1 Hr,Valid
Ulaanbaatar,PM2.5 - Principal,2022-06-26 04:00 PM,2022,06,26,16,51.5,140,Unhealthy for Sensitive Groups,50.0,UG/M3,1 Hr,Valid
Ulaanbaatar,PM2.5 - Principal,2022-06-26 05:00 PM,2022,06,26,17,64.8,156,Unhealthy,78.0,UG/M3,1 Hr,Valid
Ulaanbaatar,PM2.5 - Principal,2022-06-26 06:00 PM,2022,06,26,18,60.9,154,Unhealthy,57.0,UG/M3,1 Hr,Valid
Ulaanbaatar,PM2.5 - Principal,2022-06-26 07:00 PM,2022,06,26,19,35.4,100,Moderate,10.0,UG/M3,1 Hr,Valid
Ulaanbaatar,PM2.5 - Principal,2022-06-26 08:00 PM,2022,06,26,20,26.7,82,Moderate,18.0,UG/M3,1 Hr,Valid
Ulaanbaatar,PM2.5 - Principal,2022-06-26 09:00 PM,2022,06,26,21,26.8,82,Moderate,27.0,UG/M3,1 Hr,Valid
Ulaanbaatar,PM2.5 - Principal,2022-06-26 10:00 PM,2022,06,26,22,28.9,86,Moderate,31.0,UG/M3,1 Hr,Valid
Ulaanbaatar,PM2.5 - Principal,2022-06-26 11:00 PM,2022,06,26,23,29.9,88,Moderate,31.0,UG/M3,1 Hr,Valid
Ulaanbaatar,PM2.5 - Principal,2022-06-27 12:00 AM,2022,06,27,00,23.9,76,Moderate,18.0,UG/M3,1 Hr,Valid
Ulaanbaatar,PM2.5 - Principal,2022-06-27 01:00 AM,2022,06,27,01,21.9,72,Moderate,20.0,UG/M3,1 Hr,Valid
Ulaanbaatar,PM2.5 - Principal,2022-06-27 02:00 AM,2022,06,27,02,17.9,63,Moderate,14.0,UG/M3,1 Hr,Valid
Ulaanbaatar,PM2.5 - Principal,2022-06-27 03:00 AM,2022,06,27,03,14.4,56,Moderate,11.0,UG/M3,1 Hr,Valid
Ulaanbaatar,PM2.5 - Principal,2022-06-27 04:00 AM,2022,06,27,04,12.2,51,Moderate,10.0,UG/M3,1 Hr,Valid
Ulaanbaatar,PM2.5 - Principal,2022-06-27 05:00 AM,2022,06,27,05,10.1,42,Good,8.0,UG/M3,1 Hr,Valid
Ulaanbaatar,PM2.5 - Principal,2022-06-27 06:00 AM,2022,06,27,06,8.0,33,Good,6.0,UG/M3,1 Hr,Valid
Ulaanbaatar,PM2.5 - Principal,2022-06-27 07:00 AM,2022,06,27,07,11.0,46,Good,14.0,UG/M3,1 Hr,Valid
Ulaanbaatar,PM2.5 - Principal,2022-06-27 08:00 AM,2022,06,27,08,13.0,53,Moderate,15.0,UG/M3,1 Hr,Valid
Ulaanbaatar,PM2.5 - Principal,2022-06-27 09:00 AM,2022,06,27,09,17.5,62,Moderate,22.0,UG/M3,1 Hr,Valid
Ulaanbaatar,PM2.5 - Principal,2022-06-27 10:00 AM,2022,06,27,10,18.7,65,Moderate,20.0,UG/M3,1 Hr,Valid
Ulaanbaatar,PM2.5 - Principal,2022-06-27 11:00 AM,2022,06,27,11,13.8,55,Moderate,9.0,UG/M3,1 Hr,Valid
Ulaanbaatar,PM2.5 - Principal,2022-06-27 12:00 PM,2022,06,27,12,11.4,48,Good,9.0,UG/M3,1 Hr,Valid
Ulaanbaatar,PM2.5 - Principal,2022-06-27 01:00 PM,2022,06,27,13,11.2,47,Good,11.0,UG/M3,1 Hr,Valid
Ulaanbaatar,PM2.5 - Principal,2022-06-27 02:00 PM,2022,06,27,14,11.6,48,Good,12.0,UG/M3,1 Hr,Valid
Ulaanbaatar,PM2.5 - Principal,2022-06-27 03:00 PM,2022,06,27,15,11.3,47,Good,11.0,UG/M3,1 Hr,Valid
Ulaanbaatar,PM2.5 - Principal,2022-06-27 04:00 PM,2022,06,27,16,9.1,38,Good,7.0,UG/M3,1 Hr,Valid
Ulaanbaatar,PM2.5 - Principal,2022-06-27 05:00 PM,2022,06,27,17,9.0,38,Good,9.0,UG/M3,1 Hr,Valid
Ulaanbaatar,PM2.5 - Principal,2022-06-27 06:00 PM,2022,06,27,18,8.0,33,Good,7.0,UG/M3,1 Hr,Valid
Ulaanbaatar,PM2.5 - Principal,2022-06-27 07:00 PM,2022,06,27,19,9.0,38,Good,10.0,UG/M3,1 Hr,Valid
Ulaanbaatar,PM2.5 - Principal,2022-06-27 08:00 PM,2022,06,27,20,18.0,63,Moderate,27.0,UG/M3,1 Hr,Valid
Ulaanbaatar,PM2.5 - Principal,2022-06-27 09:00 PM,2022,06,27,21,24.0,76,Moderate,30.0,UG/M3,1 Hr,Valid
Ulaanbaatar,PM2.5 - Principal,2022-06-27 10:00 PM,2022,06,27,22,17.5,62,Moderate,11.0,UG/M3,1 Hr,Valid
Ulaanbaatar,PM2.5 - Principal,2022-06-27 11:00 PM,2022,06,27,23,13.2,53,Moderate,9.0,UG/M3,1 Hr,Valid
Ulaanbaatar,PM2.5 - Principal,2022-06-28 12:00 AM,2022,06,28,00,12.1,51,Moderate,11.0,UG/M3,1 Hr,Valid
Ulaanbaatar,PM2.5 - Principal,2022-06-28 01:00 AM,2022,06,28,01,18.5,64,Moderate,25.0,UG/M3,1 Hr,Valid
Ulaanbaatar,PM2.5 - Principal,2022-06-28 02:00 AM,2022,06,28,02,20.7,69,Moderate,23.0,UG/M3,1 Hr,Valid
Ulaanbaatar,PM2.5 - Principal,2022-06-28 03:00 AM,2022,06,28,03,17.8,63,Moderate,15.0,UG/M3,1 Hr,Valid
Ulaanbaatar,PM2.5 - Principal,2022-06-28 04:00 AM,2022,06,28,04,13.9,55,Moderate,10.0,UG/M3,1 Hr,Valid
Ulaanbaatar,PM2.5 - Principal,2022-06-28 05:00 AM,2022,06,28,05,11.9,50,Good,10.0,UG/M3,1 Hr,Valid
Ulaanbaatar,PM2.5 - Principal,2022-06-28 06:00 AM,2022,06,28,06,12.9,53,Moderate,14.0,UG/M3,1 Hr,Valid
Ulaanbaatar,PM2.5 - Principal,2022-06-28 07:00 AM,2022,06,28,07,13.4,54,Moderate,14.0,UG/M3,1 Hr,Valid
Ulaanbaatar,PM2.5 - Principal,2022-06-28 08:00 AM,2022,06,28,08,21.2,70,Moderate,29.0,UG/M3,1 Hr,Valid
Ulaanbaatar,PM2.5 - Principal,2022-06-28 09:00 AM,2022,06,28,09,29.1,87,Moderate,37.0,UG/M3,1 Hr,Valid
Ulaanbaatar,PM2.5 - Principal,2022-06-28 10:00 AM,2022,06,28,10,42.5,118,Unhealthy for Sensitive Groups,56.0,UG/M3,1 Hr,Valid
Ulaanbaatar,PM2.5 - Principal,2022-06-28 11:00 AM,2022,06,28,11,53.7,146,Unhealthy for Sensitive Groups,65.0,UG/M3,1 Hr,Valid
Ulaanbaatar,PM2.5 - Principal,2022-06-28 12:00 PM,2022,06,28,12,39.8,112,Unhealthy for Sensitive Groups,26.0,UG/M3,1 Hr,Valid
Ulaanbaatar,PM2.5 - Principal,2022-06-28 01:00 PM,2022,06,28,13,26.9,82,Moderate,14.0,UG/M3,1 Hr,Valid
Ulaanbaatar,PM2.5 - Principal,2022-06-28 02:00 PM,2022,06,28,14,20.9,70,Moderate,15.0,UG/M3,1 Hr,Valid
Ulaanbaatar,PM2.5 - Principal,2022-06-28 03:00 PM,2022,06,28,15,18.9,65,Moderate,17.0,UG/M3,1 Hr,Valid
Ulaanbaatar,PM2.5 - Principal,2022-06-28 04:00 PM,2022,06,28,16,13.4,54,Moderate,8.0,UG/M3,1 Hr,Valid
Ulaanbaatar,PM2.5 - Principal,2022-06-28 05:00 PM,2022,06,28,17,37.2,105,Unhealthy for Sensitive Groups,61.0,UG/M3,1 Hr,Valid
Ulaanbaatar,PM2.5 - Principal,2022-06-28 06:00 PM,2022,06,28,18,48.1,132,Unhealthy for Sensitive Groups,59.0,UG/M3,1 Hr,Valid
Ulaanbaatar,PM2.5 - Principal,2022-06-28 07:00 PM,2022,06,28,19,53.5,145,Unhealthy for Sensitive Groups,59.0,UG/M3,1 Hr,Valid
Ulaanbaatar,PM2.5 - Principal,2022-06-28 08:00 PM,2022,06,28,20,57.2,152,Unhealthy,61.0,UG/M3,1 Hr,Valid
Ulaanbaatar,PM2.5 - Principal,2022-06-28 09:00 PM,2022,06,28,21,55.1,149,Unhealthy for Sensitive Groups,53.0,UG/M3,1 Hr,Valid
Ulaanbaatar,PM2.5 - Principal,2022-06-28 10:00 PM,2022,06,28,22,60.5,154,Unhealthy,66.0,UG/M3,1 Hr,Valid
Ulaanbaatar,PM2.5 - Principal,2022-06-28 11:00 PM,2022,06,28,23,49.2,135,Unhealthy for Sensitive Groups,38.0,UG/M3,1 Hr,Valid
Ulaanbaatar,PM2.5 - Principal,2022-06-29 12:00 AM,2022,06,29,00,48.1,132,Unhealthy for Sensitive Groups,47.0,UG/M3,1 Hr,Valid
Ulaanbaatar,PM2.5 - Principal,2022-06-29 01:00 AM,2022,06,29,01,48.5,133,Unhealthy for Sensitive Groups,49.0,UG/M3,1 Hr,Valid
Ulaanbaatar,PM2.5 - Principal,2022-06-29 02:00 AM,2022,06,29,02,41.7,116,Unhealthy for Sensitive Groups,35.0,UG/M3,1 Hr,Valid
Ulaanbaatar,PM2.5 - Principal,2022-06-29 03:00 AM,2022,06,29,03,33.8,97,Moderate,26.0,UG/M3,1 Hr,Valid
Ulaanbaatar,PM2.5 - Principal,2022-06-29 04:00 AM,2022,06,29,04,28.9,86,Moderate,24.0,UG/M3,1 Hr,Valid
Ulaanbaatar,PM2.5 - Principal,2022-06-29 05:00 AM,2022,06,29,05,19.4,66,Moderate,10.0,UG/M3,1 Hr,Valid
Ulaanbaatar,PM2.5 - Principal,2022-06-29 06:00 AM,2022,06,29,06,16.7,61,Moderate,14.0,UG/M3,1 Hr,Valid
Ulaanbaatar,PM2.5 - Principal,2022-06-29 07:00 AM,2022,06,29,07,17.8,63,Moderate,19.0,UG/M3,1 Hr,Valid
Ulaanbaatar,PM2.5 - Principal,2022-06-29 08:00 AM,2022,06,29,08,21.4,71,Moderate,25.0,UG/M3,1 Hr,Valid
Ulaanbaatar,PM2.5 - Principal,2022-06-29 09:00 AM,2022,06,29,09,31.7,92,Moderate,42.0,UG/M3,1 Hr,Valid
Ulaanbaatar,PM2.5 - Principal,2022-06-29 10:00 AM,2022,06,29,10,39.3,110,Unhealthy for Sensitive Groups,47.0,UG/M3,1 Hr,Valid
Ulaanbaatar,PM2.5 - Principal,2022-06-29 11:00 AM,2022,06,29,11,48.1,132,Unhealthy for Sensitive Groups,57.0,UG/M3,1 Hr,Valid
Ulaanbaatar,PM2.5 - Principal,2022-06-29 12:00 PM,2022,06,29,12,55.5,151,Unhealthy,63.0,UG/M3,1 Hr,Valid
Ulaanbaatar,PM2.5 - Principal,2022-06-29 01:00 PM,2022,06,29,13,49.2,135,Unhealthy for Sensitive Groups,43.0,UG/M3,1 Hr,Valid
Ulaanbaatar,PM2.5 - Principal,2022-06-29 02:00 PM,2022,06,29,14,51.1,139,Unhealthy for Sensitive Groups,53.0,UG/M3,1 Hr,Valid
Ulaanbaatar,PM2.5 - Principal,2022-06-29 03:00 PM,2022,06,29,15,54.0,147,Unhealthy for Sensitive Groups,57.0,UG/M3,1 Hr,Valid
Ulaanbaatar,PM2.5 - Principal,2022-06-29 04:00 PM,2022,06,29,16,58.5,153,Unhealthy,63.0,UG/M3,1 Hr,Valid
Ulaanbaatar,PM2.5 - Principal,2022-06-29 05:00 PM,2022,06,29,17,53.7,146,Unhealthy for Sensitive Groups,49.0,UG/M3,1 Hr,Valid
Ulaanbaatar,PM2.5 - Principal,2022-06-29 06:00 PM,2022,06,29,18,53.7,146,Unhealthy for Sensitive Groups,-999.0,UG/M3,1 Hr,Missing
Ulaanbaatar,PM2.5 - Principal,2022-06-30 01:00 PM,2022,06,30,13,-999.0,-999,N/A,20.0,UG/M3,1 Hr,Valid
Ulaanbaatar,PM2.5 - Principal,2022-06-30 07:00 PM,2022,06,30,19,-999.0,-999,N/A,7.0,UG/M3,1 Hr,Valid
Ulaanbaatar,PM2.5 - Principal,2022-06-30 08:00 PM,2022,06,30,20,9.0,38,Good,10.0,UG/M3,1 Hr,Valid
Ulaanbaatar,PM2.5 - Principal,2022-06-30 09:00 PM,2022,06,30,21,15.8,59,Moderate,21.0,UG/M3,1 Hr,Valid
Ulaanbaatar,PM2.5 - Principal,2022-06-30 10:00 PM,2022,06,30,22,14.3,56,Moderate,13.0,UG/M3,1 Hr,Valid
Ulaanbaatar,PM2.5 - Principal,2022-06-30 11:00 PM,2022,06,30,23,13.1,53,Moderate,12.0,UG/M3,1 Hr,Valid
Ulaanbaatar,PM2.5 - Principal,2022-07-01 12:00 AM,2022,07,01,00,14.0,55,Moderate,15.0,UG/M3,1 Hr,Valid
Ulaanbaatar,PM2.5 - Principal,2022-07-01 01:00 AM,2022,07,01,01,16.5,60,Moderate,19.0,UG/M3,1 Hr,Valid
Ulaanbaatar,PM2.5 - Principal,2022-07-01 02:00 AM,2022,07,01,02,16.2,60,Moderate,16.0,UG/M3,1 Hr,Valid
Ulaanbaatar,PM2.5 - Principal,2022-07-01 03:00 AM,2022,07,01,03,12.6,52,Moderate,9.0,UG/M3,1 Hr,Valid
Ulaanbaatar,PM2.5 - Principal,2022-07-01 04:00 AM,2022,07,01,04,9.3,39,Good,6.0,UG/M3,1 Hr,Valid
Ulaanbaatar,PM2.5 - Principal,2022-07-01 05:00 AM,2022,07,01,05,7.6,32,Good,6.0,UG/M3,1 Hr,Valid
Ulaanbaatar,PM2.5 - Principal,2022-07-01 06:00 AM,2022,07,01,06,8.8,37,Good,10.0,UG/M3,1 Hr,Valid
Ulaanbaatar,PM2.5 - Principal,2022-07-01 07:00 AM,2022,07,01,07,9.4,39,Good,10.0,UG/M3,1 Hr,Valid
Ulaanbaatar,PM2.5 - Principal,2022-07-01 08:00 AM,2022,07,01,08,11.2,47,Good,13.0,UG/M3,1 Hr,Valid
Ulaanbaatar,PM2.5 - Principal,2022-07-01 09:00 AM,2022,07,01,09,34.6,98,Moderate,58.0,UG/M3,1 Hr,Valid
Ulaanbaatar,PM2.5 - Principal,2022-07-01 10:00 AM,2022,07,01,10,41.3,115,Unhealthy for Sensitive Groups,48.0,UG/M3,1 Hr,Valid
Ulaanbaatar,PM2.5 - Principal,2022-07-01 11:00 AM,2022,07,01,11,45.6,126,Unhealthy for Sensitive Groups,50.0,UG/M3,1 Hr,Valid
Ulaanbaatar,PM2.5 - Principal,2022-07-01 12:00 PM,2022,07,01,12,44.3,123,Unhealthy for Sensitive Groups,43.0,UG/M3,1 Hr,Valid
Ulaanbaatar,PM2.5 - Principal,2022-07-01 01:00 PM,2022,07,01,13,38.6,109,Unhealthy for Sensitive Groups,33.0,UG/M3,1 Hr,Valid
Ulaanbaatar,PM2.5 - Principal,2022-07-01 02:00 PM,2022,07,01,14,21.8,71,Moderate,5.0,UG/M3,1 Hr,Valid
Ulaanbaatar,PM2.5 - Principal,2022-07-01 03:00 PM,2022,07,01,15,21.9,72,Moderate,22.0,UG/M3,1 Hr,Valid
Ulaanbaatar,PM2.5 - Principal,2022-07-01 04:00 PM,2022,07,01,16,18.9,65,Moderate,16.0,UG/M3,1 Hr,Valid
Ulaanbaatar,PM2.5 - Principal,2022-07-01 05:00 PM,2022,07,01,17,38.9,109,Unhealthy for Sensitive Groups,59.0,UG/M3,1 Hr,Valid
Ulaanbaatar,PM2.5 - Principal,2022-07-01 06:00 PM,2022,07,01,18,41.4,116,Unhealthy for Sensitive Groups,44.0,UG/M3,1 Hr,Valid
Ulaanbaatar,PM2.5 - Principal,2022-07-01 07:00 PM,2022,07,01,19,43.2,120,Unhealthy for Sensitive Groups,45.0,UG/M3,1 Hr,Valid
Ulaanbaatar,PM2.5 - Principal,2022-07-01 08:00 PM,2022,07,01,20,49.1,134,Unhealthy for Sensitive Groups,55.0,UG/M3,1 Hr,Valid
Ulaanbaatar,PM2.5 - Principal,2022-07-01 09:00 PM,2022,07,01,21,38.5,108,Unhealthy for Sensitive Groups,28.0,UG/M3,1 Hr,Valid
Ulaanbaatar,PM2.5 - Principal,2022-07-01 10:00 PM,2022,07,01,22,28.2,85,Moderate,18.0,UG/M3,1 Hr,Valid
Ulaanbaatar,PM2.5 - Principal,2022-07-01 11:00 PM,2022,07,01,23,20.6,69,Moderate,13.0,UG/M3,1 Hr,Valid
Ulaanbaatar,PM2.5 - Principal,2022-07-02 12:00 AM,2022,07,02,00,27.3,83,Moderate,34.0,UG/M3,1 Hr,Valid
Ulaanbaatar,PM2.5 - Principal,2022-07-02 01:00 AM,2022,07,02,01,33.1,95,Moderate,39.0,UG/M3,1 Hr,Valid
Ulaanbaatar,PM2.5 - Principal,2022-07-02 02:00 AM,2022,07,02,02,33.0,95,Moderate,33.0,UG/M3,1 Hr,Valid
Ulaanbaatar,PM2.5 - Principal,2022-07-02 03:00 AM,2022,07,02,03,29.5,88,Moderate,26.0,UG/M3,1 Hr,Valid
Ulaanbaatar,PM2.5 - Principal,2022-07-02 04:00 AM,2022,07,02,04,24.7,77,Moderate,20.0,UG/M3,1 Hr,Valid
Ulaanbaatar,PM2.5 - Principal,2022-07-02 05:00 AM,2022,07,02,05,19.8,67,Moderate,15.0,UG/M3,1 Hr,Valid
Ulaanbaatar,PM2.5 - Principal,2022-07-02 06:00 AM,2022,07,02,06,15.4,58,Moderate,11.0,UG/M3,1 Hr,Valid
Ulaanbaatar,PM2.5 - Principal,2022-07-02 07:00 AM,2022,07,02,07,15.7,59,Moderate,16.0,UG/M3,1 Hr,Valid
Ulaanbaatar,PM2.5 - Principal,2022-07-02 08:00 AM,2022,07,02,08,15.3,58,Moderate,15.0,UG/M3,1 Hr,Valid
Ulaanbaatar,PM2.5 - Principal,2022-07-02 09:00 AM,2022,07,02,09,24.1,76,Moderate,33.0,UG/M3,1 Hr,Valid
Ulaanbaatar,PM2.5 - Principal,2022-07-02 10:00 AM,2022,07,02,10,35.0,99,Moderate,46.0,UG/M3,1 Hr,Valid
Ulaanbaatar,PM2.5 - Principal,2022-07-02 11:00 AM,2022,07,02,11,39.0,110,Unhealthy for Sensitive Groups,43.0,UG/M3,1 Hr,Valid
Ulaanbaatar,PM2.5 - Principal,2022-07-02 12:00 PM,2022,07,02,12,43.5,121,Unhealthy for Sensitive Groups,48.0,UG/M3,1 Hr,Valid
Ulaanbaatar,PM2.5 - Principal,2022-07-02 01:00 PM,2022,07,02,13,49.7,136,Unhealthy for Sensitive Groups,56.0,UG/M3,1 Hr,Valid
Ulaanbaatar,PM2.5 - Principal,2022-07-02 02:00 PM,2022,07,02,14,46.8,129,Unhealthy for Sensitive Groups,44.0,UG/M3,1 Hr,Valid
Ulaanbaatar,PM2.5 - Principal,2022-07-02 03:00 PM,2022,07,02,15,45.9,127,Unhealthy for Sensitive Groups,45.0,UG/M3,1 Hr,Valid
Ulaanbaatar,PM2.5 - Principal,2022-07-02 04:00 PM,2022,07,02,16,41.9,117,Unhealthy for Sensitive Groups,38.0,UG/M3,1 Hr,Valid
Ulaanbaatar,PM2.5 - Principal,2022-07-02 05:00 PM,2022,07,02,17,42.9,119,Unhealthy for Sensitive Groups,44.0,UG/M3,1 Hr,Valid
Ulaanbaatar,PM2.5 - Principal,2022-07-02 06:00 PM,2022,07,02,18,39.4,111,Unhealthy for Sensitive Groups,36.0,UG/M3,1 Hr,Valid
Ulaanbaatar,PM2.5 - Principal,2022-07-02 07:00 PM,2022,07,02,19,34.2,97,Moderate,29.0,UG/M3,1 Hr,Valid
Ulaanbaatar,PM2.5 - Principal,2022-07-02 08:00 PM,2022,07,02,20,32.8,95,Moderate,31.0,UG/M3,1 Hr,Valid
Ulaanbaatar,PM2.5 - Principal,2022-07-02 09:00 PM,2022,07,02,21,30.9,91,Moderate,29.0,UG/M3,1 Hr,Valid
Ulaanbaatar,PM2.5 - Principal,2022-07-02 10:00 PM,2022,07,02,22,29.4,87,Moderate,28.0,UG/M3,1 Hr,Valid
Ulaanbaatar,PM2.5 - Principal,2022-07-02 11:00 PM,2022,07,02,23,29.7,88,Moderate,30.0,UG/M3,1 Hr,Valid
Ulaanbaatar,PM2.5 - Principal,2022-07-03 12:00 AM,2022,07,03,00,28.8,86,Moderate,28.0,UG/M3,1 Hr,Valid
Ulaanbaatar,PM2.5 - Principal,2022-07-03 01:00 AM,2022,07,03,01,28.3,85,Moderate,27.0,UG/M3,1 Hr,Valid
Ulaanbaatar,PM2.5 - Principal,2022-07-03 02:00 AM,2022,07,03,02,27.7,84,Moderate,27.0,UG/M3,1 Hr,Valid
Ulaanbaatar,PM2.5 - Principal,2022-07-03 03:00 AM,2022,07,03,03,24.7,77,Moderate,22.0,UG/M3,1 Hr,Valid
Ulaanbaatar,PM2.5 - Principal,2022-07-03 04:00 AM,2022,07,03,04,22.8,74,Moderate,21.0,UG/M3,1 Hr,Valid
Ulaanbaatar,PM2.5 - Principal,2022-07-03 05:00 AM,2022,07,03,05,20.4,68,Moderate,18.0,UG/M3,1 Hr,Valid
Ulaanbaatar,PM2.5 - Principal,2022-07-03 06:00 AM,2022,07,03,06,21.0,70,Moderate,21.0,UG/M3,1 Hr,Valid
Ulaanbaatar,PM2.5 - Principal,2022-07-03 07:00 AM,2022,07,03,07,20.6,69,Moderate,20.0,UG/M3,1 Hr,Valid
Ulaanbaatar,PM2.5 - Principal,2022-07-03 08:00 AM,2022,07,03,08,18.3,64,Moderate,16.0,UG/M3,1 Hr,Valid
Ulaanbaatar,PM2.5 - Principal,2022-07-03 09:00 AM,2022,07,03,09,19.5,67,Moderate,21.0,UG/M3,1 Hr,Valid
Ulaanbaatar,PM2.5 - Principal,2022-07-03 10:00 AM,2022,07,03,10,19.3,66,Moderate,19.0,UG/M3,1 Hr,Valid
Ulaanbaatar,PM2.5 - Principal,2022-07-03 11:00 AM,2022,07,03,11,18.3,64,Moderate,17.0,UG/M3,1 Hr,Valid
Ulaanbaatar,PM2.5 - Principal,2022-07-03 12:00 PM,2022,07,03,12,16.8,61,Moderate,15.0,UG/M3,1 Hr,Valid
Ulaanbaatar,PM2.5 - Principal,2022-07-03 01:00 PM,2022,07,03,13,16.8,61,Moderate,17.0,UG/M3,1 Hr,Valid
Ulaanbaatar,PM2.5 - Principal,2022-07-03 02:00 PM,2022,07,03,14,14.6,56,Moderate,12.0,UG/M3,1 Hr,Valid
Ulaanbaatar,PM2.5 - Principal,2022-07-03 03:00 PM,2022,07,03,15,16.1,59,Moderate,18.0,UG/M3,1 Hr,Valid
Ulaanbaatar,PM2.5 - Principal,2022-07-03 04:00 PM,2022,07,03,16,18.2,64,Moderate,21.0,UG/M3,1 Hr,Valid
Ulaanbaatar,PM2.5 - Principal,2022-07-03 05:00 PM,2022,07,03,17,19.4,66,Moderate,21.0,UG/M3,1 Hr,Valid
Ulaanbaatar,PM2.5 - Principal,2022-07-03 06:00 PM,2022,07,03,18,14.3,56,Moderate,9.0,UG/M3,1 Hr,Valid
Ulaanbaatar,PM2.5 - Principal,2022-07-03 07:00 PM,2022,07,03,19,10.1,42,Good,6.0,UG/M3,1 Hr,Valid
Ulaanbaatar,PM2.5 - Principal,2022-07-03 08:00 PM,2022,07,03,20,8.0,33,Good,6.0,UG/M3,1 Hr,Valid
Ulaanbaatar,PM2.5 - Principal,2022-07-03 09:00 PM,2022,07,03,21,8.5,35,Good,9.0,UG/M3,1 Hr,Valid
Ulaanbaatar,PM2.5 - Principal,2022-07-03 10:00 PM,2022,07,03,22,12.2,51,Moderate,16.0,UG/M3,1 Hr,Valid
Ulaanbaatar,PM2.5 - Principal,2022-07-03 11:00 PM,2022,07,03,23,11.1,46,Good,10.0,UG/M3,1 Hr,Valid
Ulaanbaatar,PM2.5 - Principal,2022-07-04 12:00 AM,2022,07,04,00,10.0,42,Good,9.0,UG/M3,1 Hr,Valid
Ulaanbaatar,PM2.5 - Principal,2022-07-04 01:00 AM,2022,07,04,01,8.0,33,Good,6.0,UG/M3,1 Hr,Valid
Ulaanbaatar,PM2.5 - Principal,2022-07-04 02:00 AM,2022,07,04,02,6.5,27,Good,5.0,UG/M3,1 Hr,Valid
Ulaanbaatar,PM2.5 - Principal,2022-07-04 03:00 AM,2022,07,04,03,6.7,28,Good,7.0,UG/M3,1 Hr,Valid
Ulaanbaatar,PM2.5 - Principal,2022-07-04 04:00 AM,2022,07,04,04,6.3,26,Good,6.0,UG/M3,1 Hr,Valid
Ulaanbaatar,PM2.5 - Principal,2022-07-04 05:00 AM,2022,07,04,05,6.1,25,Good,6.0,UG/M3,1 Hr,Valid
Ulaanbaatar,PM2.5 - Principal,2022-07-04 06:00 AM,2022,07,04,06,5.0,21,Good,4.0,UG/M3,1 Hr,Valid
Ulaanbaatar,PM2.5 - Principal,2022-07-04 07:00 AM,2022,07,04,07,5.0,21,Good,5.0,UG/M3,1 Hr,Valid
Ulaanbaatar,PM2.5 - Principal,2022-07-04 08:00 AM,2022,07,04,08,7.5,31,Good,10.0,UG/M3,1 Hr,Valid
Ulaanbaatar,PM2.5 - Principal,2022-07-04 09:00 AM,2022,07,04,09,7.7,32,Good,8.0,UG/M3,1 Hr,Valid
Ulaanbaatar,PM2.5 - Principal,2022-07-04 10:00 AM,2022,07,04,10,10.3,43,Good,13.0,UG/M3,1 Hr,Valid
Ulaanbaatar,PM2.5 - Principal,2022-07-04 11:00 AM,2022,07,04,11,8.6,36,Good,7.0,UG/M3,1 Hr,Valid
Ulaanbaatar,PM2.5 - Principal,2022-07-04 12:00 PM,2022,07,04,12,6.3,26,Good,4.0,UG/M3,1 Hr,Valid
Ulaanbaatar,PM2.5 - Principal,2022-07-04 01:00 PM,2022,07,04,13,6.1,25,Good,6.0,UG/M3,1 Hr,Valid
Ulaanbaatar,PM2.5 - Principal,2022-07-04 02:00 PM,2022,07,04,14,6.0,25,Good,6.0,UG/M3,1 Hr,Valid
Ulaanbaatar,PM2.5 - Principal,2022-07-04 03:00 PM,2022,07,04,15,6.5,27,Good,7.0,UG/M3,1 Hr,Valid
Ulaanbaatar,PM2.5 - Principal,2022-07-04 04:00 PM,2022,07,04,16,8.7,36,Good,11.0,UG/M3,1 Hr,Valid
Ulaanbaatar,PM2.5 - Principal,2022-07-04 05:00 PM,2022,07,04,17,10.3,43,Good,12.0,UG/M3,1 Hr,Valid
Ulaanbaatar,PM2.5 - Principal,2022-07-04 06:00 PM,2022,07,04,18,10.1,42,Good,10.0,UG/M3,1 Hr,Valid
Ulaanbaatar,PM2.5 - Principal,2022-07-04 07:00 PM,2022,07,04,19,9.5,40,Good,9.0,UG/M3,1 Hr,Valid
Ulaanbaatar,PM2.5 - Principal,2022-07-04 08:00 PM,2022,07,04,20,9.7,40,Good,10.0,UG/M3,1 Hr,Valid
Ulaanbaatar,PM2.5 - Principal,2022-07-04 09:00 PM,2022,07,04,21,9.3,39,Good,9.0,UG/M3,1 Hr,Valid
Ulaanbaatar,PM2.5 - Principal,2022-07-04 10:00 PM,2022,07,04,22,8.6,36,Good,8.0,UG/M3,1 Hr,Valid
Ulaanbaatar,PM2.5 - Principal,2022-07-04 11:00 PM,2022,07,04,23,9.3,39,Good,10.0,UG/M3,1 Hr,Valid
Ulaanbaatar,PM2.5 - Principal,2022-07-05 12:00 AM,2022,07,05,00,9.1,38,Good,9.0,UG/M3,1 Hr,Valid
Ulaanbaatar,PM2.5 - Principal,2022-07-05 01:00 AM,2022,07,05,01,13.5,54,Moderate,18.0,UG/M3,1 Hr,Valid
Ulaanbaatar,PM2.5 - Principal,2022-07-05 02:00 AM,2022,07,05,02,13.2,53,Moderate,13.0,UG/M3,1 Hr,Valid
Ulaanbaatar,PM2.5 - Principal,2022-07-05 03:00 AM,2022,07,05,03,12.6,52,Moderate,12.0,UG/M3,1 Hr,Valid
Ulaanbaatar,PM2.5 - Principal,2022-07-05 04:00 AM,2022,07,05,04,9.8,41,Good,7.0,UG/M3,1 Hr,Valid
Ulaanbaatar,PM2.5 - Principal,2022-07-05 05:00 AM,2022,07,05,05,7.9,33,Good,6.0,UG/M3,1 Hr,Valid
Ulaanbaatar,PM2.5 - Principal,2022-07-05 06:00 AM,2022,07,05,06,7.4,31,Good,7.0,UG/M3,1 Hr,Valid
Ulaanbaatar,PM2.5 - Principal,2022-07-05 07:00 AM,2022,07,05,07,8.2,34,Good,9.0,UG/M3,1 Hr,Valid
Ulaanbaatar,PM2.5 - Principal,2022-07-05 08:00 AM,2022,07,05,08,8.1,34,Good,8.0,UG/M3,1 Hr,Valid
Ulaanbaatar,PM2.5 - Principal,2022-07-05 09:00 AM,2022,07,05,09,9.5,40,Good,11.0,UG/M3,1 Hr,Valid
Ulaanbaatar,PM2.5 - Principal,2022-07-05 10:00 AM,2022,07,05,10,13.2,53,Moderate,17.0,UG/M3,1 Hr,Valid
Ulaanbaatar,PM2.5 - Principal,2022-07-05 11:00 AM,2022,07,05,11,10.6,44,Good,8.0,UG/M3,1 Hr,Valid
Ulaanbaatar,PM2.5 - Principal,2022-07-05 12:00 PM,2022,07,05,12,10.6,44,Good,-999.0,UG/M3,1 Hr,Missing
Ulaanbaatar,PM2.5 - Principal,2022-07-05 02:00 PM,2022,07,05,14,-999.0,-999,N/A,4.0,UG/M3,1 Hr,Valid
Ulaanbaatar,PM2.5 - Principal,2022-07-05 03:00 PM,2022,07,05,15,9.4,39,Good,12.0,UG/M3,1 Hr,Valid
Ulaanbaatar,PM2.5 - Principal,2022-07-05 04:00 PM,2022,07,05,16,7.5,31,Good,6.0,UG/M3,1 Hr,Valid
Ulaanbaatar,PM2.5 - Principal,2022-07-05 05:00 PM,2022,07,05,17,5.6,23,Good,4.0,UG/M3,1 Hr,Valid
Ulaanbaatar,PM2.5 - Principal,2022-07-05 06:00 PM,2022,07,05,18,5.3,22,Good,5.0,UG/M3,1 Hr,Valid
Ulaanbaatar,PM2.5 - Principal,2022-07-05 07:00 PM,2022,07,05,19,8.7,36,Good,12.0,UG/M3,1 Hr,Valid
Ulaanbaatar,PM2.5 - Principal,2022-07-05 08:00 PM,2022,07,05,20,13.3,54,Moderate,18.0,UG/M3,1 Hr,Valid
Ulaanbaatar,PM2.5 - Principal,2022-07-05 09:00 PM,2022,07,05,21,9.6,40,Good,6.0,UG/M3,1 Hr,Valid
Ulaanbaatar,PM2.5 - Principal,2022-07-05 10:00 PM,2022,07,05,22,12.8,52,Moderate,16.0,UG/M3,1 Hr,Valid
Ulaanbaatar,PM2.5 - Principal,2022-07-05 11:00 PM,2022,07,05,23,11.9,50,Good,11.0,UG/M3,1 Hr,Valid
Ulaanbaatar,PM2.5 - Principal,2022-07-06 12:00 AM,2022,07,06,00,13.4,54,Moderate,15.0,UG/M3,1 Hr,Valid
Ulaanbaatar,PM2.5 - Principal,2022-07-06 01:00 AM,2022,07,06,01,12.2,51,Moderate,11.0,UG/M3,1 Hr,Valid
Ulaanbaatar,PM2.5 - Principal,2022-07-06 02:00 AM,2022,07,06,02,17.1,62,Moderate,22.0,UG/M3,1 Hr,Valid
Ulaanbaatar,PM2.5 - Principal,2022-07-06 03:00 AM,2022,07,06,03,15.0,57,Moderate,13.0,UG/M3,1 Hr,Valid
Ulaanbaatar,PM2.5 - Principal,2022-07-06 04:00 AM,2022,07,06,04,13.0,53,Moderate,11.0,UG/M3,1 Hr,Valid
Ulaanbaatar,PM2.5 - Principal,2022-07-06 05:00 AM,2022,07,06,05,10.0,42,Good,7.0,UG/M3,1 Hr,Valid
Ulaanbaatar,PM2.5 - Principal,2022-07-06 06:00 AM,2022,07,06,06,7.5,31,Good,5.0,UG/M3,1 Hr,Valid
Ulaanbaatar,PM2.5 - Principal,2022-07-06 07:00 AM,2022,07,06,07,7.7,32,Good,8.0,UG/M3,1 Hr,Valid
Ulaanbaatar,PM2.5 - Principal,2022-07-06 08:00 AM,2022,07,06,08,5.8,24,Good,4.0,UG/M3,1 Hr,Valid
Ulaanbaatar,PM2.5 - Principal,2022-07-06 09:00 AM,2022,07,06,09,5.9,25,Good,6.0,UG/M3,1 Hr,Valid
Ulaanbaatar,PM2.5 - Principal,2022-07-06 10:00 AM,2022,07,06,10,13.4,54,Moderate,21.0,UG/M3,1 Hr,Valid
Ulaanbaatar,PM2.5 - Principal,2022-07-06 11:00 AM,2022,07,06,11,20.7,69,Moderate,28.0,UG/M3,1 Hr,Valid
Ulaanbaatar,PM2.5 - Principal,2022-07-06 12:00 PM,2022,07,06,12,23.3,75,Moderate,26.0,UG/M3,1 Hr,Valid
Ulaanbaatar,PM2.5 - Principal,2022-07-06 01:00 PM,2022,07,06,13,20.1,68,Moderate,17.0,UG/M3,1 Hr,Valid
Ulaanbaatar,PM2.5 - Principal,2022-07-06 02:00 PM,2022,07,06,14,19.5,67,Moderate,19.0,UG/M3,1 Hr,Valid
Ulaanbaatar,PM2.5 - Principal,2022-07-06 03:00 PM,2022,07,06,15,16.2,60,Moderate,13.0,UG/M3,1 Hr,Valid
Ulaanbaatar,PM2.5 - Principal,2022-07-06 04:00 PM,2022,07,06,16,15.6,58,Moderate,15.0,UG/M3,1 Hr,Valid
Ulaanbaatar,PM2.5 - Principal,2022-07-06 05:00 PM,2022,07,06,17,17.8,63,Moderate,20.0,UG/M3,1 Hr,Valid
Ulaanbaatar,PM2.5 - Principal,2022-07-06 06:00 PM,2022,07,06,18,17.4,62,Moderate,17.0,UG/M3,1 Hr,Valid
Ulaanbaatar,PM2.5 - Principal,2022-07-06 07:00 PM,2022,07,06,19,10.2,43,Good,3.0,UG/M3,1 Hr,Valid
Ulaanbaatar,PM2.5 - Principal,2022-07-06 08:00 PM,2022,07,06,20,13.6,54,Moderate,17.0,UG/M3,1 Hr,Valid
Ulaanbaatar,PM2.5 - Principal,2022-07-06 09:00 PM,2022,07,06,21,14.3,56,Moderate,15.0,UG/M3,1 Hr,Valid
Ulaanbaatar,PM2.5 - Principal,2022-07-06 10:00 PM,2022,07,06,22,17.6,63,Moderate,21.0,UG/M3,1 Hr,Valid
Ulaanbaatar,PM2.5 - Principal,2022-07-06 11:00 PM,2022,07,06,23,17.3,62,Moderate,17.0,UG/M3,1 Hr,Valid
Ulaanbaatar,PM2.5 - Principal,2022-07-07 12:00 AM,2022,07,07,00,19.1,66,Moderate,21.0,UG/M3,1 Hr,Valid
Ulaanbaatar,PM2.5 - Principal,2022-07-07 01:00 AM,2022,07,07,01,18.5,64,Moderate,18.0,UG/M3,1 Hr,Valid
Ulaanbaatar,PM2.5 - Principal,2022-07-07 02:00 AM,2022,07,07,02,16.7,61,Moderate,15.0,UG/M3,1 Hr,Valid
Ulaanbaatar,PM2.5 - Principal,2022-07-07 03:00 AM,2022,07,07,03,12.8,52,Moderate,9.0,UG/M3,1 Hr,Valid
Ulaanbaatar,PM2.5 - Principal,2022-07-07 04:00 AM,2022,07,07,04,8.4,35,Good,4.0,UG/M3,1 Hr,Valid
Ulaanbaatar,PM2.5 - Principal,2022-07-07 05:00 AM,2022,07,07,05,8.4,35,Good,0.0,UG/M3,1 Hr,Invalid
Ulaanbaatar,PM2.5 - Principal,2022-07-07 06:00 AM,2022,07,07,06,3.4,14,Good,1.0,UG/M3,1 Hr,Valid
Ulaanbaatar,PM2.5 - Principal,2022-07-07 07:00 AM,2022,07,07,07,7.2,30,Good,10.0,UG/M3,1 Hr,Valid
Ulaanbaatar,PM2.5 - Principal,2022-07-07 08:00 AM,2022,07,07,08,6.5,27,Good,6.0,UG/M3,1 Hr,Valid
Ulaanbaatar,PM2.5 - Principal,2022-07-07 09:00 AM,2022,07,07,09,4.7,20,Good,3.0,UG/M3,1 Hr,Valid
Ulaanbaatar,PM2.5 - Principal,2022-07-07 10:00 AM,2022,07,07,10,3.8,16,Good,3.0,UG/M3,1 Hr,Valid
Ulaanbaatar,PM2.5 - Principal,2022-07-07 11:00 AM,2022,07,07,11,7.4,31,Good,11.0,UG/M3,1 Hr,Valid
Ulaanbaatar,PM2.5 - Principal,2022-07-07 12:00 PM,2022,07,07,12,7.2,30,Good,7.0,UG/M3,1 Hr,Valid
Ulaanbaatar,PM2.5 - Principal,2022-07-07 01:00 PM,2022,07,07,13,7.1,30,Good,7.0,UG/M3,1 Hr,Valid
Ulaanbaatar,PM2.5 - Principal,2022-07-07 02:00 PM,2022,07,07,14,9.5,40,Good,12.0,UG/M3,1 Hr,Valid
Ulaanbaatar,PM2.5 - Principal,2022-07-07 03:00 PM,2022,07,07,15,8.7,36,Good,8.0,UG/M3,1 Hr,Valid
Ulaanbaatar,PM2.5 - Principal,2022-07-07 04:00 PM,2022,07,07,16,8.3,35,Good,8.0,UG/M3,1 Hr,Valid
Ulaanbaatar,PM2.5 - Principal,2022-07-07 05:00 PM,2022,07,07,17,8.1,34,Good,8.0,UG/M3,1 Hr,Valid
Ulaanbaatar,PM2.5 - Principal,2022-07-07 06:00 PM,2022,07,07,18,10.0,42,Good,12.0,UG/M3,1 Hr,Valid
Ulaanbaatar,PM2.5 - Principal,2022-07-07 07:00 PM,2022,07,07,19,9.5,40,Good,9.0,UG/M3,1 Hr,Valid
Ulaanbaatar,PM2.5 - Principal,2022-07-07 08:00 PM,2022,07,07,20,9.2,38,Good,9.0,UG/M3,1 Hr,Valid
Ulaanbaatar,PM2.5 - Principal,2022-07-07 09:00 PM,2022,07,07,21,8.6,36,Good,8.0,UG/M3,1 Hr,Valid
Ulaanbaatar,PM2.5 - Principal,2022-07-07 10:00 PM,2022,07,07,22,7.3,30,Good,6.0,UG/M3,1 Hr,Valid
Ulaanbaatar,PM2.5 - Principal,2022-07-07 11:00 PM,2022,07,07,23,6.6,28,Good,6.0,UG/M3,1 Hr,Valid
Ulaanbaatar,PM2.5 - Principal,2022-07-08 12:00 AM,2022,07,08,00,5.3,22,Good,4.0,UG/M3,1 Hr,Valid
Ulaanbaatar,PM2.5 - Principal,2022-07-08 01:00 AM,2022,07,08,01,6.1,25,Good,7.0,UG/M3,1 Hr,Valid
Ulaanbaatar,PM2.5 - Principal,2022-07-08 02:00 AM,2022,07,08,02,6.5,27,Good,7.0,UG/M3,1 Hr,Valid
Ulaanbaatar,PM2.5 - Principal,2022-07-08 03:00 AM,2022,07,08,03,6.7,28,Good,7.0,UG/M3,1 Hr,Valid
Ulaanbaatar,PM2.5 - Principal,2022-07-08 04:00 AM,2022,07,08,04,5.8,24,Good,5.0,UG/M3,1 Hr,Valid
Ulaanbaatar,PM2.5 - Principal,2022-07-08 05:00 AM,2022,07,08,05,5.4,23,Good,5.0,UG/M3,1 Hr,Valid
Ulaanbaatar,PM2.5 - Principal,2022-07-08 06:00 AM,2022,07,08,06,4.2,18,Good,3.0,UG/M3,1 Hr,Valid
Ulaanbaatar,PM2.5 - Principal,2022-07-08 07:00 AM,2022,07,08,07,5.1,21,Good,6.0,UG/M3,1 Hr,Valid
Ulaanbaatar,PM2.5 - Principal,2022-07-08 08:00 AM,2022,07,08,08,5.5,23,Good,6.0,UG/M3,1 Hr,Valid
Ulaanbaatar,PM2.5 - Principal,2022-07-08 09:00 AM,2022,07,08,09,13.7,54,Moderate,22.0,UG/M3,1 Hr,Valid
Ulaanbaatar,PM2.5 - Principal,2022-07-08 10:00 AM,2022,07,08,10,12.8,52,Moderate,12.0,UG/M3,1 Hr,Valid
Ulaanbaatar,PM2.5 - Principal,2022-07-08 11:00 AM,2022,07,08,11,15.4,58,Moderate,18.0,UG/M3,1 Hr,Valid
Ulaanbaatar,PM2.5 - Principal,2022-07-08 12:00 PM,2022,07,08,12,31.2,91,Moderate,47.0,UG/M3,1 Hr,Valid
Ulaanbaatar,PM2.5 - Principal,2022-07-08 01:00 PM,2022,07,08,13,35.1,99,Moderate,39.0,UG/M3,1 Hr,Valid
Ulaanbaatar,PM2.5 - Principal,2022-07-08 02:00 PM,2022,07,08,14,36.0,102,Unhealthy for Sensitive Groups,37.0,UG/M3,1 Hr,Valid
Ulaanbaatar,PM2.5 - Principal,2022-07-08 03:00 PM,2022,07,08,15,32.0,93,Moderate,28.0,UG/M3,1 Hr,Valid
Ulaanbaatar,PM2.5 - Principal,2022-07-08 04:00 PM,2022,07,08,16,34.5,98,Moderate,37.0,UG/M3,1 Hr,Valid
Ulaanbaatar,PM2.5 - Principal,2022-07-08 05:00 PM,2022,07,08,17,31.7,92,Moderate,29.0,UG/M3,1 Hr,Valid
Ulaanbaatar,PM2.5 - Principal,2022-07-08 06:00 PM,2022,07,08,18,28.8,86,Moderate,26.0,UG/M3,1 Hr,Valid
Ulaanbaatar,PM2.5 - Principal,2022-07-08 07:00 PM,2022,07,08,19,24.4,77,Moderate,20.0,UG/M3,1 Hr,Valid
Ulaanbaatar,PM2.5 - Principal,2022-07-08 08:00 PM,2022,07,08,20,21.7,71,Moderate,19.0,UG/M3,1 Hr,Valid
Ulaanbaatar,PM2.5 - Principal,2022-07-08 09:00 PM,2022,07,08,21,18.8,65,Moderate,16.0,UG/M3,1 Hr,Valid
Ulaanbaatar,PM2.5 - Principal,2022-07-08 10:00 PM,2022,07,08,22,19.4,66,Moderate,20.0,UG/M3,1 Hr,Valid
Ulaanbaatar,PM2.5 - Principal,2022-07-08 11:00 PM,2022,07,08,23,27.7,84,Moderate,36.0,UG/M3,1 Hr,Valid
Ulaanbaatar,PM2.5 - Principal,2022-07-09 12:00 AM,2022,07,09,00,23.3,75,Moderate,19.0,UG/M3,1 Hr,Valid
Ulaanbaatar,PM2.5 - Principal,2022-07-09 01:00 AM,2022,07,09,01,19.1,66,Moderate,15.0,UG/M3,1 Hr,Valid
Ulaanbaatar,PM2.5 - Principal,2022-07-09 02:00 AM,2022,07,09,02,17.0,61,Moderate,15.0,UG/M3,1 Hr,Valid
Ulaanbaatar,PM2.5 - Principal,2022-07-09 03:00 AM,2022,07,09,03,14.5,56,Moderate,12.0,UG/M3,1 Hr,Valid
Ulaanbaatar,PM2.5 - Principal,2022-07-09 04:00 AM,2022,07,09,04,11.7,49,Good,9.0,UG/M3,1 Hr,Valid
Ulaanbaatar,PM2.5 - Principal,2022-07-09 05:00 AM,2022,07,09,05,10.8,45,Good,10.0,UG/M3,1 Hr,Valid
Ulaanbaatar,PM2.5 - Principal,2022-07-09 06:00 AM,2022,07,09,06,9.9,41,Good,9.0,UG/M3,1 Hr,Valid
Ulaanbaatar,PM2.5 - Principal,2022-07-09 07:00 AM,2022,07,09,07,8.4,35,Good,7.0,UG/M3,1 Hr,Valid
Ulaanbaatar,PM2.5 - Principal,2022-07-09 08:00 AM,2022,07,09,08,9.2,38,Good,10.0,UG/M3,1 Hr,Valid
Ulaanbaatar,PM2.5 - Principal,2022-07-09 09:00 AM,2022,07,09,09,18.6,65,Moderate,28.0,UG/M3,1 Hr,Valid
Ulaanbaatar,PM2.5 - Principal,2022-07-09 10:00 AM,2022,07,09,10,17.3,62,Moderate,16.0,UG/M3,1 Hr,Valid
Ulaanbaatar,PM2.5 - Principal,2022-07-09 11:00 AM,2022,07,09,11,14.1,55,Moderate,11.0,UG/M3,1 Hr,Valid
Ulaanbaatar,PM2.5 - Principal,2022-07-09 12:00 PM,2022,07,09,12,10.0,42,Good,6.0,UG/M3,1 Hr,Valid
Ulaanbaatar,PM2.5 - Principal,2022-07-09 01:00 PM,2022,07,09,13,6.5,27,Good,3.0,UG/M3,1 Hr,Valid
Ulaanbaatar,PM2.5 - Principal,2022-07-09 02:00 PM,2022,07,09,14,5.2,22,Good,4.0,UG/M3,1 Hr,Valid
Ulaanbaatar,PM2.5 - Principal,2022-07-09 03:00 PM,2022,07,09,15,5.1,21,Good,5.0,UG/M3,1 Hr,Valid
Ulaanbaatar,PM2.5 - Principal,2022-07-09 04:00 PM,2022,07,09,16,4.0,17,Good,3.0,UG/M3,1 Hr,Valid
Ulaanbaatar,PM2.5 - Principal,2022-07-09 05:00 PM,2022,07,09,17,3.5,15,Good,3.0,UG/M3,1 Hr,Valid
Ulaanbaatar,PM2.5 - Principal,2022-07-09 06:00 PM,2022,07,09,18,11.2,47,Good,19.0,UG/M3,1 Hr,Valid
Ulaanbaatar,PM2.5 - Principal,2022-07-09 07:00 PM,2022,07,09,19,8.6,36,Good,6.0,UG/M3,1 Hr,Valid
Ulaanbaatar,PM2.5 - Principal,2022-07-09 08:00 PM,2022,07,09,20,20.3,68,Moderate,32.0,UG/M3,1 Hr,Valid
Ulaanbaatar,PM2.5 - Principal,2022-07-09 09:00 PM,2022,07,09,21,27.1,83,Moderate,34.0,UG/M3,1 Hr,Valid
Ulaanbaatar,PM2.5 - Principal,2022-07-09 10:00 PM,2022,07,09,22,28.5,85,Moderate,30.0,UG/M3,1 Hr,Valid
Ulaanbaatar,PM2.5 - Principal,2022-07-09 11:00 PM,2022,07,09,23,29.2,87,Moderate,30.0,UG/M3,1 Hr,Valid
Ulaanbaatar,PM2.5 - Principal,2022-07-10 12:00 AM,2022,07,10,00,26.1,80,Moderate,23.0,UG/M3,1 Hr,Valid
Ulaanbaatar,PM2.5 - Principal,2022-07-10 01:00 AM,2022,07,10,01,20.5,69,Moderate,15.0,UG/M3,1 Hr,Valid
Ulaanbaatar,PM2.5 - Principal,2022-07-10 02:00 AM,2022,07,10,02,13.2,53,Moderate,6.0,UG/M3,1 Hr,Valid
Ulaanbaatar,PM2.5 - Principal,2022-07-10 03:00 AM,2022,07,10,03,9.6,40,Good,6.0,UG/M3,1 Hr,Valid
Ulaanbaatar,PM2.5 - Principal,2022-07-10 04:00 AM,2022,07,10,04,6.8,28,Good,4.0,UG/M3,1 Hr,Valid
Ulaanbaatar,PM2.5 - Principal,2022-07-10 05:00 AM,2022,07,10,05,5.4,23,Good,4.0,UG/M3,1 Hr,Valid
Ulaanbaatar,PM2.5 - Principal,2022-07-10 06:00 AM,2022,07,10,06,4.2,18,Good,3.0,UG/M3,1 Hr,Valid
Ulaanbaatar,PM2.5 - Principal,2022-07-10 07:00 AM,2022,07,10,07,4.1,17,Good,4.0,UG/M3,1 Hr,Valid
Ulaanbaatar,PM2.5 - Principal,2022-07-10 08:00 AM,2022,07,10,08,3.5,15,Good,3.0,UG/M3,1 Hr,Valid
Ulaanbaatar,PM2.5 - Principal,2022-07-10 09:00 AM,2022,07,10,09,4.7,20,Good,6.0,UG/M3,1 Hr,Valid
Ulaanbaatar,PM2.5 - Principal,2022-07-10 10:00 AM,2022,07,10,10,6.3,26,Good,8.0,UG/M3,1 Hr,Valid
Ulaanbaatar,PM2.5 - Principal,2022-07-10 11:00 AM,2022,07,10,11,7.6,32,Good,9.0,UG/M3,1 Hr,Valid
Ulaanbaatar,PM2.5 - Principal,2022-07-10 12:00 PM,2022,07,10,12,7.8,33,Good,8.0,UG/M3,1 Hr,Valid
Ulaanbaatar,PM2.5 - Principal,2022-07-10 01:00 PM,2022,07,10,13,6.9,29,Good,6.0,UG/M3,1 Hr,Valid
Ulaanbaatar,PM2.5 - Principal,2022-07-10 02:00 PM,2022,07,10,14,6.9,29,Good,7.0,UG/M3,1 Hr,Valid
Ulaanbaatar,PM2.5 - Principal,2022-07-10 03:00 PM,2022,07,10,15,11.4,48,Good,16.0,UG/M3,1 Hr,Valid
Ulaanbaatar,PM2.5 - Principal,2022-07-10 04:00 PM,2022,07,10,16,13.2,53,Moderate,15.0,UG/M3,1 Hr,Valid
Ulaanbaatar,PM2.5 - Principal,2022-07-10 05:00 PM,2022,07,10,17,12.6,52,Moderate,12.0,UG/M3,1 Hr,Valid
Ulaanbaatar,PM2.5 - Principal,2022-07-10 06:00 PM,2022,07,10,18,11.3,47,Good,10.0,UG/M3,1 Hr,Valid
Ulaanbaatar,PM2.5 - Principal,2022-07-10 07:00 PM,2022,07,10,19,10.6,44,Good,10.0,UG/M3,1 Hr,Valid
Ulaanbaatar,PM2.5 - Principal,2022-07-10 08:00 PM,2022,07,10,20,9.8,41,Good,9.0,UG/M3,1 Hr,Valid
Ulaanbaatar,PM2.5 - Principal,2022-07-10 09:00 PM,2022,07,10,21,9.9,41,Good,10.0,UG/M3,1 Hr,Valid
Ulaanbaatar,PM2.5 - Principal,2022-07-10 10:00 PM,2022,07,10,22,9.4,39,Good,9.0,UG/M3,1 Hr,Valid
Ulaanbaatar,PM2.5 - Principal,2022-07-10 11:00 PM,2022,07,10,23,9.7,40,Good,10.0,UG/M3,1 Hr,Valid
Ulaanbaatar,PM2.5 - Principal,2022-07-11 12:00 AM,2022,07,11,00,7.8,33,Good,6.0,UG/M3,1 Hr,Valid
Ulaanbaatar,PM2.5 - Principal,2022-07-11 01:00 AM,2022,07,11,01,5.9,25,Good,4.0,UG/M3,1 Hr,Valid
Ulaanbaatar,PM2.5 - Principal,2022-07-11 02:00 AM,2022,07,11,02,3.9,16,Good,2.0,UG/M3,1 Hr,Valid
Ulaanbaatar,PM2.5 - Principal,2022-07-11 03:00 AM,2022,07,11,03,2.4,10,Good,1.0,UG/M3,1 Hr,Valid
Ulaanbaatar,PM2.5 - Principal,2022-07-11 04:00 AM,2022,07,11,04,1.7,7,Good,1.0,UG/M3,1 Hr,Valid
Ulaanbaatar,PM2.5 - Principal,2022-07-11 05:00 AM,2022,07,11,05,1.3,5,Good,1.0,UG/M3,1 Hr,Valid
Ulaanbaatar,PM2.5 - Principal,2022-07-11 06:00 AM,2022,07,11,06,2.6,11,Good,4.0,UG/M3,1 Hr,Valid
Ulaanbaatar,PM2.5 - Principal,2022-07-11 07:00 AM,2022,07,11,07,2.8,12,Good,3.0,UG/M3,1 Hr,Valid
Ulaanbaatar,PM2.5 - Principal,2022-07-11 08:00 AM,2022,07,11,08,1.9,8,Good,1.0,UG/M3,1 Hr,Valid
Ulaanbaatar,PM2.5 - Principal,2022-07-11 09:00 AM,2022,07,11,09,2.4,10,Good,3.0,UG/M3,1 Hr,Valid
Ulaanbaatar,PM2.5 - Principal,2022-07-11 10:00 AM,2022,07,11,10,4.2,18,Good,6.0,UG/M3,1 Hr,Valid
Ulaanbaatar,PM2.5 - Principal,2022-07-11 11:00 AM,2022,07,11,11,6.6,28,Good,9.0,UG/M3,1 Hr,Valid
Ulaanbaatar,PM2.5 - Principal,2022-07-11 12:00 PM,2022,07,11,12,10.8,45,Good,15.0,UG/M3,1 Hr,Valid
Ulaanbaatar,PM2.5 - Principal,2022-07-11 01:00 PM,2022,07,11,13,16.4,60,Moderate,22.0,UG/M3,1 Hr,Valid
Ulaanbaatar,PM2.5 - Principal,2022-07-11 02:00 PM,2022,07,11,14,13.2,53,Moderate,10.0,UG/M3,1 Hr,Valid
Ulaanbaatar,PM2.5 - Principal,2022-07-11 03:00 PM,2022,07,11,15,9.6,40,Good,6.0,UG/M3,1 Hr,Valid
Ulaanbaatar,PM2.5 - Principal,2022-07-11 04:00 PM,2022,07,11,16,7.8,33,Good,6.0,UG/M3,1 Hr,Valid
Ulaanbaatar,PM2.5 - Principal,2022-07-11 05:00 PM,2022,07,11,17,7.4,31,Good,7.0,UG/M3,1 Hr,Valid
Ulaanbaatar,PM2.5 - Principal,2022-07-11 06:00 PM,2022,07,11,18,8.7,36,Good,10.0,UG/M3,1 Hr,Valid
Ulaanbaatar,PM2.5 - Principal,2022-07-11 07:00 PM,2022,07,11,19,7.3,30,Good,6.0,UG/M3,1 Hr,Valid
Ulaanbaatar,PM2.5 - Principal,2022-07-11 08:00 PM,2022,07,11,20,6.6,28,Good,6.0,UG/M3,1 Hr,Valid
Ulaanbaatar,PM2.5 - Principal,2022-07-11 09:00 PM,2022,07,11,21,6.3,26,Good,6.0,UG/M3,1 Hr,Valid
Ulaanbaatar,PM2.5 - Principal,2022-07-11 10:00 PM,2022,07,11,22,6.6,28,Good,7.0,UG/M3,1 Hr,Valid
Ulaanbaatar,PM2.5 - Principal,2022-07-11 11:00 PM,2022,07,11,23,5.8,24,Good,5.0,UG/M3,1 Hr,Valid
Ulaanbaatar,PM2.5 - Principal,2022-07-12 12:00 AM,2022,07,12,00,5.9,25,Good,6.0,UG/M3,1 Hr,Valid
Ulaanbaatar,PM2.5 - Principal,2022-07-12 01:00 AM,2022,07,12,01,5.4,23,Good,5.0,UG/M3,1 Hr,Valid
Ulaanbaatar,PM2.5 - Principal,2022-07-12 02:00 AM,2022,07,12,02,3.7,15,Good,2.0,UG/M3,1 Hr,Valid
Ulaanbaatar,PM2.5 - Principal,2022-07-12 03:00 AM,2022,07,12,03,3.3,14,Good,3.0,UG/M3,1 Hr,Valid
Ulaanbaatar,PM2.5 - Principal,2022-07-12 04:00 AM,2022,07,12,04,2.6,11,Good,2.0,UG/M3,1 Hr,Valid
Ulaanbaatar,PM2.5 - Principal,2022-07-12 05:00 AM,2022,07,12,05,1.8,8,Good,1.0,UG/M3,1 Hr,Valid
Ulaanbaatar,PM2.5 - Principal,2022-07-12 06:00 AM,2022,07,12,06,1.4,6,Good,1.0,UG/M3,1 Hr,Valid
Ulaanbaatar,PM2.5 - Principal,2022-07-12 07:00 AM,2022,07,12,07,1.2,5,Good,1.0,UG/M3,1 Hr,Valid
Ulaanbaatar,PM2.5 - Principal,2022-07-12 08:00 AM,2022,07,12,08,1.6,7,Good,2.0,UG/M3,1 Hr,Valid
Ulaanbaatar,PM2.5 - Principal,2022-07-12 09:00 AM,2022,07,12,09,2.3,10,Good,3.0,UG/M3,1 Hr,Valid
Ulaanbaatar,PM2.5 - Principal,2022-07-12 10:00 AM,2022,07,12,10,1.6,7,Good,1.0,UG/M3,1 Hr,Valid
Ulaanbaatar,PM2.5 - Principal,2022-07-12 11:00 AM,2022,07,12,11,1.6,7,Good,0.0,UG/M3,1 Hr,Invalid
Ulaanbaatar,PM2.5 - Principal,2022-07-12 12:00 PM,2022,07,12,12,7.2,30,Good,10.0,UG/M3,1 Hr,Valid
Ulaanbaatar,PM2.5 - Principal,2022-07-12 01:00 PM,2022,07,12,13,9.3,39,Good,11.0,UG/M3,1 Hr,Valid
Ulaanbaatar,PM2.5 - Principal,2022-07-12 02:00 PM,2022,07,12,14,7.5,31,Good,6.0,UG/M3,1 Hr,Valid
Ulaanbaatar,PM2.5 - Principal,2022-07-12 03:00 PM,2022,07,12,15,4.1,17,Good,1.0,UG/M3,1 Hr,Valid
Ulaanbaatar,PM2.5 - Principal,2022-07-12 04:00 PM,2022,07,12,16,3.5,15,Good,3.0,UG/M3,1 Hr,Valid
Ulaanbaatar,PM2.5 - Principal,2022-07-12 05:00 PM,2022,07,12,17,3.7,15,Good,4.0,UG/M3,1 Hr,Valid
Ulaanbaatar,PM2.5 - Principal,2022-07-12 06:00 PM,2022,07,12,18,3.8,16,Good,4.0,UG/M3,1 Hr,Valid
Ulaanbaatar,PM2.5 - Principal,2022-07-12 07:00 PM,2022,07,12,19,6.4,27,Good,9.0,UG/M3,1 Hr,Valid
Ulaanbaatar,PM2.5 - Principal,2022-07-12 08:00 PM,2022,07,12,20,6.7,28,Good,7.0,UG/M3,1 Hr,Valid
Ulaanbaatar,PM2.5 - Principal,2022-07-12 09:00 PM,2022,07,12,21,5.3,22,Good,4.0,UG/M3,1 Hr,Valid
Ulaanbaatar,PM2.5 - Principal,2022-07-12 10:00 PM,2022,07,12,22,3.6,15,Good,2.0,UG/M3,1 Hr,Valid
Ulaanbaatar,PM2.5 - Principal,2022-07-12 11:00 PM,2022,07,12,23,3.8,16,Good,4.0,UG/M3,1 Hr,Valid
Ulaanbaatar,PM2.5 - Principal,2022-07-13 12:00 AM,2022,07,13,00,4.9,20,Good,6.0,UG/M3,1 Hr,Valid
Ulaanbaatar,PM2.5 - Principal,2022-07-13 01:00 AM,2022,07,13,01,7.9,33,Good,11.0,UG/M3,1 Hr,Valid
Ulaanbaatar,PM2.5 - Principal,2022-07-13 02:00 AM,2022,07,13,02,8.9,37,Good,10.0,UG/M3,1 Hr,Valid
Ulaanbaatar,PM2.5 - Principal,2022-07-13 03:00 AM,2022,07,13,03,9.9,41,Good,11.0,UG/M3,1 Hr,Valid
Ulaanbaatar,PM2.5 - Principal,2022-07-13 04:00 AM,2022,07,13,04,8.4,35,Good,7.0,UG/M3,1 Hr,Valid
Ulaanbaatar,PM2.5 - Principal,2022-07-13 05:00 AM,2022,07,13,05,6.7,28,Good,5.0,UG/M3,1 Hr,Valid
Ulaanbaatar,PM2.5 - Principal,2022-07-13 06:00 AM,2022,07,13,06,6.8,28,Good,7.0,UG/M3,1 Hr,Valid
Ulaanbaatar,PM2.5 - Principal,2022-07-13 07:00 AM,2022,07,13,07,6.4,27,Good,6.0,UG/M3,1 Hr,Valid
Ulaanbaatar,PM2.5 - Principal,2022-07-13 08:00 AM,2022,07,13,08,6.2,26,Good,6.0,UG/M3,1 Hr,Valid
Ulaanbaatar,PM2.5 - Principal,2022-07-13 09:00 AM,2022,07,13,09,10.1,42,Good,14.0,UG/M3,1 Hr,Valid
Ulaanbaatar,PM2.5 - Principal,2022-07-13 10:00 AM,2022,07,13,10,10.0,42,Good,10.0,UG/M3,1 Hr,Valid
Ulaanbaatar,PM2.5 - Principal,2022-07-13 11:00 AM,2022,07,13,11,9.0,38,Good,8.0,UG/M3,1 Hr,Valid
Ulaanbaatar,PM2.5 - Principal,2022-07-13 12:00 PM,2022,07,13,12,9.5,40,Good,10.0,UG/M3,1 Hr,Valid
Ulaanbaatar,PM2.5 - Principal,2022-07-13 01:00 PM,2022,07,13,13,8.2,34,Good,7.0,UG/M3,1 Hr,Valid
Ulaanbaatar,PM2.5 - Principal,2022-07-13 02:00 PM,2022,07,13,14,7.6,32,Good,7.0,UG/M3,1 Hr,Valid
Ulaanbaatar,PM2.5 - Principal,2022-07-13 03:00 PM,2022,07,13,15,8.8,37,Good,10.0,UG/M3,1 Hr,Valid
Ulaanbaatar,PM2.5 - Principal,2022-07-13 04:00 PM,2022,07,13,16,13.9,55,Moderate,19.0,UG/M3,1 Hr,Valid
Ulaanbaatar,PM2.5 - Principal,2022-07-13 05:00 PM,2022,07,13,17,13.4,54,Moderate,13.0,UG/M3,1 Hr,Valid
Ulaanbaatar,PM2.5 - Principal,2022-07-13 06:00 PM,2022,07,13,18,11.7,49,Good,10.0,UG/M3,1 Hr,Valid
Ulaanbaatar,PM2.5 - Principal,2022-07-13 07:00 PM,2022,07,13,19,12.8,52,Moderate,14.0,UG/M3,1 Hr,Valid
Ulaanbaatar,PM2.5 - Principal,2022-07-13 08:00 PM,2022,07,13,20,10.9,45,Good,9.0,UG/M3,1 Hr,Valid
Ulaanbaatar,PM2.5 - Principal,2022-07-13 09:00 PM,2022,07,13,21,7.9,33,Good,5.0,UG/M3,1 Hr,Valid
Ulaanbaatar,PM2.5 - Principal,2022-07-13 10:00 PM,2022,07,13,22,6.9,29,Good,6.0,UG/M3,1 Hr,Valid
Ulaanbaatar,PM2.5 - Principal,2022-07-13 11:00 PM,2022,07,13,23,6.4,27,Good,6.0,UG/M3,1 Hr,Valid
Ulaanbaatar,PM2.5 - Principal,2022-07-14 12:00 AM,2022,07,14,00,14.2,55,Moderate,22.0,UG/M3,1 Hr,Valid
Ulaanbaatar,PM2.5 - Principal,2022-07-14 01:00 AM,2022,07,14,01,16.6,60,Moderate,19.0,UG/M3,1 Hr,Valid
Ulaanbaatar,PM2.5 - Principal,2022-07-14 02:00 AM,2022,07,14,02,18.8,65,Moderate,21.0,UG/M3,1 Hr,Valid
Ulaanbaatar,PM2.5 - Principal,2022-07-14 03:00 AM,2022,07,14,03,17.9,63,Moderate,17.0,UG/M3,1 Hr,Valid
Ulaanbaatar,PM2.5 - Principal,2022-07-14 04:00 AM,2022,07,14,04,13.9,55,Moderate,10.0,UG/M3,1 Hr,Valid
Ulaanbaatar,PM2.5 - Principal,2022-07-14 05:00 AM,2022,07,14,05,10.9,45,Good,8.0,UG/M3,1 Hr,Valid
Ulaanbaatar,PM2.5 - Principal,2022-07-14 06:00 AM,2022,07,14,06,8.4,35,Good,6.0,UG/M3,1 Hr,Valid
Ulaanbaatar,PM2.5 - Principal,2022-07-14 07:00 AM,2022,07,14,07,8.2,34,Good,8.0,UG/M3,1 Hr,Valid
Ulaanbaatar,PM2.5 - Principal,2022-07-14 08:00 AM,2022,07,14,08,6.6,28,Good,5.0,UG/M3,1 Hr,Valid
Ulaanbaatar,PM2.5 - Principal,2022-07-14 09:00 AM,2022,07,14,09,6.3,26,Good,6.0,UG/M3,1 Hr,Valid
Ulaanbaatar,PM2.5 - Principal,2022-07-14 10:00 AM,2022,07,14,10,14.1,55,Moderate,22.0,UG/M3,1 Hr,Valid
Ulaanbaatar,PM2.5 - Principal,2022-07-14 11:00 AM,2022,07,14,11,10.0,42,Good,6.0,UG/M3,1 Hr,Valid
Ulaanbaatar,PM2.5 - Principal,2022-07-14 12:00 PM,2022,07,14,12,8.5,35,Good,7.0,UG/M3,1 Hr,Valid
Ulaanbaatar,PM2.5 - Principal,2022-07-14 01:00 PM,2022,07,14,13,9.7,40,Good,11.0,UG/M3,1 Hr,Valid
Ulaanbaatar,PM2.5 - Principal,2022-07-14 02:00 PM,2022,07,14,14,9.3,39,Good,9.0,UG/M3,1 Hr,Valid
Ulaanbaatar,PM2.5 - Principal,2022-07-14 03:00 PM,2022,07,14,15,6.6,28,Good,4.0,UG/M3,1 Hr,Valid
Ulaanbaatar,PM2.5 - Principal,2022-07-14 04:00 PM,2022,07,14,16,5.8,24,Good,5.0,UG/M3,1 Hr,Valid
Ulaanbaatar,PM2.5 - Principal,2022-07-14 05:00 PM,2022,07,14,17,6.4,27,Good,7.0,UG/M3,1 Hr,Valid
Ulaanbaatar,PM2.5 - Principal,2022-07-14 06:00 PM,2022,07,14,18,11.7,49,Good,17.0,UG/M3,1 Hr,Valid
Ulaanbaatar,PM2.5 - Principal,2022-07-14 07:00 PM,2022,07,14,19,9.3,39,Good,7.0,UG/M3,1 Hr,Valid
Ulaanbaatar,PM2.5 - Principal,2022-07-14 08:00 PM,2022,07,14,20,7.1,30,Good,5.0,UG/M3,1 Hr,Valid
Ulaanbaatar,PM2.5 - Principal,2022-07-14 09:00 PM,2022,07,14,21,7.5,31,Good,8.0,UG/M3,1 Hr,Valid
Ulaanbaatar,PM2.5 - Principal,2022-07-14 10:00 PM,2022,07,14,22,8.7,36,Good,10.0,UG/M3,1 Hr,Valid
Ulaanbaatar,PM2.5 - Principal,2022-07-14 11:00 PM,2022,07,14,23,8.8,37,Good,9.0,UG/M3,1 Hr,Valid
Ulaanbaatar,PM2.5 - Principal,2022-07-15 12:00 AM,2022,07,15,00,7.9,33,Good,7.0,UG/M3,1 Hr,Valid
Ulaanbaatar,PM2.5 - Principal,2022-07-15 01:00 AM,2022,07,15,01,6.9,29,Good,6.0,UG/M3,1 Hr,Valid
Ulaanbaatar,PM2.5 - Principal,2022-07-15 02:00 AM,2022,07,15,02,7.4,31,Good,8.0,UG/M3,1 Hr,Valid
Ulaanbaatar,PM2.5 - Principal,2022-07-15 03:00 AM,2022,07,15,03,6.2,26,Good,5.0,UG/M3,1 Hr,Valid
Ulaanbaatar,PM2.5 - Principal,2022-07-15 04:00 AM,2022,07,15,04,4.6,19,Good,3.0,UG/M3,1 Hr,Valid
Ulaanbaatar,PM2.5 - Principal,2022-07-15 05:00 AM,2022,07,15,05,4.8,20,Good,5.0,UG/M3,1 Hr,Valid
Ulaanbaatar,PM2.5 - Principal,2022-07-15 06:00 AM,2022,07,15,06,4.9,20,Good,5.0,UG/M3,1 Hr,Valid
Ulaanbaatar,PM2.5 - Principal,2022-07-15 07:00 AM,2022,07,15,07,4.9,20,Good,5.0,UG/M3,1 Hr,Valid
Ulaanbaatar,PM2.5 - Principal,2022-07-15 08:00 AM,2022,07,15,08,4.4,18,Good,4.0,UG/M3,1 Hr,Valid
Ulaanbaatar,PM2.5 - Principal,2022-07-15 09:00 AM,2022,07,15,09,3.7,15,Good,3.0,UG/M3,1 Hr,Valid
Ulaanbaatar,PM2.5 - Principal,2022-07-15 10:00 AM,2022,07,15,10,6.8,28,Good,10.0,UG/M3,1 Hr,Valid
Ulaanbaatar,PM2.5 - Principal,2022-07-15 11:00 AM,2022,07,15,11,8.4,35,Good,10.0,UG/M3,1 Hr,Valid
Ulaanbaatar,PM2.5 - Principal,2022-07-15 12:00 PM,2022,07,15,12,10.7,45,Good,13.0,UG/M3,1 Hr,Valid
Ulaanbaatar,PM2.5 - Principal,2022-07-15 01:00 PM,2022,07,15,13,12.8,52,Moderate,15.0,UG/M3,1 Hr,Valid
Ulaanbaatar,PM2.5 - Principal,2022-07-15 02:00 PM,2022,07,15,14,11.4,48,Good,10.0,UG/M3,1 Hr,Valid
Ulaanbaatar,PM2.5 - Principal,2022-07-15 03:00 PM,2022,07,15,15,10.2,43,Good,9.0,UG/M3,1 Hr,Valid
Ulaanbaatar,PM2.5 - Principal,2022-07-15 04:00 PM,2022,07,15,16,13.1,53,Moderate,16.0,UG/M3,1 Hr,Valid
Ulaanbaatar,PM2.5 - Principal,2022-07-15 05:00 PM,2022,07,15,17,12.0,50,Good,11.0,UG/M3,1 Hr,Valid
Ulaanbaatar,PM2.5 - Principal,2022-07-15 06:00 PM,2022,07,15,18,9.5,40,Good,7.0,UG/M3,1 Hr,Valid
Ulaanbaatar,PM2.5 - Principal,2022-07-15 07:00 PM,2022,07,15,19,7.2,30,Good,5.0,UG/M3,1 Hr,Valid
Ulaanbaatar,PM2.5 - Principal,2022-07-15 08:00 PM,2022,07,15,20,6.6,28,Good,6.0,UG/M3,1 Hr,Valid
Ulaanbaatar,PM2.5 - Principal,2022-07-15 09:00 PM,2022,07,15,21,6.8,28,Good,7.0,UG/M3,1 Hr,Valid
Ulaanbaatar,PM2.5 - Principal,2022-07-15 10:00 PM,2022,07,15,22,5.9,25,Good,5.0,UG/M3,1 Hr,Valid
Ulaanbaatar,PM2.5 - Principal,2022-07-15 11:00 PM,2022,07,15,23,4.9,20,Good,4.0,UG/M3,1 Hr,Valid
Ulaanbaatar,PM2.5 - Principal,2022-07-16 12:00 AM,2022,07,16,00,5.4,23,Good,6.0,UG/M3,1 Hr,Valid
Ulaanbaatar,PM2.5 - Principal,2022-07-16 01:00 AM,2022,07,16,01,5.7,24,Good,6.0,UG/M3,1 Hr,Valid
Ulaanbaatar,PM2.5 - Principal,2022-07-16 02:00 AM,2022,07,16,02,4.8,20,Good,4.0,UG/M3,1 Hr,Valid
Ulaanbaatar,PM2.5 - Principal,2022-07-16 03:00 AM,2022,07,16,03,3.4,14,Good,2.0,UG/M3,1 Hr,Valid
Ulaanbaatar,PM2.5 - Principal,2022-07-16 04:00 AM,2022,07,16,04,2.7,11,Good,2.0,UG/M3,1 Hr,Valid
Ulaanbaatar,PM2.5 - Principal,2022-07-16 05:00 AM,2022,07,16,05,1.8,8,Good,1.0,UG/M3,1 Hr,Valid
Ulaanbaatar,PM2.5 - Principal,2022-07-16 06:00 AM,2022,07,16,06,0.9,4,Good,0.0,UG/M3,1 Hr,Valid
Ulaanbaatar,PM2.5 - Principal,2022-07-16 07:00 AM,2022,07,16,07,2.4,10,Good,4.0,UG/M3,1 Hr,Valid
Ulaanbaatar,PM2.5 - Principal,2022-07-16 08:00 AM,2022,07,16,08,3.7,15,Good,5.0,UG/M3,1 Hr,Valid
Ulaanbaatar,PM2.5 - Principal,2022-07-16 09:00 AM,2022,07,16,09,5.8,24,Good,8.0,UG/M3,1 Hr,Valid
Ulaanbaatar,PM2.5 - Principal,2022-07-16 10:00 AM,2022,07,16,10,9.4,39,Good,13.0,UG/M3,1 Hr,Valid
Ulaanbaatar,PM2.5 - Principal,2022-07-16 11:00 AM,2022,07,16,11,12.7,52,Moderate,16.0,UG/M3,1 Hr,Valid
Ulaanbaatar,PM2.5 - Principal,2022-07-16 12:00 PM,2022,07,16,12,12.8,52,Moderate,13.0,UG/M3,1 Hr,Valid
Ulaanbaatar,PM2.5 - Principal,2022-07-16 01:00 PM,2022,07,16,13,15.9,59,Moderate,19.0,UG/M3,1 Hr,Valid
Ulaanbaatar,PM2.5 - Principal,2022-07-16 02:00 PM,2022,07,16,14,12.4,52,Moderate,9.0,UG/M3,1 Hr,Valid
Ulaanbaatar,PM2.5 - Principal,2022-07-16 03:00 PM,2022,07,16,15,9.2,38,Good,6.0,UG/M3,1 Hr,Valid
Ulaanbaatar,PM2.5 - Principal,2022-07-16 04:00 PM,2022,07,16,16,7.1,30,Good,5.0,UG/M3,1 Hr,Valid
Ulaanbaatar,PM2.5 - Principal,2022-07-16 05:00 PM,2022,07,16,17,6.5,27,Good,6.0,UG/M3,1 Hr,Valid
Ulaanbaatar,PM2.5 - Principal,2022-07-16 06:00 PM,2022,07,16,18,15.7,59,Moderate,25.0,UG/M3,1 Hr,Valid
Ulaanbaatar,PM2.5 - Principal,2022-07-16 07:00 PM,2022,07,16,19,13.8,55,Moderate,12.0,UG/M3,1 Hr,Valid
Ulaanbaatar,PM2.5 - Principal,2022-07-16 08:00 PM,2022,07,16,20,15.9,59,Moderate,18.0,UG/M3,1 Hr,Valid
Ulaanbaatar,PM2.5 - Principal,2022-07-16 09:00 PM,2022,07,16,21,10.9,45,Good,6.0,UG/M3,1 Hr,Valid
Ulaanbaatar,PM2.5 - Principal,2022-07-16 10:00 PM,2022,07,16,22,8.4,35,Good,6.0,UG/M3,1 Hr,Valid
Ulaanbaatar,PM2.5 - Principal,2022-07-16 11:00 PM,2022,07,16,23,8.7,36,Good,9.0,UG/M3,1 Hr,Valid
Ulaanbaatar,PM2.5 - Principal,2022-07-17 12:00 AM,2022,07,17,00,12.3,51,Moderate,16.0,UG/M3,1 Hr,Valid
Ulaanbaatar,PM2.5 - Principal,2022-07-17 01:00 AM,2022,07,17,01,13.1,53,Moderate,14.0,UG/M3,1 Hr,Valid
Ulaanbaatar,PM2.5 - Principal,2022-07-17 02:00 AM,2022,07,17,02,12.5,52,Moderate,12.0,UG/M3,1 Hr,Valid
Ulaanbaatar,PM2.5 - Principal,2022-07-17 03:00 AM,2022,07,17,03,11.7,49,Good,11.0,UG/M3,1 Hr,Valid
Ulaanbaatar,PM2.5 - Principal,2022-07-17 04:00 AM,2022,07,17,04,9.8,41,Good,8.0,UG/M3,1 Hr,Valid
Ulaanbaatar,PM2.5 - Principal,2022-07-17 05:00 AM,2022,07,17,05,7.9,33,Good,6.0,UG/M3,1 Hr,Valid
Ulaanbaatar,PM2.5 - Principal,2022-07-17 06:00 AM,2022,07,17,06,6.9,29,Good,6.0,UG/M3,1 Hr,Valid
Ulaanbaatar,PM2.5 - Principal,2022-07-17 07:00 AM,2022,07,17,07,6.4,27,Good,6.0,UG/M3,1 Hr,Valid
Ulaanbaatar,PM2.5 - Principal,2022-07-17 08:00 AM,2022,07,17,08,6.2,26,Good,6.0,UG/M3,1 Hr,Valid
Ulaanbaatar,PM2.5 - Principal,2022-07-17 09:00 AM,2022,07,17,09,8.1,34,Good,10.0,UG/M3,1 Hr,Valid
Ulaanbaatar,PM2.5 - Principal,2022-07-17 10:00 AM,2022,07,17,10,9.0,38,Good,10.0,UG/M3,1 Hr,Valid
Ulaanbaatar,PM2.5 - Principal,2022-07-17 11:00 AM,2022,07,17,11,15.0,57,Moderate,21.0,UG/M3,1 Hr,Valid
Ulaanbaatar,PM2.5 - Principal,2022-07-17 12:00 PM,2022,07,17,12,30.5,90,Moderate,46.0,UG/M3,1 Hr,Valid
Ulaanbaatar,PM2.5 - Principal,2022-07-17 01:00 PM,2022,07,17,13,26.2,81,Moderate,22.0,UG/M3,1 Hr,Valid
Ulaanbaatar,PM2.5 - Principal,2022-07-17 02:00 PM,2022,07,17,14,22.6,73,Moderate,19.0,UG/M3,1 Hr,Valid
Ulaanbaatar,PM2.5 - Principal,2022-07-17 03:00 PM,2022,07,17,15,20.8,69,Moderate,19.0,UG/M3,1 Hr,Valid
Ulaanbaatar,PM2.5 - Principal,2022-07-17 04:00 PM,2022,07,17,16,14.4,56,Moderate,8.0,UG/M3,1 Hr,Valid
Ulaanbaatar,PM2.5 - Principal,2022-07-17 05:00 PM,2022,07,17,17,9.2,38,Good,4.0,UG/M3,1 Hr,Valid
Ulaanbaatar,PM2.5 - Principal,2022-07-17 06:00 PM,2022,07,17,18,5.1,21,Good,1.0,UG/M3,1 Hr,Valid
Ulaanbaatar,PM2.5 - Principal,2022-07-17 07:00 PM,2022,07,17,19,4.5,19,Good,4.0,UG/M3,1 Hr,Valid
Ulaanbaatar,PM2.5 - Principal,2022-07-17 08:00 PM,2022,07,17,20,10.2,43,Good,16.0,UG/M3,1 Hr,Valid
Ulaanbaatar,PM2.5 - Principal,2022-07-17 09:00 PM,2022,07,17,21,10.1,42,Good,10.0,UG/M3,1 Hr,Valid
Ulaanbaatar,PM2.5 - Principal,2022-07-17 10:00 PM,2022,07,17,22,7.5,31,Good,5.0,UG/M3,1 Hr,Valid
Ulaanbaatar,PM2.5 - Principal,2022-07-17 11:00 PM,2022,07,17,23,11.7,49,Good,16.0,UG/M3,1 Hr,Valid
Ulaanbaatar,PM2.5 - Principal,2022-07-18 12:00 AM,2022,07,18,00,12.3,51,Moderate,13.0,UG/M3,1 Hr,Valid
Ulaanbaatar,PM2.5 - Principal,2022-07-18 01:00 AM,2022,07,18,01,11.6,48,Good,11.0,UG/M3,1 Hr,Valid
Ulaanbaatar,PM2.5 - Principal,2022-07-18 02:00 AM,2022,07,18,02,10.8,45,Good,10.0,UG/M3,1 Hr,Valid
Ulaanbaatar,PM2.5 - Principal,2022-07-18 03:00 AM,2022,07,18,03,9.9,41,Good,9.0,UG/M3,1 Hr,Valid
Ulaanbaatar,PM2.5 - Principal,2022-07-18 04:00 AM,2022,07,18,04,7.9,33,Good,6.0,UG/M3,1 Hr,Valid
Ulaanbaatar,PM2.5 - Principal,2022-07-18 05:00 AM,2022,07,18,05,6.9,29,Good,6.0,UG/M3,1 Hr,Valid
Ulaanbaatar,PM2.5 - Principal,2022-07-18 06:00 AM,2022,07,18,06,5.9,25,Good,5.0,UG/M3,1 Hr,Valid
Ulaanbaatar,PM2.5 - Principal,2022-07-18 07:00 AM,2022,07,18,07,5.4,23,Good,5.0,UG/M3,1 Hr,Valid
Ulaanbaatar,PM2.5 - Principal,2022-07-18 08:00 AM,2022,07,18,08,7.2,30,Good,9.0,UG/M3,1 Hr,Valid
Ulaanbaatar,PM2.5 - Principal,2022-07-18 09:00 AM,2022,07,18,09,8.6,36,Good,10.0,UG/M3,1 Hr,Valid
Ulaanbaatar,PM2.5 - Principal,2022-07-18 10:00 AM,2022,07,18,10,8.3,35,Good,8.0,UG/M3,1 Hr,Valid
Ulaanbaatar,PM2.5 - Principal,2022-07-18 11:00 AM,2022,07,18,11,7.1,30,Good,6.0,UG/M3,1 Hr,Valid
Ulaanbaatar,PM2.5 - Principal,2022-07-18 12:00 PM,2022,07,18,12,6.0,25,Good,5.0,UG/M3,1 Hr,Valid
Ulaanbaatar,PM2.5 - Principal,2022-07-18 01:00 PM,2022,07,18,13,4.0,17,Good,2.0,UG/M3,1 Hr,Valid
Ulaanbaatar,PM2.5 - Principal,2022-07-18 02:00 PM,2022,07,18,14,2.5,10,Good,1.0,UG/M3,1 Hr,Valid
Ulaanbaatar,PM2.5 - Principal,2022-07-18 03:00 PM,2022,07,18,15,1.7,7,Good,1.0,UG/M3,1 Hr,Valid
Ulaanbaatar,PM2.5 - Principal,2022-07-18 04:00 PM,2022,07,18,16,1.3,5,Good,1.0,UG/M3,1 Hr,Valid
Ulaanbaatar,PM2.5 - Principal,2022-07-18 05:00 PM,2022,07,18,17,1.3,5,Good,0.0,UG/M3,1 Hr,Invalid
Ulaanbaatar,PM2.5 - Principal,2022-07-18 06:00 PM,2022,07,18,18,-999.0,-999,N/A,0.0,UG/M3,1 Hr,Invalid
Ulaanbaatar,PM2.5 - Principal,2022-07-18 07:00 PM,2022,07,18,19,-999.0,-999,N/A,13.0,UG/M3,1 Hr,Valid
Ulaanbaatar,PM2.5 - Principal,2022-07-18 08:00 PM,2022,07,18,20,9.6,40,Good,9.0,UG/M3,1 Hr,Valid
Ulaanbaatar,PM2.5 - Principal,2022-07-18 09:00 PM,2022,07,18,21,9.2,38,Good,9.0,UG/M3,1 Hr,Valid
Ulaanbaatar,PM2.5 - Principal,2022-07-18 10:00 PM,2022,07,18,22,16.4,60,Moderate,23.0,UG/M3,1 Hr,Valid
Ulaanbaatar,PM2.5 - Principal,2022-07-18 11:00 PM,2022,07,18,23,18.2,64,Moderate,20.0,UG/M3,1 Hr,Valid
Ulaanbaatar,PM2.5 - Principal,2022-07-19 12:00 AM,2022,07,19,00,14.6,56,Moderate,11.0,UG/M3,1 Hr,Valid
Ulaanbaatar,PM2.5 - Principal,2022-07-19 01:00 AM,2022,07,19,01,11.2,47,Good,8.0,UG/M3,1 Hr,Valid
Ulaanbaatar,PM2.5 - Principal,2022-07-19 02:00 AM,2022,07,19,02,10.6,44,Good,10.0,UG/M3,1 Hr,Valid
Ulaanbaatar,PM2.5 - Principal,2022-07-19 03:00 AM,2022,07,19,03,10.8,45,Good,11.0,UG/M3,1 Hr,Valid
Ulaanbaatar,PM2.5 - Principal,2022-07-19 04:00 AM,2022,07,19,04,14.4,56,Moderate,18.0,UG/M3,1 Hr,Valid
Ulaanbaatar,PM2.5 - Principal,2022-07-19 05:00 AM,2022,07,19,05,12.7,52,Moderate,11.0,UG/M3,1 Hr,Valid
Ulaanbaatar,PM2.5 - Principal,2022-07-19 06:00 AM,2022,07,19,06,9.3,39,Good,6.0,UG/M3,1 Hr,Valid
Ulaanbaatar,PM2.5 - Principal,2022-07-19 07:00 AM,2022,07,19,07,9.1,38,Good,9.0,UG/M3,1 Hr,Valid
Ulaanbaatar,PM2.5 - Principal,2022-07-19 08:00 AM,2022,07,19,08,9.5,40,Good,10.0,UG/M3,1 Hr,Valid
Ulaanbaatar,PM2.5 - Principal,2022-07-19 09:00 AM,2022,07,19,09,10.2,43,Good,11.0,UG/M3,1 Hr,Valid
Ulaanbaatar,PM2.5 - Principal,2022-07-19 10:00 AM,2022,07,19,10,10.1,42,Good,10.0,UG/M3,1 Hr,Valid
Ulaanbaatar,PM2.5 - Principal,2022-07-19 11:00 AM,2022,07,19,11,7.5,31,Good,5.0,UG/M3,1 Hr,Valid
Ulaanbaatar,PM2.5 - Principal,2022-07-19 12:00 PM,2022,07,19,12,12.2,51,Moderate,17.0,UG/M3,1 Hr,Valid
Ulaanbaatar,PM2.5 - Principal,2022-07-19 01:00 PM,2022,07,19,13,16.6,60,Moderate,21.0,UG/M3,1 Hr,Valid
Ulaanbaatar,PM2.5 - Principal,2022-07-19 02:00 PM,2022,07,19,14,14.8,57,Moderate,13.0,UG/M3,1 Hr,Valid
Ulaanbaatar,PM2.5 - Principal,2022-07-19 03:00 PM,2022,07,19,15,12.9,53,Moderate,11.0,UG/M3,1 Hr,Valid
Ulaanbaatar,PM2.5 - Principal,2022-07-19 04:00 PM,2022,07,19,16,13.4,54,Moderate,14.0,UG/M3,1 Hr,Valid
Ulaanbaatar,PM2.5 - Principal,2022-07-19 05:00 PM,2022,07,19,17,11.2,47,Good,9.0,UG/M3,1 Hr,Valid
Ulaanbaatar,PM2.5 - Principal,2022-07-19 06:00 PM,2022,07,19,18,8.6,36,Good,6.0,UG/M3,1 Hr,Valid
Ulaanbaatar,PM2.5 - Principal,2022-07-19 07:00 PM,2022,07,19,19,7.8,33,Good,7.0,UG/M3,1 Hr,Valid
Ulaanbaatar,PM2.5 - Principal,2022-07-19 08:00 PM,2022,07,19,20,10.4,43,Good,13.0,UG/M3,1 Hr,Valid
Ulaanbaatar,PM2.5 - Principal,2022-07-19 09:00 PM,2022,07,19,21,11.2,47,Good,12.0,UG/M3,1 Hr,Valid
Ulaanbaatar,PM2.5 - Principal,2022-07-19 10:00 PM,2022,07,19,22,12.6,52,Moderate,14.0,UG/M3,1 Hr,Valid
Ulaanbaatar,PM2.5 - Principal,2022-07-19 11:00 PM,2022,07,19,23,15.3,58,Moderate,18.0,UG/M3,1 Hr,Valid
Ulaanbaatar,PM2.5 - Principal,2022-07-20 12:00 AM,2022,07,20,00,13.1,53,Moderate,11.0,UG/M3,1 Hr,Valid
Ulaanbaatar,PM2.5 - Principal,2022-07-20 01:00 AM,2022,07,20,01,13.5,54,Moderate,14.0,UG/M3,1 Hr,Valid
Ulaanbaatar,PM2.5 - Principal,2022-07-20 02:00 AM,2022,07,20,02,11.7,49,Good,10.0,UG/M3,1 Hr,Valid
Ulaanbaatar,PM2.5 - Principal,2022-07-20 03:00 AM,2022,07,20,03,11.3,47,Good,11.0,UG/M3,1 Hr,Valid
Ulaanbaatar,PM2.5 - Principal,2022-07-20 04:00 AM,2022,07,20,04,9.6,40,Good,8.0,UG/M3,1 Hr,Valid
Ulaanbaatar,PM2.5 - Principal,2022-07-20 05:00 AM,2022,07,20,05,8.8,37,Good,8.0,UG/M3,1 Hr,Valid
Ulaanbaatar,PM2.5 - Principal,2022-07-20 06:00 AM,2022,07,20,06,7.9,33,Good,7.0,UG/M3,1 Hr,Valid
Ulaanbaatar,PM2.5 - Principal,2022-07-20 07:00 AM,2022,07,20,07,6.9,29,Good,6.0,UG/M3,1 Hr,Valid
Ulaanbaatar,PM2.5 - Principal,2022-07-20 08:00 AM,2022,07,20,08,5.9,25,Good,5.0,UG/M3,1 Hr,Valid
Ulaanbaatar,PM2.5 - Principal,2022-07-20 09:00 AM,2022,07,20,09,4.4,18,Good,3.0,UG/M3,1 Hr,Valid
Ulaanbaatar,PM2.5 - Principal,2022-07-20 10:00 AM,2022,07,20,10,5.7,24,Good,7.0,UG/M3,1 Hr,Valid
Ulaanbaatar,PM2.5 - Principal,2022-07-20 11:00 AM,2022,07,20,11,7.8,33,Good,10.0,UG/M3,1 Hr,Valid
Ulaanbaatar,PM2.5 - Principal,2022-07-20 12:00 PM,2022,07,20,12,8.4,35,Good,9.0,UG/M3,1 Hr,Valid
Ulaanbaatar,PM2.5 - Principal,2022-07-20 01:00 PM,2022,07,20,13,8.7,36,Good,9.0,UG/M3,1 Hr,Valid
Ulaanbaatar,PM2.5 - Principal,2022-07-20 02:00 PM,2022,07,20,14,8.8,37,Good,9.0,UG/M3,1 Hr,Valid
Ulaanbaatar,PM2.5 - Principal,2022-07-20 03:00 PM,2022,07,20,15,7.9,33,Good,7.0,UG/M3,1 Hr,Valid
Ulaanbaatar,PM2.5 - Principal,2022-07-20 04:00 PM,2022,07,20,16,7.9,33,Good,8.0,UG/M3,1 Hr,Valid
Ulaanbaatar,PM2.5 - Principal,2022-07-20 05:00 PM,2022,07,20,17,7.4,31,Good,7.0,UG/M3,1 Hr,Valid
Ulaanbaatar,PM2.5 - Principal,2022-07-20 06:00 PM,2022,07,20,18,6.2,26,Good,5.0,UG/M3,1 Hr,Valid
Ulaanbaatar,PM2.5 - Principal,2022-07-20 07:00 PM,2022,07,20,19,6.6,28,Good,7.0,UG/M3,1 Hr,Valid
Ulaanbaatar,PM2.5 - Principal,2022-07-20 08:00 PM,2022,07,20,20,7.8,33,Good,9.0,UG/M3,1 Hr,Valid
Ulaanbaatar,PM2.5 - Principal,2022-07-20 09:00 PM,2022,07,20,21,7.9,33,Good,8.0,UG/M3,1 Hr,Valid
Ulaanbaatar,PM2.5 - Principal,2022-07-20 10:00 PM,2022,07,20,22,8.9,37,Good,10.0,UG/M3,1 Hr,Valid
Ulaanbaatar,PM2.5 - Principal,2022-07-20 11:00 PM,2022,07,20,23,8.4,35,Good,8.0,UG/M3,1 Hr,Valid
Ulaanbaatar,PM2.5 - Principal,2022-07-21 12:00 AM,2022,07,21,00,7.7,32,Good,7.0,UG/M3,1 Hr,Valid
Ulaanbaatar,PM2.5 - Principal,2022-07-21 01:00 AM,2022,07,21,01,6.3,26,Good,5.0,UG/M3,1 Hr,Valid
Ulaanbaatar,PM2.5 - Principal,2022-07-21 02:00 AM,2022,07,21,02,5.1,21,Good,4.0,UG/M3,1 Hr,Valid
Ulaanbaatar,PM2.5 - Principal,2022-07-21 03:00 AM,2022,07,21,03,7.0,29,Good,9.0,UG/M3,1 Hr,Valid
Ulaanbaatar,PM2.5 - Principal,2022-07-21 04:00 AM,2022,07,21,04,8.0,33,Good,9.0,UG/M3,1 Hr,Valid
Ulaanbaatar,PM2.5 - Principal,2022-07-21 05:00 AM,2022,07,21,05,8.0,33,Good,8.0,UG/M3,1 Hr,Valid
Ulaanbaatar,PM2.5 - Principal,2022-07-21 06:00 AM,2022,07,21,06,9.0,38,Good,10.0,UG/M3,1 Hr,Valid
Ulaanbaatar,PM2.5 - Principal,2022-07-21 07:00 AM,2022,07,21,07,8.5,35,Good,8.0,UG/M3,1 Hr,Valid
Ulaanbaatar,PM2.5 - Principal,2022-07-21 08:00 AM,2022,07,21,08,7.7,32,Good,7.0,UG/M3,1 Hr,Valid
Ulaanbaatar,PM2.5 - Principal,2022-07-21 09:00 AM,2022,07,21,09,9.3,39,Good,11.0,UG/M3,1 Hr,Valid
Ulaanbaatar,PM2.5 - Principal,2022-07-21 10:00 AM,2022,07,21,10,11.1,46,Good,13.0,UG/M3,1 Hr,Valid
Ulaanbaatar,PM2.5 - Principal,2022-07-21 11:00 AM,2022,07,21,11,9.5,40,Good,8.0,UG/M3,1 Hr,Valid
Ulaanbaatar,PM2.5 - Principal,2022-07-21 12:00 PM,2022,07,21,12,7.2,30,Good,5.0,UG/M3,1 Hr,Valid
Ulaanbaatar,PM2.5 - Principal,2022-07-21 01:00 PM,2022,07,21,13,6.6,28,Good,6.0,UG/M3,1 Hr,Valid
Ulaanbaatar,PM2.5 - Principal,2022-07-21 02:00 PM,2022,07,21,14,7.8,33,Good,9.0,UG/M3,1 Hr,Valid
Ulaanbaatar,PM2.5 - Principal,2022-07-21 03:00 PM,2022,07,21,15,7.4,31,Good,7.0,UG/M3,1 Hr,Valid
Ulaanbaatar,PM2.5 - Principal,2022-07-21 04:00 PM,2022,07,21,16,7.7,32,Good,8.0,UG/M3,1 Hr,Valid
Ulaanbaatar,PM2.5 - Principal,2022-07-21 05:00 PM,2022,07,21,17,7.3,30,Good,7.0,UG/M3,1 Hr,Valid
Ulaanbaatar,PM2.5 - Principal,2022-07-21 06:00 PM,2022,07,21,18,8.1,34,Good,9.0,UG/M3,1 Hr,Valid
Ulaanbaatar,PM2.5 - Principal,2022-07-21 07:00 PM,2022,07,21,19,10.0,42,Good,12.0,UG/M3,1 Hr,Valid
Ulaanbaatar,PM2.5 - Principal,2022-07-21 08:00 PM,2022,07,21,20,10.5,44,Good,11.0,UG/M3,1 Hr,Valid
Ulaanbaatar,PM2.5 - Principal,2022-07-21 09:00 PM,2022,07,21,21,12.2,51,Moderate,14.0,UG/M3,1 Hr,Valid
Ulaanbaatar,PM2.5 - Principal,2022-07-21 10:00 PM,2022,07,21,22,12.6,52,Moderate,13.0,UG/M3,1 Hr,Valid
Ulaanbaatar,PM2.5 - Principal,2022-07-21 11:00 PM,2022,07,21,23,13.8,55,Moderate,15.0,UG/M3,1 Hr,Valid
Ulaanbaatar,PM2.5 - Principal,2022-07-22 12:00 AM,2022,07,22,00,15.4,58,Moderate,17.0,UG/M3,1 Hr,Valid
Ulaanbaatar,PM2.5 - Principal,2022-07-22 01:00 AM,2022,07,22,01,13.7,54,Moderate,12.0,UG/M3,1 Hr,Valid
Ulaanbaatar,PM2.5 - Principal,2022-07-22 02:00 AM,2022,07,22,02,10.8,45,Good,8.0,UG/M3,1 Hr,Valid
Ulaanbaatar,PM2.5 - Principal,2022-07-22 03:00 AM,2022,07,22,03,10.9,45,Good,11.0,UG/M3,1 Hr,Valid
Ulaanbaatar,PM2.5 - Principal,2022-07-22 04:00 AM,2022,07,22,04,11.9,50,Good,13.0,UG/M3,1 Hr,Valid
Ulaanbaatar,PM2.5 - Principal,2022-07-22 05:00 AM,2022,07,22,05,11.9,50,Good,12.0,UG/M3,1 Hr,Valid
Ulaanbaatar,PM2.5 - Principal,2022-07-22 06:00 AM,2022,07,22,06,13.4,54,Moderate,15.0,UG/M3,1 Hr,Valid
Ulaanbaatar,PM2.5 - Principal,2022-07-22 07:00 AM,2022,07,22,07,9.7,40,Good,6.0,UG/M3,1 Hr,Valid
Ulaanbaatar,PM2.5 - Principal,2022-07-22 08:00 AM,2022,07,22,08,6.8,28,Good,4.0,UG/M3,1 Hr,Valid
Ulaanbaatar,PM2.5 - Principal,2022-07-22 09:00 AM,2022,07,22,09,3.9,16,Good,1.0,UG/M3,1 Hr,Valid
Ulaanbaatar,PM2.5 - Principal,2022-07-22 10:00 AM,2022,07,22,10,3.9,16,Good,0.0,UG/M3,1 Hr,Invalid
Ulaanbaatar,PM2.5 - Principal,2022-07-22 11:00 AM,2022,07,22,11,2.6,11,Good,2.0,UG/M3,1 Hr,Valid
Ulaanbaatar,PM2.5 - Principal,2022-07-22 12:00 PM,2022,07,22,12,2.8,12,Good,3.0,UG/M3,1 Hr,Valid
Ulaanbaatar,PM2.5 - Principal,2022-07-22 01:00 PM,2022,07,22,13,4.5,19,Good,6.0,UG/M3,1 Hr,Valid
Ulaanbaatar,PM2.5 - Principal,2022-07-22 02:00 PM,2022,07,22,14,4.2,18,Good,4.0,UG/M3,1 Hr,Valid
Ulaanbaatar,PM2.5 - Principal,2022-07-22 03:00 PM,2022,07,22,15,4.1,17,Good,4.0,UG/M3,1 Hr,Valid
Ulaanbaatar,PM2.5 - Principal,2022-07-22 04:00 PM,2022,07,22,16,4.5,19,Good,5.0,UG/M3,1 Hr,Valid
Ulaanbaatar,PM2.5 - Principal,2022-07-22 05:00 PM,2022,07,22,17,4.2,18,Good,4.0,UG/M3,1 Hr,Valid
Ulaanbaatar,PM2.5 - Principal,2022-07-22 06:00 PM,2022,07,22,18,4.6,19,Good,5.0,UG/M3,1 Hr,Valid
Ulaanbaatar,PM2.5 - Principal,2022-07-22 07:00 PM,2022,07,22,19,3.3,14,Good,2.0,UG/M3,1 Hr,Valid
Ulaanbaatar,PM2.5 - Principal,2022-07-22 08:00 PM,2022,07,22,20,3.6,15,Good,4.0,UG/M3,1 Hr,Valid
Ulaanbaatar,PM2.5 - Principal,2022-07-22 09:00 PM,2022,07,22,21,6.3,26,Good,9.0,UG/M3,1 Hr,Valid
Ulaanbaatar,PM2.5 - Principal,2022-07-22 10:00 PM,2022,07,22,22,5.6,23,Good,5.0,UG/M3,1 Hr,Valid
Ulaanbaatar,PM2.5 - Principal,2022-07-22 11:00 PM,2022,07,22,23,3.8,16,Good,2.0,UG/M3,1 Hr,Valid
Ulaanbaatar,PM2.5 - Principal,2022-07-23 12:00 AM,2022,07,23,00,3.4,14,Good,3.0,UG/M3,1 Hr,Valid
Ulaanbaatar,PM2.5 - Principal,2022-07-23 01:00 AM,2022,07,23,01,4.2,18,Good,5.0,UG/M3,1 Hr,Valid
Ulaanbaatar,PM2.5 - Principal,2022-07-23 02:00 AM,2022,07,23,02,4.1,17,Good,4.0,UG/M3,1 Hr,Valid
Ulaanbaatar,PM2.5 - Principal,2022-07-23 03:00 AM,2022,07,23,03,6.5,27,Good,9.0,UG/M3,1 Hr,Valid
Ulaanbaatar,PM2.5 - Principal,2022-07-23 04:00 AM,2022,07,23,04,7.7,32,Good,9.0,UG/M3,1 Hr,Valid
Ulaanbaatar,PM2.5 - Principal,2022-07-23 05:00 AM,2022,07,23,05,6.8,28,Good,6.0,UG/M3,1 Hr,Valid
Ulaanbaatar,PM2.5 - Principal,2022-07-23 06:00 AM,2022,07,23,06,5.4,23,Good,4.0,UG/M3,1 Hr,Valid
Ulaanbaatar,PM2.5 - Principal,2022-07-23 07:00 AM,2022,07,23,07,4.2,18,Good,3.0,UG/M3,1 Hr,Valid
Ulaanbaatar,PM2.5 - Principal,2022-07-23 08:00 AM,2022,07,23,08,4.6,19,Good,5.0,UG/M3,1 Hr,Valid
Ulaanbaatar,PM2.5 - Principal,2022-07-23 09:00 AM,2022,07,23,09,5.3,22,Good,6.0,UG/M3,1 Hr,Valid
Ulaanbaatar,PM2.5 - Principal,2022-07-23 10:00 AM,2022,07,23,10,6.1,25,Good,7.0,UG/M3,1 Hr,Valid
Ulaanbaatar,PM2.5 - Principal,2022-07-23 11:00 AM,2022,07,23,11,5.5,23,Good,5.0,UG/M3,1 Hr,Valid
Ulaanbaatar,PM2.5 - Principal,2022-07-23 12:00 PM,2022,07,23,12,4.2,18,Good,3.0,UG/M3,1 Hr,Valid
Ulaanbaatar,PM2.5 - Principal,2022-07-23 01:00 PM,2022,07,23,13,4.1,17,Good,4.0,UG/M3,1 Hr,Valid
Ulaanbaatar,PM2.5 - Principal,2022-07-23 02:00 PM,2022,07,23,14,3.0,13,Good,2.0,UG/M3,1 Hr,Valid
Ulaanbaatar,PM2.5 - Principal,2022-07-23 03:00 PM,2022,07,23,15,2.0,8,Good,1.0,UG/M3,1 Hr,Valid
Ulaanbaatar,PM2.5 - Principal,2022-07-23 04:00 PM,2022,07,23,16,2.0,8,Good,2.0,UG/M3,1 Hr,Valid
Ulaanbaatar,PM2.5 - Principal,2022-07-23 05:00 PM,2022,07,23,17,1.5,6,Good,1.0,UG/M3,1 Hr,Valid
Ulaanbaatar,PM2.5 - Principal,2022-07-23 06:00 PM,2022,07,23,18,1.5,6,Good,-1.0,UG/M3,1 Hr,Invalid
Ulaanbaatar,PM2.5 - Principal,2022-07-23 07:00 PM,2022,07,23,19,1.8,8,Good,2.0,UG/M3,1 Hr,Valid
Ulaanbaatar,PM2.5 - Principal,2022-07-23 08:00 PM,2022,07,23,20,3.0,13,Good,4.0,UG/M3,1 Hr,Valid
Ulaanbaatar,PM2.5 - Principal,2022-07-23 09:00 PM,2022,07,23,21,4.1,17,Good,5.0,UG/M3,1 Hr,Valid
Ulaanbaatar,PM2.5 - Principal,2022-07-23 10:00 PM,2022,07,23,22,8.1,34,Good,12.0,UG/M3,1 Hr,Valid
Ulaanbaatar,PM2.5 - Principal,2022-07-23 11:00 PM,2022,07,23,23,9.1,38,Good,10.0,UG/M3,1 Hr,Valid
Ulaanbaatar,PM2.5 - Principal,2022-07-24 12:00 AM,2022,07,24,00,9.0,38,Good,9.0,UG/M3,1 Hr,Valid
Ulaanbaatar,PM2.5 - Principal,2022-07-24 01:00 AM,2022,07,24,01,7.5,31,Good,6.0,UG/M3,1 Hr,Valid
Ulaanbaatar,PM2.5 - Principal,2022-07-24 02:00 AM,2022,07,24,02,7.7,32,Good,8.0,UG/M3,1 Hr,Valid
Ulaanbaatar,PM2.5 - Principal,2022-07-24 03:00 AM,2022,07,24,03,10.3,43,Good,13.0,UG/M3,1 Hr,Valid
Ulaanbaatar,PM2.5 - Principal,2022-07-24 04:00 AM,2022,07,24,04,9.6,40,Good,9.0,UG/M3,1 Hr,Valid
Ulaanbaatar,PM2.5 - Principal,2022-07-24 05:00 AM,2022,07,24,05,8.8,37,Good,8.0,UG/M3,1 Hr,Valid
Ulaanbaatar,PM2.5 - Principal,2022-07-24 06:00 AM,2022,07,24,06,8.9,37,Good,9.0,UG/M3,1 Hr,Valid
Ulaanbaatar,PM2.5 - Principal,2022-07-24 07:00 AM,2022,07,24,07,7.4,31,Good,6.0,UG/M3,1 Hr,Valid
Ulaanbaatar,PM2.5 - Principal,2022-07-24 08:00 AM,2022,07,24,08,6.2,26,Good,5.0,UG/M3,1 Hr,Valid
Ulaanbaatar,PM2.5 - Principal,2022-07-24 09:00 AM,2022,07,24,09,6.6,28,Good,7.0,UG/M3,1 Hr,Valid
Ulaanbaatar,PM2.5 - Principal,2022-07-24 10:00 AM,2022,07,24,10,7.3,30,Good,8.0,UG/M3,1 Hr,Valid
Ulaanbaatar,PM2.5 - Principal,2022-07-24 11:00 AM,2022,07,24,11,10.1,42,Good,13.0,UG/M3,1 Hr,Valid
Ulaanbaatar,PM2.5 - Principal,2022-07-24 12:00 PM,2022,07,24,12,9.0,38,Good,8.0,UG/M3,1 Hr,Valid
Ulaanbaatar,PM2.5 - Principal,2022-07-24 01:00 PM,2022,07,24,13,6.5,27,Good,4.0,UG/M3,1 Hr,Valid
Ulaanbaatar,PM2.5 - Principal,2022-07-24 02:00 PM,2022,07,24,14,4.7,20,Good,3.0,UG/M3,1 Hr,Valid
Ulaanbaatar,PM2.5 - Principal,2022-07-24 03:00 PM,2022,07,24,15,3.3,14,Good,2.0,UG/M3,1 Hr,Valid
Ulaanbaatar,PM2.5 - Principal,2022-07-24 04:00 PM,2022,07,24,16,2.1,9,Good,1.0,UG/M3,1 Hr,Valid
Ulaanbaatar,PM2.5 - Principal,2022-07-24 05:00 PM,2022,07,24,17,2.0,8,Good,2.0,UG/M3,1 Hr,Valid
Ulaanbaatar,PM2.5 - Principal,2022-07-24 06:00 PM,2022,07,24,18,2.0,8,Good,2.0,UG/M3,1 Hr,Valid
Ulaanbaatar,PM2.5 - Principal,2022-07-24 07:00 PM,2022,07,24,19,2.0,8,Good,2.0,UG/M3,1 Hr,Valid
Ulaanbaatar,PM2.5 - Principal,2022-07-24 08:00 PM,2022,07,24,20,3.0,13,Good,4.0,UG/M3,1 Hr,Valid
Ulaanbaatar,PM2.5 - Principal,2022-07-24 09:00 PM,2022,07,24,21,4.0,17,Good,5.0,UG/M3,1 Hr,Valid
Ulaanbaatar,PM2.5 - Principal,2022-07-24 10:00 PM,2022,07,24,22,7.0,29,Good,10.0,UG/M3,1 Hr,Valid
Ulaanbaatar,PM2.5 - Principal,2022-07-24 11:00 PM,2022,07,24,23,13.0,53,Moderate,19.0,UG/M3,1 Hr,Valid
Ulaanbaatar,PM2.5 - Principal,2022-07-25 12:00 AM,2022,07,25,00,15.0,57,Moderate,17.0,UG/M3,1 Hr,Valid
Ulaanbaatar,PM2.5 - Principal,2022-07-25 01:00 AM,2022,07,25,01,15.0,57,Moderate,15.0,UG/M3,1 Hr,Valid
Ulaanbaatar,PM2.5 - Principal,2022-07-25 02:00 AM,2022,07,25,02,11.5,48,Good,8.0,UG/M3,1 Hr,Valid
Ulaanbaatar,PM2.5 - Principal,2022-07-25 03:00 AM,2022,07,25,03,9.2,38,Good,7.0,UG/M3,1 Hr,Valid
Ulaanbaatar,PM2.5 - Principal,2022-07-25 04:00 AM,2022,07,25,04,7.1,30,Good,5.0,UG/M3,1 Hr,Valid
Ulaanbaatar,PM2.5 - Principal,2022-07-25 05:00 AM,2022,07,25,05,5.5,23,Good,4.0,UG/M3,1 Hr,Valid
Ulaanbaatar,PM2.5 - Principal,2022-07-25 06:00 AM,2022,07,25,06,4.7,20,Good,4.0,UG/M3,1 Hr,Valid
Ulaanbaatar,PM2.5 - Principal,2022-07-25 07:00 AM,2022,07,25,07,5.3,22,Good,6.0,UG/M3,1 Hr,Valid
Ulaanbaatar,PM2.5 - Principal,2022-07-25 08:00 AM,2022,07,25,08,9.6,40,Good,14.0,UG/M3,1 Hr,Valid
Ulaanbaatar,PM2.5 - Principal,2022-07-25 09:00 AM,2022,07,25,09,12.3,51,Moderate,15.0,UG/M3,1 Hr,Valid
Ulaanbaatar,PM2.5 - Principal,2022-07-25 10:00 AM,2022,07,25,10,12.6,52,Moderate,13.0,UG/M3,1 Hr,Valid
Ulaanbaatar,PM2.5 - Principal,2022-07-25 11:00 AM,2022,07,25,11,10.3,43,Good,8.0,UG/M3,1 Hr,Valid
Ulaanbaatar,PM2.5 - Principal,2022-07-25 12:00 PM,2022,07,25,12,8.6,36,Good,7.0,UG/M3,1 Hr,Valid
Ulaanbaatar,PM2.5 - Principal,2022-07-25 01:00 PM,2022,07,25,13,6.3,26,Good,4.0,UG/M3,1 Hr,Valid
Ulaanbaatar,PM2.5 - Principal,2022-07-25 02:00 PM,2022,07,25,14,3.6,15,Good,1.0,UG/M3,1 Hr,Valid
Ulaanbaatar,PM2.5 - Principal,2022-07-25 03:00 PM,2022,07,25,15,8.3,35,Good,13.0,UG/M3,1 Hr,Valid
Ulaanbaatar,PM2.5 - Principal,2022-07-25 04:00 PM,2022,07,25,16,8.6,36,Good,9.0,UG/M3,1 Hr,Valid
Ulaanbaatar,PM2.5 - Principal,2022-07-25 05:00 PM,2022,07,25,17,8.3,35,Good,8.0,UG/M3,1 Hr,Valid
Ulaanbaatar,PM2.5 - Principal,2022-07-25 06:00 PM,2022,07,25,18,6.1,25,Good,4.0,UG/M3,1 Hr,Valid
Ulaanbaatar,PM2.5 - Principal,2022-07-25 07:00 PM,2022,07,25,19,5.5,23,Good,5.0,UG/M3,1 Hr,Valid
Ulaanbaatar,PM2.5 - Principal,2022-07-25 08:00 PM,2022,07,25,20,5.2,22,Good,5.0,UG/M3,1 Hr,Valid
Ulaanbaatar,PM2.5 - Principal,2022-07-25 09:00 PM,2022,07,25,21,3.6,15,Good,2.0,UG/M3,1 Hr,Valid
Ulaanbaatar,PM2.5 - Principal,2022-07-25 10:00 PM,2022,07,25,22,9.3,39,Good,15.0,UG/M3,1 Hr,Valid
Ulaanbaatar,PM2.5 - Principal,2022-07-25 11:00 PM,2022,07,25,23,12.1,51,Moderate,15.0,UG/M3,1 Hr,Valid
Ulaanbaatar,PM2.5 - Principal,2022-07-26 12:00 AM,2022,07,26,00,11.0,46,Good,10.0,UG/M3,1 Hr,Valid
Ulaanbaatar,PM2.5 - Principal,2022-07-26 01:00 AM,2022,07,26,01,11.0,46,Good,11.0,UG/M3,1 Hr,Valid
Ulaanbaatar,PM2.5 - Principal,2022-07-26 02:00 AM,2022,07,26,02,11.0,46,Good,11.0,UG/M3,1 Hr,Valid
Ulaanbaatar,PM2.5 - Principal,2022-07-26 03:00 AM,2022,07,26,03,10.0,42,Good,9.0,UG/M3,1 Hr,Valid
Ulaanbaatar,PM2.5 - Principal,2022-07-26 04:00 AM,2022,07,26,04,10.0,42,Good,10.0,UG/M3,1 Hr,Valid
Ulaanbaatar,PM2.5 - Principal,2022-07-26 05:00 AM,2022,07,26,05,8.5,35,Good,7.0,UG/M3,1 Hr,Valid
Ulaanbaatar,PM2.5 - Principal,2022-07-26 06:00 AM,2022,07,26,06,6.2,26,Good,4.0,UG/M3,1 Hr,Valid
Ulaanbaatar,PM2.5 - Principal,2022-07-26 07:00 AM,2022,07,26,07,4.6,19,Good,3.0,UG/M3,1 Hr,Valid
Ulaanbaatar,PM2.5 - Principal,2022-07-26 08:00 AM,2022,07,26,08,6.3,26,Good,8.0,UG/M3,1 Hr,Valid
Ulaanbaatar,PM2.5 - Principal,2022-07-26 09:00 AM,2022,07,26,09,7.6,32,Good,9.0,UG/M3,1 Hr,Valid
Ulaanbaatar,PM2.5 - Principal,2022-07-26 10:00 AM,2022,07,26,10,7.3,30,Good,7.0,UG/M3,1 Hr,Valid
Ulaanbaatar,PM2.5 - Principal,2022-07-26 11:00 AM,2022,07,26,11,6.6,28,Good,6.0,UG/M3,1 Hr,Valid
Ulaanbaatar,PM2.5 - Principal,2022-07-26 12:00 PM,2022,07,26,12,8.3,35,Good,10.0,UG/M3,1 Hr,Valid
Ulaanbaatar,PM2.5 - Principal,2022-07-26 01:00 PM,2022,07,26,13,10.1,42,Good,12.0,UG/M3,1 Hr,Valid
Ulaanbaatar,PM2.5 - Principal,2022-07-26 02:00 PM,2022,07,26,14,8.5,35,Good,7.0,UG/M3,1 Hr,Valid
Ulaanbaatar,PM2.5 - Principal,2022-07-26 03:00 PM,2022,07,26,15,4.2,18,Good,0.0,UG/M3,1 Hr,Valid
Ulaanbaatar,PM2.5 - Principal,2022-07-26 04:00 PM,2022,07,26,16,6.1,25,Good,8.0,UG/M3,1 Hr,Valid
Ulaanbaatar,PM2.5 - Principal,2022-07-26 05:00 PM,2022,07,26,17,6.0,25,Good,6.0,UG/M3,1 Hr,Valid
Ulaanbaatar,PM2.5 - Principal,2022-07-26 06:00 PM,2022,07,26,18,6.0,25,Good,6.0,UG/M3,1 Hr,Valid
Ulaanbaatar,PM2.5 - Principal,2022-07-26 07:00 PM,2022,07,26,19,5.0,21,Good,4.0,UG/M3,1 Hr,Valid
Ulaanbaatar,PM2.5 - Principal,2022-07-26 08:00 PM,2022,07,26,20,4.0,17,Good,3.0,UG/M3,1 Hr,Valid
Ulaanbaatar,PM2.5 - Principal,2022-07-26 09:00 PM,2022,07,26,21,4.0,17,Good,4.0,UG/M3,1 Hr,Valid
Ulaanbaatar,PM2.5 - Principal,2022-07-26 10:00 PM,2022,07,26,22,4.5,19,Good,5.0,UG/M3,1 Hr,Valid
Ulaanbaatar,PM2.5 - Principal,2022-07-26 11:00 PM,2022,07,26,23,6.2,26,Good,8.0,UG/M3,1 Hr,Valid
Ulaanbaatar,PM2.5 - Principal,2022-07-27 12:00 AM,2022,07,27,00,7.6,32,Good,9.0,UG/M3,1 Hr,Valid
Ulaanbaatar,PM2.5 - Principal,2022-07-27 01:00 AM,2022,07,27,01,7.3,30,Good,7.0,UG/M3,1 Hr,Valid
Ulaanbaatar,PM2.5 - Principal,2022-07-27 02:00 AM,2022,07,27,02,7.6,32,Good,8.0,UG/M3,1 Hr,Valid
Ulaanbaatar,PM2.5 - Principal,2022-07-27 03:00 AM,2022,07,27,03,6.8,28,Good,6.0,UG/M3,1 Hr,Valid
Ulaanbaatar,PM2.5 - Principal,2022-07-27 04:00 AM,2022,07,27,04,5.9,25,Good,5.0,UG/M3,1 Hr,Valid
Ulaanbaatar,PM2.5 - Principal,2022-07-27 05:00 AM,2022,07,27,05,4.4,18,Good,3.0,UG/M3,1 Hr,Valid
Ulaanbaatar,PM2.5 - Principal,2022-07-27 06:00 AM,2022,07,27,06,3.7,15,Good,3.0,UG/M3,1 Hr,Valid
Ulaanbaatar,PM2.5 - Principal,2022-07-27 07:00 AM,2022,07,27,07,3.3,14,Good,3.0,UG/M3,1 Hr,Valid
Ulaanbaatar,PM2.5 - Principal,2022-07-27 08:00 AM,2022,07,27,08,4.6,19,Good,6.0,UG/M3,1 Hr,Valid
Ulaanbaatar,PM2.5 - Principal,2022-07-27 09:00 AM,2022,07,27,09,5.3,22,Good,6.0,UG/M3,1 Hr,Valid
Ulaanbaatar,PM2.5 - Principal,2022-07-27 10:00 AM,2022,07,27,10,5.6,23,Good,6.0,UG/M3,1 Hr,Valid
Ulaanbaatar,PM2.5 - Principal,2022-07-27 11:00 AM,2022,07,27,11,4.8,20,Good,4.0,UG/M3,1 Hr,Valid
Ulaanbaatar,PM2.5 - Principal,2022-07-27 12:00 PM,2022,07,27,12,4.4,18,Good,4.0,UG/M3,1 Hr,Valid
Ulaanbaatar,PM2.5 - Principal,2022-07-27 01:00 PM,2022,07,27,13,3.7,15,Good,3.0,UG/M3,1 Hr,Valid
Ulaanbaatar,PM2.5 - Principal,2022-07-27 02:00 PM,2022,07,27,14,2.8,12,Good,2.0,UG/M3,1 Hr,Valid
Ulaanbaatar,PM2.5 - Principal,2022-07-27 03:00 PM,2022,07,27,15,3.9,16,Good,5.0,UG/M3,1 Hr,Valid
Ulaanbaatar,PM2.5 - Principal,2022-07-27 04:00 PM,2022,07,27,16,3.9,16,Good,4.0,UG/M3,1 Hr,Valid
Ulaanbaatar,PM2.5 - Principal,2022-07-27 05:00 PM,2022,07,27,17,3.4,14,Good,3.0,UG/M3,1 Hr,Valid
Ulaanbaatar,PM2.5 - Principal,2022-07-27 06:00 PM,2022,07,27,18,3.2,13,Good,3.0,UG/M3,1 Hr,Valid
Ulaanbaatar,PM2.5 - Principal,2022-07-27 07:00 PM,2022,07,27,19,3.2,13,Good,-999.0,UG/M3,1 Hr,Missing
Ulaanbaatar,PM2.5 - Principal,2022-07-28 12:00 PM,2022,07,28,12,-999.0,-999,N/A,6.0,UG/M3,1 Hr,Valid
Ulaanbaatar,PM2.5 - Principal,2022-07-28 01:00 PM,2022,07,28,13,12.0,50,Good,15.0,UG/M3,1 Hr,Valid
Ulaanbaatar,PM2.5 - Principal,2022-07-28 02:00 PM,2022,07,28,14,13.1,53,Moderate,14.0,UG/M3,1 Hr,Valid
Ulaanbaatar,PM2.5 - Principal,2022-07-28 03:00 PM,2022,07,28,15,15.7,59,Moderate,18.0,UG/M3,1 Hr,Valid
Ulaanbaatar,PM2.5 - Principal,2022-07-28 04:00 PM,2022,07,28,16,14.8,57,Moderate,14.0,UG/M3,1 Hr,Valid
Ulaanbaatar,PM2.5 - Principal,2022-07-28 05:00 PM,2022,07,28,17,14.4,56,Moderate,14.0,UG/M3,1 Hr,Valid
Ulaanbaatar,PM2.5 - Principal,2022-07-28 06:00 PM,2022,07,28,18,14.4,56,Moderate,-999.0,UG/M3,1 Hr,Missing
Ulaanbaatar,PM2.5 - Principal,2022-07-28 07:00 PM,2022,07,28,19,8.1,34,Good,5.0,UG/M3,1 Hr,Valid
Ulaanbaatar,PM2.5 - Principal,2022-07-28 08:00 PM,2022,07,28,20,5.7,24,Good,4.0,UG/M3,1 Hr,Valid
Ulaanbaatar,PM2.5 - Principal,2022-07-28 09:00 PM,2022,07,28,21,6.9,29,Good,8.0,UG/M3,1 Hr,Valid
Ulaanbaatar,PM2.5 - Principal,2022-07-28 10:00 PM,2022,07,28,22,14.2,55,Moderate,21.0,UG/M3,1 Hr,Valid
Ulaanbaatar,PM2.5 - Principal,2022-07-28 11:00 PM,2022,07,28,23,24.7,77,Moderate,35.0,UG/M3,1 Hr,Valid
Ulaanbaatar,PM2.5 - Principal,2022-07-29 12:00 AM,2022,07,29,00,23.3,75,Moderate,22.0,UG/M3,1 Hr,Valid
Ulaanbaatar,PM2.5 - Principal,2022-07-29 01:00 AM,2022,07,29,01,19.6,67,Moderate,16.0,UG/M3,1 Hr,Valid
Ulaanbaatar,PM2.5 - Principal,2022-07-29 02:00 AM,2022,07,29,02,16.8,61,Moderate,14.0,UG/M3,1 Hr,Valid
Ulaanbaatar,PM2.5 - Principal,2022-07-29 03:00 AM,2022,07,29,03,14.4,56,Moderate,12.0,UG/M3,1 Hr,Valid
Ulaanbaatar,PM2.5 - Principal,2022-07-29 04:00 AM,2022,07,29,04,11.7,49,Good,9.0,UG/M3,1 Hr,Valid
Ulaanbaatar,PM2.5 - Principal,2022-07-29 05:00 AM,2022,07,29,05,8.3,35,Good,5.0,UG/M3,1 Hr,Valid
Ulaanbaatar,PM2.5 - Principal,2022-07-29 06:00 AM,2022,07,29,06,7.1,30,Good,6.0,UG/M3,1 Hr,Valid
Ulaanbaatar,PM2.5 - Principal,2022-07-29 07:00 AM,2022,07,29,07,7.5,31,Good,8.0,UG/M3,1 Hr,Valid
Ulaanbaatar,PM2.5 - Principal,2022-07-29 08:00 AM,2022,07,29,08,7.7,32,Good,8.0,UG/M3,1 Hr,Valid
Ulaanbaatar,PM2.5 - Principal,2022-07-29 09:00 AM,2022,07,29,09,7.3,30,Good,7.0,UG/M3,1 Hr,Valid
Ulaanbaatar,PM2.5 - Principal,2022-07-29 10:00 AM,2022,07,29,10,8.1,34,Good,9.0,UG/M3,1 Hr,Valid
Ulaanbaatar,PM2.5 - Principal,2022-07-29 11:00 AM,2022,07,29,11,8.5,35,Good,9.0,UG/M3,1 Hr,Valid
Ulaanbaatar,PM2.5 - Principal,2022-07-29 12:00 PM,2022,07,29,12,6.7,28,Good,5.0,UG/M3,1 Hr,Valid
Ulaanbaatar,PM2.5 - Principal,2022-07-29 01:00 PM,2022,07,29,13,5.8,24,Good,5.0,UG/M3,1 Hr,Valid
Ulaanbaatar,PM2.5 - Principal,2022-07-29 02:00 PM,2022,07,29,14,4.9,20,Good,4.0,UG/M3,1 Hr,Valid
Ulaanbaatar,PM2.5 - Principal,2022-07-29 03:00 PM,2022,07,29,15,2.4,10,Good,0.0,UG/M3,1 Hr,Valid
Ulaanbaatar,PM2.5 - Principal,2022-07-29 04:00 PM,2022,07,29,16,1.7,7,Good,1.0,UG/M3,1 Hr,Valid
Ulaanbaatar,PM2.5 - Principal,2022-07-29 05:00 PM,2022,07,29,17,1.8,8,Good,2.0,UG/M3,1 Hr,Valid
Ulaanbaatar,PM2.5 - Principal,2022-07-29 06:00 PM,2022,07,29,18,1.4,6,Good,1.0,UG/M3,1 Hr,Valid
Ulaanbaatar,PM2.5 - Principal,2022-07-29 07:00 PM,2022,07,29,19,1.7,7,Good,2.0,UG/M3,1 Hr,Valid
Ulaanbaatar,PM2.5 - Principal,2022-07-29 08:00 PM,2022,07,29,20,1.8,8,Good,2.0,UG/M3,1 Hr,Valid
Ulaanbaatar,PM2.5 - Principal,2022-07-29 09:00 PM,2022,07,29,21,5.9,25,Good,10.0,UG/M3,1 Hr,Valid
Ulaanbaatar,PM2.5 - Principal,2022-07-29 10:00 PM,2022,07,29,22,5.9,25,Good,6.0,UG/M3,1 Hr,Valid
Ulaanbaatar,PM2.5 - Principal,2022-07-29 11:00 PM,2022,07,29,23,3.9,16,Good,2.0,UG/M3,1 Hr,Valid
Ulaanbaatar,PM2.5 - Principal,2022-07-30 12:00 AM,2022,07,30,00,2.9,12,Good,2.0,UG/M3,1 Hr,Valid
Ulaanbaatar,PM2.5 - Principal,2022-07-30 01:00 AM,2022,07,30,01,4.9,20,Good,7.0,UG/M3,1 Hr,Valid
Ulaanbaatar,PM2.5 - Principal,2022-07-30 02:00 AM,2022,07,30,02,5.4,23,Good,6.0,UG/M3,1 Hr,Valid
Ulaanbaatar,PM2.5 - Principal,2022-07-30 03:00 AM,2022,07,30,03,4.2,18,Good,3.0,UG/M3,1 Hr,Valid
Ulaanbaatar,PM2.5 - Principal,2022-07-30 04:00 AM,2022,07,30,04,2.6,11,Good,1.0,UG/M3,1 Hr,Valid
Ulaanbaatar,PM2.5 - Principal,2022-07-30 05:00 AM,2022,07,30,05,2.8,12,Good,3.0,UG/M3,1 Hr,Valid
Ulaanbaatar,PM2.5 - Principal,2022-07-30 06:00 AM,2022,07,30,06,2.9,12,Good,3.0,UG/M3,1 Hr,Valid
Ulaanbaatar,PM2.5 - Principal,2022-07-30 07:00 AM,2022,07,30,07,2.4,10,Good,2.0,UG/M3,1 Hr,Valid
Ulaanbaatar,PM2.5 - Principal,2022-07-30 08:00 AM,2022,07,30,08,1.7,7,Good,1.0,UG/M3,1 Hr,Valid
Ulaanbaatar,PM2.5 - Principal,2022-07-30 09:00 AM,2022,07,30,09,1.8,8,Good,2.0,UG/M3,1 Hr,Valid
Ulaanbaatar,PM2.5 - Principal,2022-07-30 10:00 AM,2022,07,30,10,3.9,16,Good,6.0,UG/M3,1 Hr,Valid
Ulaanbaatar,PM2.5 - Principal,2022-07-30 11:00 AM,2022,07,30,11,4.4,18,Good,5.0,UG/M3,1 Hr,Valid
Ulaanbaatar,PM2.5 - Principal,2022-07-30 12:00 PM,2022,07,30,12,5.7,24,Good,7.0,UG/M3,1 Hr,Valid
Ulaanbaatar,PM2.5 - Principal,2022-07-30 01:00 PM,2022,07,30,13,5.8,24,Good,6.0,UG/M3,1 Hr,Valid
Ulaanbaatar,PM2.5 - Principal,2022-07-30 02:00 PM,2022,07,30,14,3.9,16,Good,2.0,UG/M3,1 Hr,Valid
Ulaanbaatar,PM2.5 - Principal,2022-07-30 03:00 PM,2022,07,30,15,3.9,16,Good,-1.0,UG/M3,1 Hr,Invalid
Ulaanbaatar,PM2.5 - Principal,2022-07-30 04:00 PM,2022,07,30,16,-999.0,-999,N/A,-1.0,UG/M3,1 Hr,Invalid
Ulaanbaatar,PM2.5 - Principal,2022-07-30 05:00 PM,2022,07,30,17,-999.0,-999,N/A,1.0,UG/M3,1 Hr,Valid
Ulaanbaatar,PM2.5 - Principal,2022-07-30 06:00 PM,2022,07,30,18,-999.0,-999,N/A,0.0,UG/M3,1 Hr,Invalid
Ulaanbaatar,PM2.5 - Principal,2022-07-30 07:00 PM,2022,07,30,19,-999.0,-999,N/A,0.0,UG/M3,1 Hr,Invalid
Ulaanbaatar,PM2.5 - Principal,2022-07-30 08:00 PM,2022,07,30,20,-999.0,-999,N/A,1.0,UG/M3,1 Hr,Valid
Ulaanbaatar,PM2.5 - Principal,2022-07-30 09:00 PM,2022,07,30,21,2.9,12,Good,4.0,UG/M3,1 Hr,Valid
Ulaanbaatar,PM2.5 - Principal,2022-07-30 10:00 PM,2022,07,30,22,5.7,24,Good,8.0,UG/M3,1 Hr,Valid
Ulaanbaatar,PM2.5 - Principal,2022-07-30 11:00 PM,2022,07,30,23,13.8,55,Moderate,21.0,UG/M3,1 Hr,Valid
Ulaanbaatar,PM2.5 - Principal,2022-07-31 12:00 AM,2022,07,31,00,17.5,62,Moderate,21.0,UG/M3,1 Hr,Valid
Ulaanbaatar,PM2.5 - Principal,2022-07-31 01:00 AM,2022,07,31,01,16.2,60,Moderate,15.0,UG/M3,1 Hr,Valid
Ulaanbaatar,PM2.5 - Principal,2022-07-31 02:00 AM,2022,07,31,02,15.1,57,Moderate,14.0,UG/M3,1 Hr,Valid
Ulaanbaatar,PM2.5 - Principal,2022-07-31 03:00 AM,2022,07,31,03,14.0,55,Moderate,13.0,UG/M3,1 Hr,Valid
Ulaanbaatar,PM2.5 - Principal,2022-07-31 04:00 AM,2022,07,31,04,12.5,52,Moderate,11.0,UG/M3,1 Hr,Valid
Ulaanbaatar,PM2.5 - Principal,2022-07-31 05:00 AM,2022,07,31,05,10.7,45,Good,9.0,UG/M3,1 Hr,Valid
Ulaanbaatar,PM2.5 - Principal,2022-07-31 06:00 AM,2022,07,31,06,8.8,37,Good,7.0,UG/M3,1 Hr,Valid
Ulaanbaatar,PM2.5 - Principal,2022-07-31 07:00 AM,2022,07,31,07,7.4,31,Good,6.0,UG/M3,1 Hr,Valid
Ulaanbaatar,PM2.5 - Principal,2022-07-31 08:00 AM,2022,07,31,08,6.7,28,Good,6.0,UG/M3,1 Hr,Valid
Ulaanbaatar,PM2.5 - Principal,2022-07-31 09:00 AM,2022,07,31,09,7.3,30,Good,8.0,UG/M3,1 Hr,Valid
Ulaanbaatar,PM2.5 - Principal,2022-07-31 10:00 AM,2022,07,31,10,8.1,34,Good,9.0,UG/M3,1 Hr,Valid
Ulaanbaatar,PM2.5 - Principal,2022-07-31 11:00 AM,2022,07,31,11,9.0,38,Good,10.0,UG/M3,1 Hr,Valid
Ulaanbaatar,PM2.5 - Principal,2022-07-31 12:00 PM,2022,07,31,12,9.0,38,Good,9.0,UG/M3,1 Hr,Valid
Ulaanbaatar,PM2.5 - Principal,2022-07-31 01:00 PM,2022,07,31,13,8.5,35,Good,8.0,UG/M3,1 Hr,Valid
Ulaanbaatar,PM2.5 - Principal,2022-07-31 02:00 PM,2022,07,31,14,7.7,32,Good,7.0,UG/M3,1 Hr,Valid
Ulaanbaatar,PM2.5 - Principal,2022-07-31 03:00 PM,2022,07,31,15,6.3,26,Good,5.0,UG/M3,1 Hr,Valid
Ulaanbaatar,PM2.5 - Principal,2022-07-31 04:00 PM,2022,07,31,16,5.1,21,Good,4.0,UG/M3,1 Hr,Valid
Ulaanbaatar,PM2.5 - Principal,2022-07-31 05:00 PM,2022,07,31,17,4.0,17,Good,3.0,UG/M3,1 Hr,Valid
Ulaanbaatar,PM2.5 - Principal,2022-07-31 06:00 PM,2022,07,31,18,3.5,15,Good,3.0,UG/M3,1 Hr,Valid
Ulaanbaatar,PM2.5 - Principal,2022-07-31 07:00 PM,2022,07,31,19,3.7,15,Good,4.0,UG/M3,1 Hr,Valid
Ulaanbaatar,PM2.5 - Principal,2022-07-31 08:00 PM,2022,07,31,20,3.8,16,Good,4.0,UG/M3,1 Hr,Valid
Ulaanbaatar,PM2.5 - Principal,2022-07-31 09:00 PM,2022,07,31,21,6.4,27,Good,9.0,UG/M3,1 Hr,Valid
Ulaanbaatar,PM2.5 - Principal,2022-07-31 10:00 PM,2022,07,31,22,10.7,45,Good,15.0,UG/M3,1 Hr,Valid
Ulaanbaatar,PM2.5 - Principal,2022-07-31 11:00 PM,2022,07,31,23,15.8,59,Moderate,21.0,UG/M3,1 Hr,Valid
Ulaanbaatar,PM2.5 - Principal,2022-08-01 12:00 AM,2022,08,01,00,19.4,66,Moderate,23.0,UG/M3,1 Hr,Valid
Ulaanbaatar,PM2.5 - Principal,2022-08-01 01:00 AM,2022,08,01,01,17.7,63,Moderate,16.0,UG/M3,1 Hr,Valid
Ulaanbaatar,PM2.5 - Principal,2022-08-01 02:00 AM,2022,08,01,02,14.8,57,Moderate,12.0,UG/M3,1 Hr,Valid
Ulaanbaatar,PM2.5 - Principal,2022-08-01 03:00 AM,2022,08,01,03,13.9,55,Moderate,13.0,UG/M3,1 Hr,Valid
Ulaanbaatar,PM2.5 - Principal,2022-08-01 04:00 AM,2022,08,01,04,11.9,50,Good,10.0,UG/M3,1 Hr,Valid
Ulaanbaatar,PM2.5 - Principal,2022-08-01 05:00 AM,2022,08,01,05,9.4,39,Good,7.0,UG/M3,1 Hr,Valid
Ulaanbaatar,PM2.5 - Principal,2022-08-01 06:00 AM,2022,08,01,06,7.7,32,Good,6.0,UG/M3,1 Hr,Valid
Ulaanbaatar,PM2.5 - Principal,2022-08-01 07:00 AM,2022,08,01,07,8.3,35,Good,9.0,UG/M3,1 Hr,Valid
Ulaanbaatar,PM2.5 - Principal,2022-08-01 08:00 AM,2022,08,01,08,9.6,40,Good,11.0,UG/M3,1 Hr,Valid
Ulaanbaatar,PM2.5 - Principal,2022-08-01 09:00 AM,2022,08,01,09,10.8,45,Good,12.0,UG/M3,1 Hr,Valid
Ulaanbaatar,PM2.5 - Principal,2022-08-01 10:00 AM,2022,08,01,10,9.9,41,Good,9.0,UG/M3,1 Hr,Valid
Ulaanbaatar,PM2.5 - Principal,2022-08-01 11:00 AM,2022,08,01,11,9.4,39,Good,9.0,UG/M3,1 Hr,Valid
Ulaanbaatar,PM2.5 - Principal,2022-08-01 12:00 PM,2022,08,01,12,9.2,38,Good,9.0,UG/M3,1 Hr,Valid
Ulaanbaatar,PM2.5 - Principal,2022-08-01 01:00 PM,2022,08,01,13,8.1,34,Good,7.0,UG/M3,1 Hr,Valid
Ulaanbaatar,PM2.5 - Principal,2022-08-01 02:00 PM,2022,08,01,14,7.5,31,Good,7.0,UG/M3,1 Hr,Valid
Ulaanbaatar,PM2.5 - Principal,2022-08-01 03:00 PM,2022,08,01,15,6.7,28,Good,6.0,UG/M3,1 Hr,Valid
Ulaanbaatar,PM2.5 - Principal,2022-08-01 04:00 PM,2022,08,01,16,5.3,22,Good,4.0,UG/M3,1 Hr,Valid
Ulaanbaatar,PM2.5 - Principal,2022-08-01 05:00 PM,2022,08,01,17,4.6,19,Good,4.0,UG/M3,1 Hr,Valid
Ulaanbaatar,PM2.5 - Principal,2022-08-01 06:00 PM,2022,08,01,18,6.3,26,Good,8.0,UG/M3,1 Hr,Valid
Ulaanbaatar,PM2.5 - Principal,2022-08-01 07:00 PM,2022,08,01,19,9.1,38,Good,12.0,UG/M3,1 Hr,Valid
Ulaanbaatar,PM2.5 - Principal,2022-08-01 08:00 PM,2022,08,01,20,8.0,33,Good,7.0,UG/M3,1 Hr,Valid
Ulaanbaatar,PM2.5 - Principal,2022-08-01 09:00 PM,2022,08,01,21,11.5,48,Good,15.0,UG/M3,1 Hr,Valid
Ulaanbaatar,PM2.5 - Principal,2022-08-01 10:00 PM,2022,08,01,22,16.7,61,Moderate,22.0,UG/M3,1 Hr,Valid
Ulaanbaatar,PM2.5 - Principal,2022-08-01 11:00 PM,2022,08,01,23,18.8,65,Moderate,21.0,UG/M3,1 Hr,Valid
Ulaanbaatar,PM2.5 - Principal,2022-08-02 12:00 AM,2022,08,02,00,16.9,61,Moderate,15.0,UG/M3,1 Hr,Valid
Ulaanbaatar,PM2.5 - Principal,2022-08-02 01:00 AM,2022,08,02,01,17.9,63,Moderate,19.0,UG/M3,1 Hr,Valid
Ulaanbaatar,PM2.5 - Principal,2022-08-02 02:00 AM,2022,08,02,02,14.9,57,Moderate,12.0,UG/M3,1 Hr,Valid
Ulaanbaatar,PM2.5 - Principal,2022-08-02 03:00 AM,2022,08,02,03,13.4,54,Moderate,12.0,UG/M3,1 Hr,Valid
Ulaanbaatar,PM2.5 - Principal,2022-08-02 04:00 AM,2022,08,02,04,12.7,52,Moderate,12.0,UG/M3,1 Hr,Valid
Ulaanbaatar,PM2.5 - Principal,2022-08-02 05:00 AM,2022,08,02,05,13.8,55,Moderate,15.0,UG/M3,1 Hr,Valid
Ulaanbaatar,PM2.5 - Principal,2022-08-02 06:00 AM,2022,08,02,06,11.9,50,Good,10.0,UG/M3,1 Hr,Valid
Ulaanbaatar,PM2.5 - Principal,2022-08-02 07:00 AM,2022,08,02,07,9.9,41,Good,8.0,UG/M3,1 Hr,Valid
Ulaanbaatar,PM2.5 - Principal,2022-08-02 08:00 AM,2022,08,02,08,10.4,43,Good,11.0,UG/M3,1 Hr,Valid
Ulaanbaatar,PM2.5 - Principal,2022-08-02 09:00 AM,2022,08,02,09,12.2,51,Moderate,14.0,UG/M3,1 Hr,Valid
Ulaanbaatar,PM2.5 - Principal,2022-08-02 10:00 AM,2022,08,02,10,10.1,42,Good,8.0,UG/M3,1 Hr,Valid
Ulaanbaatar,PM2.5 - Principal,2022-08-02 11:00 AM,2022,08,02,11,9.0,38,Good,8.0,UG/M3,1 Hr,Valid
Ulaanbaatar,PM2.5 - Principal,2022-08-02 12:00 PM,2022,08,02,12,12.0,50,Good,15.0,UG/M3,1 Hr,Valid
Ulaanbaatar,PM2.5 - Principal,2022-08-02 01:00 PM,2022,08,02,13,10.5,44,Good,9.0,UG/M3,1 Hr,Valid
Ulaanbaatar,PM2.5 - Principal,2022-08-02 02:00 PM,2022,08,02,14,8.2,34,Good,6.0,UG/M3,1 Hr,Valid
Ulaanbaatar,PM2.5 - Principal,2022-08-02 03:00 PM,2022,08,02,15,8.2,34,Good,-999.0,UG/M3,1 Hr,Missing
Ulaanbaatar,PM2.5 - Principal,2022-08-08 02:00 PM,2022,08,08,14,-999.0,-999,N/A,14.0,UG/M3,1 Hr,Valid
Ulaanbaatar,PM2.5 - Principal,2022-09-28 01:00 AM,2022,09,28,01,-999.0,-999,N/A,32.0,UG/M3,1 Hr,Valid
Ulaanbaatar,PM2.5 - Principal,2022-09-28 03:00 PM,2022,09,28,15,-999.0,-999,N/A,15.0,UG/M3,1 Hr,Valid
Ulaanbaatar,PM2.5 - Principal,2022-09-28 04:00 PM,2022,09,28,16,15.5,58,Moderate,16.0,UG/M3,1 Hr,Valid
Ulaanbaatar,PM2.5 - Principal,2022-09-28 05:00 PM,2022,09,28,17,11.2,47,Good,8.0,UG/M3,1 Hr,Valid
Ulaanbaatar,PM2.5 - Principal,2022-09-28 06:00 PM,2022,09,28,18,8.4,35,Good,6.0,UG/M3,1 Hr,Valid
Ulaanbaatar,PM2.5 - Principal,2022-09-28 07:00 PM,2022,09,28,19,9.2,38,Good,10.0,UG/M3,1 Hr,Valid
Ulaanbaatar,PM2.5 - Principal,2022-09-28 08:00 PM,2022,09,28,20,10.6,44,Good,12.0,UG/M3,1 Hr,Valid
Ulaanbaatar,PM2.5 - Principal,2022-09-28 09:00 PM,2022,09,28,21,11.8,49,Good,13.0,UG/M3,1 Hr,Valid
Ulaanbaatar,PM2.5 - Principal,2022-09-28 10:00 PM,2022,09,28,22,9.9,41,Good,8.0,UG/M3,1 Hr,Valid
Ulaanbaatar,PM2.5 - Principal,2022-09-28 11:00 PM,2022,09,28,23,8.9,37,Good,8.0,UG/M3,1 Hr,Valid
Ulaanbaatar,PM2.5 - Principal,2022-09-29 12:00 AM,2022,09,29,00,7.9,33,Good,7.0,UG/M3,1 Hr,Valid
Ulaanbaatar,PM2.5 - Principal,2022-09-29 01:00 AM,2022,09,29,01,8.9,37,Good,10.0,UG/M3,1 Hr,Valid
Ulaanbaatar,PM2.5 - Principal,2022-09-29 02:00 AM,2022,09,29,02,19.9,67,Moderate,31.0,UG/M3,1 Hr,Valid
Ulaanbaatar,PM2.5 - Principal,2022-09-29 03:00 AM,2022,09,29,03,14.4,56,Moderate,9.0,UG/M3,1 Hr,Valid
Ulaanbaatar,PM2.5 - Principal,2022-09-29 04:00 AM,2022,09,29,04,11.2,47,Good,8.0,UG/M3,1 Hr,Valid
Ulaanbaatar,PM2.5 - Principal,2022-09-29 05:00 AM,2022,09,29,05,8.1,34,Good,5.0,UG/M3,1 Hr,Valid
Ulaanbaatar,PM2.5 - Principal,2022-09-29 06:00 AM,2022,09,29,06,6.5,27,Good,5.0,UG/M3,1 Hr,Valid
Ulaanbaatar,PM2.5 - Principal,2022-09-29 07:00 AM,2022,09,29,07,7.2,30,Good,8.0,UG/M3,1 Hr,Valid
Ulaanbaatar,PM2.5 - Principal,2022-09-29 08:00 AM,2022,09,29,08,7.6,32,Good,8.0,UG/M3,1 Hr,Valid
Ulaanbaatar,PM2.5 - Principal,2022-09-29 09:00 AM,2022,09,29,09,18.3,64,Moderate,29.0,UG/M3,1 Hr,Valid
Ulaanbaatar,PM2.5 - Principal,2022-09-29 10:00 AM,2022,09,29,10,23.6,75,Moderate,29.0,UG/M3,1 Hr,Valid
Ulaanbaatar,PM2.5 - Principal,2022-09-29 11:00 AM,2022,09,29,11,16.8,61,Moderate,10.0,UG/M3,1 Hr,Valid
Ulaanbaatar,PM2.5 - Principal,2022-09-29 12:00 PM,2022,09,29,12,14.4,56,Moderate,12.0,UG/M3,1 Hr,Valid
Ulaanbaatar,PM2.5 - Principal,2022-09-29 01:00 PM,2022,09,29,13,11.2,47,Good,8.0,UG/M3,1 Hr,Valid
Ulaanbaatar,PM2.5 - Principal,2022-09-29 02:00 PM,2022,09,29,14,8.6,36,Good,6.0,UG/M3,1 Hr,Valid
Ulaanbaatar,PM2.5 - Principal,2022-09-29 03:00 PM,2022,09,29,15,7.8,33,Good,7.0,UG/M3,1 Hr,Valid
Ulaanbaatar,PM2.5 - Principal,2022-09-29 04:00 PM,2022,09,29,16,5.8,24,Good,4.0,UG/M3,1 Hr,Valid
Ulaanbaatar,PM2.5 - Principal,2022-09-29 05:00 PM,2022,09,29,17,12.4,52,Moderate,19.0,UG/M3,1 Hr,Valid
Ulaanbaatar,PM2.5 - Principal,2022-09-29 06:00 PM,2022,09,29,18,16.7,61,Moderate,21.0,UG/M3,1 Hr,Valid
Ulaanbaatar,PM2.5 - Principal,2022-09-29 07:00 PM,2022,09,29,19,12.8,52,Moderate,9.0,UG/M3,1 Hr,Valid
Ulaanbaatar,PM2.5 - Principal,2022-09-29 08:00 PM,2022,09,29,20,10.9,45,Good,9.0,UG/M3,1 Hr,Valid
Ulaanbaatar,PM2.5 - Principal,2022-09-29 09:00 PM,2022,09,29,21,14.4,56,Moderate,18.0,UG/M3,1 Hr,Valid
Ulaanbaatar,PM2.5 - Principal,2022-09-29 10:00 PM,2022,09,29,22,17.2,62,Moderate,20.0,UG/M3,1 Hr,Valid
Ulaanbaatar,PM2.5 - Principal,2022-09-29 11:00 PM,2022,09,29,23,15.6,58,Moderate,14.0,UG/M3,1 Hr,Valid
Ulaanbaatar,PM2.5 - Principal,2022-09-30 12:00 AM,2022,09,30,00,12.3,51,Moderate,9.0,UG/M3,1 Hr,Valid
Ulaanbaatar,PM2.5 - Principal,2022-09-30 01:00 AM,2022,09,30,01,9.6,40,Good,7.0,UG/M3,1 Hr,Valid
Ulaanbaatar,PM2.5 - Principal,2022-09-30 02:00 AM,2022,09,30,02,9.3,39,Good,9.0,UG/M3,1 Hr,Valid
Ulaanbaatar,PM2.5 - Principal,2022-09-30 03:00 AM,2022,09,30,03,7.1,30,Good,5.0,UG/M3,1 Hr,Valid
Ulaanbaatar,PM2.5 - Principal,2022-09-30 04:00 AM,2022,09,30,04,5.5,23,Good,4.0,UG/M3,1 Hr,Valid
Ulaanbaatar,PM2.5 - Principal,2022-09-30 05:00 AM,2022,09,30,05,6.2,26,Good,7.0,UG/M3,1 Hr,Valid
Ulaanbaatar,PM2.5 - Principal,2022-09-30 06:00 AM,2022,09,30,06,5.1,21,Good,4.0,UG/M3,1 Hr,Valid
Ulaanbaatar,PM2.5 - Principal,2022-09-30 07:00 AM,2022,09,30,07,5.1,21,Good,0.0,UG/M3,1 Hr,Invalid
Ulaanbaatar,PM2.5 - Principal,2022-09-30 08:00 AM,2022,09,30,08,4.3,18,Good,4.0,UG/M3,1 Hr,Valid
Ulaanbaatar,PM2.5 - Principal,2022-09-30 09:00 AM,2022,09,30,09,5.8,24,Good,7.0,UG/M3,1 Hr,Valid
Ulaanbaatar,PM2.5 - Principal,2022-09-30 10:00 AM,2022,09,30,10,5.4,23,Good,5.0,UG/M3,1 Hr,Valid
Ulaanbaatar,PM2.5 - Principal,2022-09-30 11:00 AM,2022,09,30,11,12.4,52,Moderate,19.0,UG/M3,1 Hr,Valid
Ulaanbaatar,PM2.5 - Principal,2022-09-30 12:00 PM,2022,09,30,12,20.8,69,Moderate,29.0,UG/M3,1 Hr,Valid
Ulaanbaatar,PM2.5 - Principal,2022-09-30 01:00 PM,2022,09,30,13,25.4,79,Moderate,30.0,UG/M3,1 Hr,Valid
Ulaanbaatar,PM2.5 - Principal,2022-09-30 02:00 PM,2022,09,30,14,26.2,81,Moderate,27.0,UG/M3,1 Hr,Valid
Ulaanbaatar,PM2.5 - Principal,2022-09-30 03:00 PM,2022,09,30,15,26.2,81,Moderate,-999.0,UG/M3,1 Hr,Missing
Ulaanbaatar,PM2.5 - Principal,2022-09-30 06:00 PM,2022,09,30,18,-999.0,-999,N/A,4.0,UG/M3,1 Hr,Valid
Ulaanbaatar,PM2.5 - Principal,2022-09-30 07:00 PM,2022,09,30,19,5.5,23,Good,5.0,UG/M3,1 Hr,Valid
Ulaanbaatar,PM2.5 - Principal,2022-09-30 08:00 PM,2022,09,30,20,8.6,36,Good,11.0,UG/M3,1 Hr,Valid
Ulaanbaatar,PM2.5 - Principal,2022-09-30 09:00 PM,2022,09,30,21,11.9,50,Good,15.0,UG/M3,1 Hr,Valid
Ulaanbaatar,PM2.5 - Principal,2022-09-30 10:00 PM,2022,09,30,22,12.5,52,Moderate,13.0,UG/M3,1 Hr,Valid
Ulaanbaatar,PM2.5 - Principal,2022-09-30 11:00 PM,2022,09,30,23,12.2,51,Moderate,12.0,UG/M3,1 Hr,Valid
Ulaanbaatar,PM2.5 - Principal,2022-10-01 12:00 AM,2022,10,01,00,10.1,42,Good,8.0,UG/M3,1 Hr,Valid
Ulaanbaatar,PM2.5 - Principal,2022-10-01 01:00 AM,2022,10,01,01,12.0,50,Good,14.0,UG/M3,1 Hr,Valid
Ulaanbaatar,PM2.5 - Principal,2022-10-01 02:00 AM,2022,10,01,02,19.0,66,Moderate,26.0,UG/M3,1 Hr,Valid
Ulaanbaatar,PM2.5 - Principal,2022-10-01 03:00 AM,2022,10,01,03,21.0,70,Moderate,23.0,UG/M3,1 Hr,Valid
Ulaanbaatar,PM2.5 - Principal,2022-10-01 04:00 AM,2022,10,01,04,12.0,50,Good,3.0,UG/M3,1 Hr,Valid
Ulaanbaatar,PM2.5 - Principal,2022-10-01 05:00 AM,2022,10,01,05,9.5,40,Good,7.0,UG/M3,1 Hr,Valid
Ulaanbaatar,PM2.5 - Principal,2022-10-01 06:00 AM,2022,10,01,06,7.2,30,Good,5.0,UG/M3,1 Hr,Valid
Ulaanbaatar,PM2.5 - Principal,2022-10-01 07:00 AM,2022,10,01,07,6.1,25,Good,5.0,UG/M3,1 Hr,Valid
Ulaanbaatar,PM2.5 - Principal,2022-10-01 08:00 AM,2022,10,01,08,7.5,31,Good,9.0,UG/M3,1 Hr,Valid
Ulaanbaatar,PM2.5 - Principal,2022-10-01 09:00 AM,2022,10,01,09,6.7,28,Good,6.0,UG/M3,1 Hr,Valid
Ulaanbaatar,PM2.5 - Principal,2022-10-01 10:00 AM,2022,10,01,10,5.8,24,Good,5.0,UG/M3,1 Hr,Valid
Ulaanbaatar,PM2.5 - Principal,2022-10-01 11:00 AM,2022,10,01,11,5.4,23,Good,5.0,UG/M3,1 Hr,Valid
Ulaanbaatar,PM2.5 - Principal,2022-10-01 12:00 PM,2022,10,01,12,4.7,20,Good,4.0,UG/M3,1 Hr,Valid
Ulaanbaatar,PM2.5 - Principal,2022-10-01 01:00 PM,2022,10,01,13,3.8,16,Good,3.0,UG/M3,1 Hr,Valid
Ulaanbaatar,PM2.5 - Principal,2022-10-01 02:00 PM,2022,10,01,14,4.4,18,Good,5.0,UG/M3,1 Hr,Valid
Ulaanbaatar,PM2.5 - Principal,2022-10-01 03:00 PM,2022,10,01,15,4.2,18,Good,4.0,UG/M3,1 Hr,Valid
Ulaanbaatar,PM2.5 - Principal,2022-10-01 04:00 PM,2022,10,01,16,3.6,15,Good,3.0,UG/M3,1 Hr,Valid
Ulaanbaatar,PM2.5 - Principal,2022-10-01 05:00 PM,2022,10,01,17,3.8,16,Good,4.0,UG/M3,1 Hr,Valid
Ulaanbaatar,PM2.5 - Principal,2022-10-01 06:00 PM,2022,10,01,18,4.4,18,Good,5.0,UG/M3,1 Hr,Valid
Ulaanbaatar,PM2.5 - Principal,2022-10-01 07:00 PM,2022,10,01,19,5.2,22,Good,6.0,UG/M3,1 Hr,Valid
Ulaanbaatar,PM2.5 - Principal,2022-10-01 08:00 PM,2022,10,01,20,6.6,28,Good,8.0,UG/M3,1 Hr,Valid
Ulaanbaatar,PM2.5 - Principal,2022-10-01 09:00 PM,2022,10,01,21,7.8,33,Good,9.0,UG/M3,1 Hr,Valid
Ulaanbaatar,PM2.5 - Principal,2022-10-01 10:00 PM,2022,10,01,22,6.9,29,Good,6.0,UG/M3,1 Hr,Valid
Ulaanbaatar,PM2.5 - Principal,2022-10-01 11:00 PM,2022,10,01,23,9.4,39,Good,12.0,UG/M3,1 Hr,Valid
Ulaanbaatar,PM2.5 - Principal,2022-10-02 12:00 AM,2022,10,02,00,9.2,38,Good,9.0,UG/M3,1 Hr,Valid
Ulaanbaatar,PM2.5 - Principal,2022-10-02 01:00 AM,2022,10,02,01,7.6,32,Good,6.0,UG/M3,1 Hr,Valid
Ulaanbaatar,PM2.5 - Principal,2022-10-02 02:00 AM,2022,10,02,02,6.8,28,Good,6.0,UG/M3,1 Hr,Valid
Ulaanbaatar,PM2.5 - Principal,2022-10-02 03:00 AM,2022,10,02,03,5.9,25,Good,5.0,UG/M3,1 Hr,Valid
Ulaanbaatar,PM2.5 - Principal,2022-10-02 04:00 AM,2022,10,02,04,4.4,18,Good,3.0,UG/M3,1 Hr,Valid
Ulaanbaatar,PM2.5 - Principal,2022-10-02 05:00 AM,2022,10,02,05,2.7,11,Good,1.0,UG/M3,1 Hr,Valid
Ulaanbaatar,PM2.5 - Principal,2022-10-02 06:00 AM,2022,10,02,06,2.3,10,Good,2.0,UG/M3,1 Hr,Valid
Ulaanbaatar,PM2.5 - Principal,2022-10-02 07:00 AM,2022,10,02,07,2.6,11,Good,3.0,UG/M3,1 Hr,Valid
Ulaanbaatar,PM2.5 - Principal,2022-10-02 08:00 AM,2022,10,02,08,3.3,14,Good,4.0,UG/M3,1 Hr,Valid
Ulaanbaatar,PM2.5 - Principal,2022-10-02 09:00 AM,2022,10,02,09,4.6,19,Good,6.0,UG/M3,1 Hr,Valid
Ulaanbaatar,PM2.5 - Principal,2022-10-02 10:00 AM,2022,10,02,10,8.8,37,Good,13.0,UG/M3,1 Hr,Valid
Ulaanbaatar,PM2.5 - Principal,2022-10-02 11:00 AM,2022,10,02,11,10.9,45,Good,13.0,UG/M3,1 Hr,Valid
Ulaanbaatar,PM2.5 - Principal,2022-10-02 12:00 PM,2022,10,02,12,12.4,52,Moderate,14.0,UG/M3,1 Hr,Valid
Ulaanbaatar,PM2.5 - Principal,2022-10-02 01:00 PM,2022,10,02,13,11.7,49,Good,11.0,UG/M3,1 Hr,Valid
Ulaanbaatar,PM2.5 - Principal,2022-10-02 02:00 PM,2022,10,02,14,8.8,37,Good,6.0,UG/M3,1 Hr,Valid
Ulaanbaatar,PM2.5 - Principal,2022-10-02 03:00 PM,2022,10,02,15,11.9,50,Good,15.0,UG/M3,1 Hr,Valid
Ulaanbaatar,PM2.5 - Principal,2022-10-02 04:00 PM,2022,10,02,16,8.4,35,Good,5.0,UG/M3,1 Hr,Valid
Ulaanbaatar,PM2.5 - Principal,2022-10-02 05:00 PM,2022,10,02,17,6.2,26,Good,4.0,UG/M3,1 Hr,Valid
Ulaanbaatar,PM2.5 - Principal,2022-10-02 06:00 PM,2022,10,02,18,5.6,23,Good,5.0,UG/M3,1 Hr,Valid
Ulaanbaatar,PM2.5 - Principal,2022-10-02 07:00 PM,2022,10,02,19,6.8,28,Good,8.0,UG/M3,1 Hr,Valid
Ulaanbaatar,PM2.5 - Principal,2022-10-02 08:00 PM,2022,10,02,20,7.9,33,Good,9.0,UG/M3,1 Hr,Valid
Ulaanbaatar,PM2.5 - Principal,2022-10-02 09:00 PM,2022,10,02,21,10.4,43,Good,13.0,UG/M3,1 Hr,Valid
Ulaanbaatar,PM2.5 - Principal,2022-10-02 10:00 PM,2022,10,02,22,9.7,40,Good,9.0,UG/M3,1 Hr,Valid
Ulaanbaatar,PM2.5 - Principal,2022-10-02 11:00 PM,2022,10,02,23,9.8,41,Good,10.0,UG/M3,1 Hr,Valid
Ulaanbaatar,PM2.5 - Principal,2022-10-03 12:00 AM,2022,10,03,00,11.4,48,Good,13.0,UG/M3,1 Hr,Valid
Ulaanbaatar,PM2.5 - Principal,2022-10-03 01:00 AM,2022,10,03,01,12.7,52,Moderate,14.0,UG/M3,1 Hr,Valid
Ulaanbaatar,PM2.5 - Principal,2022-10-03 02:00 AM,2022,10,03,02,23.3,75,Moderate,34.0,UG/M3,1 Hr,Valid
Ulaanbaatar,PM2.5 - Principal,2022-10-03 03:00 AM,2022,10,03,03,22.6,73,Moderate,22.0,UG/M3,1 Hr,Valid
Ulaanbaatar,PM2.5 - Principal,2022-10-03 04:00 AM,2022,10,03,04,26.3,81,Moderate,30.0,UG/M3,1 Hr,Valid
Ulaanbaatar,PM2.5 - Principal,2022-10-03 05:00 AM,2022,10,03,05,18.1,64,Moderate,10.0,UG/M3,1 Hr,Valid
Ulaanbaatar,PM2.5 - Principal,2022-10-03 06:00 AM,2022,10,03,06,13.5,54,Moderate,9.0,UG/M3,1 Hr,Valid
Ulaanbaatar,PM2.5 - Principal,2022-10-03 07:00 AM,2022,10,03,07,13.2,53,Moderate,13.0,UG/M3,1 Hr,Valid
Ulaanbaatar,PM2.5 - Principal,2022-10-03 08:00 AM,2022,10,03,08,17.6,63,Moderate,22.0,UG/M3,1 Hr,Valid
Ulaanbaatar,PM2.5 - Principal,2022-10-03 09:00 AM,2022,10,03,09,29.3,87,Moderate,41.0,UG/M3,1 Hr,Valid
Ulaanbaatar,PM2.5 - Principal,2022-10-03 10:00 AM,2022,10,03,10,42.1,117,Unhealthy for Sensitive Groups,55.0,UG/M3,1 Hr,Valid
Ulaanbaatar,PM2.5 - Principal,2022-10-03 11:00 AM,2022,10,03,11,30.5,90,Moderate,19.0,UG/M3,1 Hr,Valid
Ulaanbaatar,PM2.5 - Principal,2022-10-03 12:00 PM,2022,10,03,12,21.2,70,Moderate,12.0,UG/M3,1 Hr,Valid
Ulaanbaatar,PM2.5 - Principal,2022-10-03 01:00 PM,2022,10,03,13,14.6,56,Moderate,8.0,UG/M3,1 Hr,Valid
Ulaanbaatar,PM2.5 - Principal,2022-10-03 02:00 PM,2022,10,03,14,11.8,49,Good,9.0,UG/M3,1 Hr,Valid
Ulaanbaatar,PM2.5 - Principal,2022-10-03 03:00 PM,2022,10,03,15,8.4,35,Good,5.0,UG/M3,1 Hr,Valid
Ulaanbaatar,PM2.5 - Principal,2022-10-03 04:00 PM,2022,10,03,16,6.2,26,Good,4.0,UG/M3,1 Hr,Valid
Ulaanbaatar,PM2.5 - Principal,2022-10-03 05:00 PM,2022,10,03,17,6.6,28,Good,7.0,UG/M3,1 Hr,Valid
Ulaanbaatar,PM2.5 - Principal,2022-10-03 06:00 PM,2022,10,03,18,6.5,27,Good,-999.0,UG/M3,1 Hr,Missing
Ulaanbaatar,PM2.5 - Principal,2022-10-03 07:00 PM,2022,10,03,19,6.8,28,Good,7.0,UG/M3,1 Hr,Valid
Ulaanbaatar,PM2.5 - Principal,2022-10-03 08:00 PM,2022,10,03,20,9.2,38,Good,11.0,UG/M3,1 Hr,Valid
Ulaanbaatar,PM2.5 - Principal,2022-10-03 09:00 PM,2022,10,03,21,23.5,75,Moderate,36.0,UG/M3,1 Hr,Valid
Ulaanbaatar,PM2.5 - Principal,2022-10-03 10:00 PM,2022,10,03,22,48.0,132,Unhealthy for Sensitive Groups,71.0,UG/M3,1 Hr,Valid
Ulaanbaatar,PM2.5 - Principal,2022-10-03 11:00 PM,2022,10,03,23,49.5,135,Unhealthy for Sensitive Groups,51.0,UG/M3,1 Hr,Valid
Ulaanbaatar,PM2.5 - Principal,2022-10-04 12:00 AM,2022,10,04,00,47.2,130,Unhealthy for Sensitive Groups,45.0,UG/M3,1 Hr,Valid
Ulaanbaatar,PM2.5 - Principal,2022-10-04 01:00 AM,2022,10,04,01,45.6,126,Unhealthy for Sensitive Groups,44.0,UG/M3,1 Hr,Valid
Ulaanbaatar,PM2.5 - Principal,2022-10-04 02:00 AM,2022,10,04,02,41.3,115,Unhealthy for Sensitive Groups,37.0,UG/M3,1 Hr,Valid
Ulaanbaatar,PM2.5 - Principal,2022-10-04 03:00 AM,2022,10,04,03,33.1,95,Moderate,25.0,UG/M3,1 Hr,Valid
Ulaanbaatar,PM2.5 - Principal,2022-10-04 04:00 AM,2022,10,04,04,26.5,81,Moderate,20.0,UG/M3,1 Hr,Valid
Ulaanbaatar,PM2.5 - Principal,2022-10-04 05:00 AM,2022,10,04,05,20.2,68,Moderate,14.0,UG/M3,1 Hr,Valid
Ulaanbaatar,PM2.5 - Principal,2022-10-04 06:00 AM,2022,10,04,06,16.6,60,Moderate,13.0,UG/M3,1 Hr,Valid
Ulaanbaatar,PM2.5 - Principal,2022-10-04 07:00 AM,2022,10,04,07,12.8,52,Moderate,9.0,UG/M3,1 Hr,Valid
Ulaanbaatar,PM2.5 - Principal,2022-10-04 08:00 AM,2022,10,04,08,19.4,66,Moderate,26.0,UG/M3,1 Hr,Valid
Ulaanbaatar,PM2.5 - Principal,2022-10-04 09:00 AM,2022,10,04,09,44.2,122,Unhealthy for Sensitive Groups,69.0,UG/M3,1 Hr,Valid
Ulaanbaatar,PM2.5 - Principal,2022-10-04 10:00 AM,2022,10,04,10,60.1,153,Unhealthy,76.0,UG/M3,1 Hr,Valid
Ulaanbaatar,PM2.5 - Principal,2022-10-04 11:00 AM,2022,10,04,11,50.0,137,Unhealthy for Sensitive Groups,40.0,UG/M3,1 Hr,Valid
Ulaanbaatar,PM2.5 - Principal,2022-10-04 12:00 PM,2022,10,04,12,48.5,133,Unhealthy for Sensitive Groups,47.0,UG/M3,1 Hr,Valid
Ulaanbaatar,PM2.5 - Principal,2022-10-04 01:00 PM,2022,10,04,13,40.7,114,Unhealthy for Sensitive Groups,33.0,UG/M3,1 Hr,Valid
Ulaanbaatar,PM2.5 - Principal,2022-10-04 02:00 PM,2022,10,04,14,23.3,75,Moderate,6.0,UG/M3,1 Hr,Valid
Ulaanbaatar,PM2.5 - Principal,2022-10-04 03:00 PM,2022,10,04,15,15.6,58,Moderate,8.0,UG/M3,1 Hr,Valid
Ulaanbaatar,PM2.5 - Principal,2022-10-04 04:00 PM,2022,10,04,16,11.8,49,Good,8.0,UG/M3,1 Hr,Valid
Ulaanbaatar,PM2.5 - Principal,2022-10-04 05:00 PM,2022,10,04,17,14.9,57,Moderate,18.0,UG/M3,1 Hr,Valid
Ulaanbaatar,PM2.5 - Principal,2022-10-04 06:00 PM,2022,10,04,18,14.9,57,Moderate,-1.0,UG/M3,1 Hr,Invalid
Ulaanbaatar,PM2.5 - Principal,2022-10-04 07:00 PM,2022,10,04,19,5.6,23,Good,1.0,UG/M3,1 Hr,Valid
Ulaanbaatar,PM2.5 - Principal,2022-10-04 08:00 PM,2022,10,04,20,12.1,51,Moderate,17.0,UG/M3,1 Hr,Valid
Ulaanbaatar,PM2.5 - Principal,2022-10-04 09:00 PM,2022,10,04,21,76.0,162,Unhealthy,132.0,UG/M3,1 Hr,Valid
Ulaanbaatar,PM2.5 - Principal,2022-10-04 10:00 PM,2022,10,04,22,93.0,170,Unhealthy,109.0,UG/M3,1 Hr,Valid
Ulaanbaatar,PM2.5 - Principal,2022-10-04 11:00 PM,2022,10,04,23,96.0,172,Unhealthy,99.0,UG/M3,1 Hr,Valid
Ulaanbaatar,PM2.5 - Principal,2022-10-05 12:00 AM,2022,10,05,00,83.4,165,Unhealthy,71.0,UG/M3,1 Hr,Valid
Ulaanbaatar,PM2.5 - Principal,2022-10-05 01:00 AM,2022,10,05,01,65.6,156,Unhealthy,48.0,UG/M3,1 Hr,Valid
Ulaanbaatar,PM2.5 - Principal,2022-10-05 02:00 AM,2022,10,05,02,55.8,151,Unhealthy,46.0,UG/M3,1 Hr,Valid
Ulaanbaatar,PM2.5 - Principal,2022-10-05 03:00 AM,2022,10,05,03,36.8,104,Unhealthy for Sensitive Groups,18.0,UG/M3,1 Hr,Valid
Ulaanbaatar,PM2.5 - Principal,2022-10-05 04:00 AM,2022,10,05,04,31.4,92,Moderate,26.0,UG/M3,1 Hr,Valid
Ulaanbaatar,PM2.5 - Principal,2022-10-05 05:00 AM,2022,10,05,05,24.2,76,Moderate,17.0,UG/M3,1 Hr,Valid
Ulaanbaatar,PM2.5 - Principal,2022-10-05 06:00 AM,2022,10,05,06,20.1,68,Moderate,16.0,UG/M3,1 Hr,Valid
Ulaanbaatar,PM2.5 - Principal,2022-10-05 07:00 AM,2022,10,05,07,15.5,58,Moderate,11.0,UG/M3,1 Hr,Valid
Ulaanbaatar,PM2.5 - Principal,2022-10-05 08:00 AM,2022,10,05,08,16.2,60,Moderate,17.0,UG/M3,1 Hr,Valid
Ulaanbaatar,PM2.5 - Principal,2022-10-05 09:00 AM,2022,10,05,09,34.1,97,Moderate,52.0,UG/M3,1 Hr,Valid
Ulaanbaatar,PM2.5 - Principal,2022-10-05 10:00 AM,2022,10,05,10,55.0,149,Unhealthy for Sensitive Groups,76.0,UG/M3,1 Hr,Valid
Ulaanbaatar,PM2.5 - Principal,2022-10-05 11:00 AM,2022,10,05,11,42.5,118,Unhealthy for Sensitive Groups,30.0,UG/M3,1 Hr,Valid
Ulaanbaatar,PM2.5 - Principal,2022-10-05 12:00 PM,2022,10,05,12,30.7,90,Moderate,19.0,UG/M3,1 Hr,Valid
Ulaanbaatar,PM2.5 - Principal,2022-10-05 01:00 PM,2022,10,05,13,34.8,99,Moderate,39.0,UG/M3,1 Hr,Valid
Ulaanbaatar,PM2.5 - Principal,2022-10-05 02:00 PM,2022,10,05,14,28.9,86,Moderate,23.0,UG/M3,1 Hr,Valid
Ulaanbaatar,PM2.5 - Principal,2022-10-05 03:00 PM,2022,10,05,15,18.4,64,Moderate,8.0,UG/M3,1 Hr,Valid
Ulaanbaatar,PM2.5 - Principal,2022-10-05 04:00 PM,2022,10,05,16,15.2,58,Moderate,12.0,UG/M3,1 Hr,Valid
Ulaanbaatar,PM2.5 - Principal,2022-10-05 05:00 PM,2022,10,05,17,12.6,52,Moderate,10.0,UG/M3,1 Hr,Valid
Ulaanbaatar,PM2.5 - Principal,2022-10-05 06:00 PM,2022,10,05,18,11.3,47,Good,10.0,UG/M3,1 Hr,Valid
Ulaanbaatar,PM2.5 - Principal,2022-10-05 07:00 PM,2022,10,05,19,13.1,53,Moderate,15.0,UG/M3,1 Hr,Valid
Ulaanbaatar,PM2.5 - Principal,2022-10-05 08:00 PM,2022,10,05,20,11.5,48,Good,10.0,UG/M3,1 Hr,Valid
Ulaanbaatar,PM2.5 - Principal,2022-10-05 09:00 PM,2022,10,05,21,46.7,129,Unhealthy for Sensitive Groups,82.0,UG/M3,1 Hr,Valid
Ulaanbaatar,PM2.5 - Principal,2022-10-05 10:00 PM,2022,10,05,22,57.8,152,Unhealthy,69.0,UG/M3,1 Hr,Valid
Ulaanbaatar,PM2.5 - Principal,2022-10-05 11:00 PM,2022,10,05,23,58.9,153,Unhealthy,60.0,UG/M3,1 Hr,Valid
Ulaanbaatar,PM2.5 - Principal,2022-10-06 12:00 AM,2022,10,06,00,58.9,153,Unhealthy,59.0,UG/M3,1 Hr,Valid
Ulaanbaatar,PM2.5 - Principal,2022-10-06 01:00 AM,2022,10,06,01,55.4,150,Unhealthy for Sensitive Groups,52.0,UG/M3,1 Hr,Valid
Ulaanbaatar,PM2.5 - Principal,2022-10-06 02:00 AM,2022,10,06,02,59.7,153,Unhealthy,64.0,UG/M3,1 Hr,Valid
Ulaanbaatar,PM2.5 - Principal,2022-10-06 03:00 AM,2022,10,06,03,44.3,123,Unhealthy for Sensitive Groups,29.0,UG/M3,1 Hr,Valid
Ulaanbaatar,PM2.5 - Principal,2022-10-06 04:00 AM,2022,10,06,04,31.6,92,Moderate,19.0,UG/M3,1 Hr,Valid
Ulaanbaatar,PM2.5 - Principal,2022-10-06 05:00 AM,2022,10,06,05,23.3,75,Moderate,15.0,UG/M3,1 Hr,Valid
Ulaanbaatar,PM2.5 - Principal,2022-10-06 06:00 AM,2022,10,06,06,20.1,68,Moderate,17.0,UG/M3,1 Hr,Valid
Ulaanbaatar,PM2.5 - Principal,2022-10-06 07:00 AM,2022,10,06,07,18.0,63,Moderate,16.0,UG/M3,1 Hr,Valid
Ulaanbaatar,PM2.5 - Principal,2022-10-06 08:00 AM,2022,10,06,08,21.5,71,Moderate,25.0,UG/M3,1 Hr,Valid
Ulaanbaatar,PM2.5 - Principal,2022-10-06 09:00 AM,2022,10,06,09,42.7,119,Unhealthy for Sensitive Groups,64.0,UG/M3,1 Hr,Valid
Ulaanbaatar,PM2.5 - Principal,2022-10-06 10:00 AM,2022,10,06,10,79.8,164,Unhealthy,117.0,UG/M3,1 Hr,Valid
Ulaanbaatar,PM2.5 - Principal,2022-10-06 11:00 AM,2022,10,06,11,54.4,148,Unhealthy for Sensitive Groups,29.0,UG/M3,1 Hr,Valid
Ulaanbaatar,PM2.5 - Principal,2022-10-06 12:00 PM,2022,10,06,12,41.7,116,Unhealthy for Sensitive Groups,29.0,UG/M3,1 Hr,Valid
Ulaanbaatar,PM2.5 - Principal,2022-10-06 01:00 PM,2022,10,06,13,45.8,126,Unhealthy for Sensitive Groups,50.0,UG/M3,1 Hr,Valid
Ulaanbaatar,PM2.5 - Principal,2022-10-06 02:00 PM,2022,10,06,14,28.9,86,Moderate,12.0,UG/M3,1 Hr,Valid
Ulaanbaatar,PM2.5 - Principal,2022-10-06 03:00 PM,2022,10,06,15,19.9,67,Moderate,11.0,UG/M3,1 Hr,Valid
Ulaanbaatar,PM2.5 - Principal,2022-10-06 04:00 PM,2022,10,06,16,16.9,61,Moderate,14.0,UG/M3,1 Hr,Valid
Ulaanbaatar,PM2.5 - Principal,2022-10-06 05:00 PM,2022,10,06,17,13.4,54,Moderate,10.0,UG/M3,1 Hr,Valid
Ulaanbaatar,PM2.5 - Principal,2022-10-06 06:00 PM,2022,10,06,18,10.7,45,Good,8.0,UG/M3,1 Hr,Valid
Ulaanbaatar,PM2.5 - Principal,2022-10-06 07:00 PM,2022,10,06,19,8.8,37,Good,7.0,UG/M3,1 Hr,Valid
Ulaanbaatar,PM2.5 - Principal,2022-10-06 08:00 PM,2022,10,06,20,14.4,56,Moderate,20.0,UG/M3,1 Hr,Valid
Ulaanbaatar,PM2.5 - Principal,2022-10-06 09:00 PM,2022,10,06,21,34.2,97,Moderate,54.0,UG/M3,1 Hr,Valid
Ulaanbaatar,PM2.5 - Principal,2022-10-06 10:00 PM,2022,10,06,22,40.5,113,Unhealthy for Sensitive Groups,47.0,UG/M3,1 Hr,Valid
Ulaanbaatar,PM2.5 - Principal,2022-10-06 11:00 PM,2022,10,06,23,35.8,102,Unhealthy for Sensitive Groups,31.0,UG/M3,1 Hr,Valid
Ulaanbaatar,PM2.5 - Principal,2022-10-07 12:00 AM,2022,10,07,00,71.4,159,Unhealthy,107.0,UG/M3,1 Hr,Valid
Ulaanbaatar,PM2.5 - Principal,2022-10-07 01:00 AM,2022,10,07,01,62.2,154,Unhealthy,53.0,UG/M3,1 Hr,Valid
Ulaanbaatar,PM2.5 - Principal,2022-10-07 02:00 AM,2022,10,07,02,55.1,149,Unhealthy for Sensitive Groups,48.0,UG/M3,1 Hr,Valid
Ulaanbaatar,PM2.5 - Principal,2022-10-07 03:00 AM,2022,10,07,03,50.0,137,Unhealthy for Sensitive Groups,45.0,UG/M3,1 Hr,Valid
Ulaanbaatar,PM2.5 - Principal,2022-10-07 04:00 AM,2022,10,07,04,36.0,102,Unhealthy for Sensitive Groups,22.0,UG/M3,1 Hr,Valid
Ulaanbaatar,PM2.5 - Principal,2022-10-07 05:00 AM,2022,10,07,05,27.0,82,Moderate,18.0,UG/M3,1 Hr,Valid
Ulaanbaatar,PM2.5 - Principal,2022-10-07 06:00 AM,2022,10,07,06,18.0,63,Moderate,9.0,UG/M3,1 Hr,Valid
Ulaanbaatar,PM2.5 - Principal,2022-10-07 07:00 AM,2022,10,07,07,17.0,61,Moderate,16.0,UG/M3,1 Hr,Valid
Ulaanbaatar,PM2.5 - Principal,2022-10-07 08:00 AM,2022,10,07,08,17.0,61,Moderate,17.0,UG/M3,1 Hr,Valid
Ulaanbaatar,PM2.5 - Principal,2022-10-07 09:00 AM,2022,10,07,09,25.9,80,Moderate,35.0,UG/M3,1 Hr,Valid
Ulaanbaatar,PM2.5 - Principal,2022-10-07 10:00 AM,2022,10,07,10,42.0,117,Unhealthy for Sensitive Groups,58.0,UG/M3,1 Hr,Valid
Ulaanbaatar,PM2.5 - Principal,2022-10-07 11:00 AM,2022,10,07,11,42.0,117,Unhealthy for Sensitive Groups,-999.0,UG/M3,1 Hr,Missing
