Site,Parameter,Date (LT),Year,Month,Day,Hour,NowCast Conc.,AQI,AQI Category,Raw Conc.,Conc. Unit,Duration,QC Name
Phora Durbar Kathmandu,O3,2022-01-02 08:00 AM,2022,01,02,08,10.0,9,Good,6.0,PPB,1 Hr,Valid
Phora Durbar Kathmandu,O3,2022-01-02 09:00 AM,2022,01,02,09,7.0,6,Good,4.0,PPB,1 Hr,Valid
Phora Durbar Kathmandu,O3,2022-01-02 10:00 AM,2022,01,02,10,11.0,10,Good,7.0,PPB,1 Hr,Valid
Phora Durbar Kathmandu,O3,2022-01-02 11:00 AM,2022,01,02,11,24.0,22,Good,23.0,PPB,1 Hr,Valid
Phora Durbar Kathmandu,O3,2022-01-02 12:00 PM,2022,01,02,12,30.0,28,Good,30.0,PPB,1 Hr,Valid
Phora Durbar Kathmandu,O3,2022-01-02 01:00 PM,2022,01,02,13,41.0,38,Good,43.0,PPB,1 Hr,Valid
Phora Durbar Kathmandu,O3,2022-01-02 02:00 PM,2022,01,02,14,44.0,41,Good,47.0,PPB,1 Hr,Valid
Phora Durbar Kathmandu,O3,2022-01-02 03:00 PM,2022,01,02,15,48.0,44,Good,51.0,PPB,1 Hr,Valid
Phora Durbar Kathmandu,O3,2022-01-02 04:00 PM,2022,01,02,16,35.0,32,Good,36.0,PPB,1 Hr,Valid
Phora Durbar Kathmandu,O3,2022-01-02 05:00 PM,2022,01,02,17,25.0,23,Good,24.0,PPB,1 Hr,Valid
Phora Durbar Kathmandu,O3,2022-01-02 06:00 PM,2022,01,02,18,13.0,12,Good,10.0,PPB,1 Hr,Valid
Phora Durbar Kathmandu,O3,2022-01-02 07:00 PM,2022,01,02,19,11.0,10,Good,7.0,PPB,1 Hr,Valid
Phora Durbar Kathmandu,O3,2022-01-02 08:00 PM,2022,01,02,20,6.0,6,Good,2.0,PPB,1 Hr,Valid
Phora Durbar Kathmandu,O3,2022-01-02 09:00 PM,2022,01,02,21,6.0,6,Good,1.0,PPB,1 Hr,Valid
Phora Durbar Kathmandu,O3,2022-01-02 10:00 PM,2022,01,02,22,5.0,5,Good,1.0,PPB,1 Hr,Valid
Phora Durbar Kathmandu,O3,2022-01-02 11:00 PM,2022,01,02,23,5.0,5,Good,0.0,PPB,1 Hr,Valid
Phora Durbar Kathmandu,O3,2022-01-03 12:00 AM,2022,01,03,00,5.0,5,Good,0.0,PPB,1 Hr,Valid
Phora Durbar Kathmandu,O3,2022-01-03 01:00 AM,2022,01,03,01,5.0,5,Good,0.0,PPB,1 Hr,Valid
Phora Durbar Kathmandu,O3,2022-01-03 02:00 AM,2022,01,03,02,5.0,5,Good,0.0,PPB,1 Hr,Valid
Phora Durbar Kathmandu,O3,2022-01-03 03:00 AM,2022,01,03,03,5.0,5,Good,1.0,PPB,1 Hr,Valid
Phora Durbar Kathmandu,O3,2022-01-03 04:00 AM,2022,01,03,04,5.0,5,Good,-999.0,PPB,1 Hr,Missing
Phora Durbar Kathmandu,O3,2022-01-03 05:00 AM,2022,01,03,05,7.0,6,Good,3.0,PPB,1 Hr,Valid
Phora Durbar Kathmandu,O3,2022-01-03 06:00 AM,2022,01,03,06,5.0,5,Good,1.0,PPB,1 Hr,Valid
Phora Durbar Kathmandu,O3,2022-01-03 07:00 AM,2022,01,03,07,5.0,5,Good,1.0,PPB,1 Hr,Valid
Phora Durbar Kathmandu,O3,2022-01-03 08:00 AM,2022,01,03,08,6.0,6,Good,2.0,PPB,1 Hr,Valid
Phora Durbar Kathmandu,O3,2022-01-03 09:00 AM,2022,01,03,09,6.0,6,Good,2.0,PPB,1 Hr,Valid
Phora Durbar Kathmandu,O3,2022-01-03 10:00 AM,2022,01,03,10,8.0,7,Good,5.0,PPB,1 Hr,Valid
Phora Durbar Kathmandu,O3,2022-01-03 11:00 AM,2022,01,03,11,24.0,22,Good,23.0,PPB,1 Hr,Valid
Phora Durbar Kathmandu,O3,2022-01-03 12:00 PM,2022,01,03,12,32.0,30,Good,32.0,PPB,1 Hr,Valid
Phora Durbar Kathmandu,O3,2022-01-03 01:00 PM,2022,01,03,13,41.0,38,Good,42.0,PPB,1 Hr,Valid
Phora Durbar Kathmandu,O3,2022-01-03 02:00 PM,2022,01,03,14,38.0,35,Good,39.0,PPB,1 Hr,Valid
Phora Durbar Kathmandu,O3,2022-01-03 03:00 PM,2022,01,03,15,32.0,30,Good,32.0,PPB,1 Hr,Valid
Phora Durbar Kathmandu,O3,2022-01-03 04:00 PM,2022,01,03,16,25.0,23,Good,25.0,PPB,1 Hr,Valid
Phora Durbar Kathmandu,O3,2022-01-03 05:00 PM,2022,01,03,17,21.0,19,Good,19.0,PPB,1 Hr,Valid
Phora Durbar Kathmandu,O3,2022-01-03 06:00 PM,2022,01,03,18,11.0,10,Good,7.0,PPB,1 Hr,Valid
Phora Durbar Kathmandu,O3,2022-01-03 07:00 PM,2022,01,03,19,7.0,6,Good,3.0,PPB,1 Hr,Valid
Phora Durbar Kathmandu,O3,2022-01-03 08:00 PM,2022,01,03,20,7.0,6,Good,3.0,PPB,1 Hr,Valid
Phora Durbar Kathmandu,O3,2022-01-03 09:00 PM,2022,01,03,21,6.0,6,Good,2.0,PPB,1 Hr,Valid
Phora Durbar Kathmandu,O3,2022-01-03 10:00 PM,2022,01,03,22,5.0,5,Good,1.0,PPB,1 Hr,Valid
Phora Durbar Kathmandu,O3,2022-01-03 11:00 PM,2022,01,03,23,5.0,5,Good,0.0,PPB,1 Hr,Valid
Phora Durbar Kathmandu,O3,2022-01-04 12:00 AM,2022,01,04,00,5.0,5,Good,0.0,PPB,1 Hr,Valid
Phora Durbar Kathmandu,O3,2022-01-04 01:00 AM,2022,01,04,01,5.0,5,Good,1.0,PPB,1 Hr,Valid
Phora Durbar Kathmandu,O3,2022-01-04 02:00 AM,2022,01,04,02,5.0,5,Good,1.0,PPB,1 Hr,Valid
Phora Durbar Kathmandu,O3,2022-01-04 03:00 AM,2022,01,04,03,6.0,6,Good,1.0,PPB,1 Hr,Valid
Phora Durbar Kathmandu,O3,2022-01-04 04:00 AM,2022,01,04,04,7.0,6,Good,2.0,PPB,1 Hr,Valid
Phora Durbar Kathmandu,O3,2022-01-04 05:00 AM,2022,01,04,05,7.0,6,Good,3.0,PPB,1 Hr,Valid
Phora Durbar Kathmandu,O3,2022-01-04 06:00 AM,2022,01,04,06,8.0,7,Good,4.0,PPB,1 Hr,Valid
Phora Durbar Kathmandu,O3,2022-01-04 07:00 AM,2022,01,04,07,6.0,6,Good,2.0,PPB,1 Hr,Valid
Phora Durbar Kathmandu,O3,2022-01-04 08:00 AM,2022,01,04,08,7.0,6,Good,3.0,PPB,1 Hr,Valid
Phora Durbar Kathmandu,O3,2022-01-04 09:00 AM,2022,01,04,09,7.0,6,Good,3.0,PPB,1 Hr,Valid
Phora Durbar Kathmandu,O3,2022-01-04 10:00 AM,2022,01,04,10,7.0,6,Good,3.0,PPB,1 Hr,Valid
Phora Durbar Kathmandu,O3,2022-01-04 11:00 AM,2022,01,04,11,14.0,13,Good,12.0,PPB,1 Hr,Valid
Phora Durbar Kathmandu,O3,2022-01-04 12:00 PM,2022,01,04,12,31.0,29,Good,31.0,PPB,1 Hr,Valid
Phora Durbar Kathmandu,O3,2022-01-04 01:00 PM,2022,01,04,13,43.0,40,Good,45.0,PPB,1 Hr,Valid
Phora Durbar Kathmandu,O3,2022-01-04 02:00 PM,2022,01,04,14,41.0,38,Good,43.0,PPB,1 Hr,Valid
Phora Durbar Kathmandu,O3,2022-01-04 03:00 PM,2022,01,04,15,33.0,31,Good,33.0,PPB,1 Hr,Valid
Phora Durbar Kathmandu,O3,2022-01-04 04:00 PM,2022,01,04,16,28.0,26,Good,28.0,PPB,1 Hr,Valid
Phora Durbar Kathmandu,O3,2022-01-04 05:00 PM,2022,01,04,17,24.0,22,Good,23.0,PPB,1 Hr,Valid
Phora Durbar Kathmandu,O3,2022-01-04 06:00 PM,2022,01,04,18,16.0,15,Good,14.0,PPB,1 Hr,Valid
Phora Durbar Kathmandu,O3,2022-01-04 07:00 PM,2022,01,04,19,12.0,11,Good,9.0,PPB,1 Hr,Valid
Phora Durbar Kathmandu,O3,2022-01-04 08:00 PM,2022,01,04,20,6.0,6,Good,2.0,PPB,1 Hr,Valid
Phora Durbar Kathmandu,O3,2022-01-04 09:00 PM,2022,01,04,21,7.0,6,Good,2.0,PPB,1 Hr,Valid
Phora Durbar Kathmandu,O3,2022-01-04 10:00 PM,2022,01,04,22,7.0,6,Good,3.0,PPB,1 Hr,Valid
Phora Durbar Kathmandu,O3,2022-01-04 11:00 PM,2022,01,04,23,6.0,6,Good,1.0,PPB,1 Hr,Valid
Phora Durbar Kathmandu,O3,2022-01-05 12:00 AM,2022,01,05,00,5.0,5,Good,0.0,PPB,1 Hr,Valid
Phora Durbar Kathmandu,O3,2022-01-05 01:00 AM,2022,01,05,01,5.0,5,Good,0.0,PPB,1 Hr,Valid
Phora Durbar Kathmandu,O3,2022-01-05 02:00 AM,2022,01,05,02,6.0,6,Good,2.0,PPB,1 Hr,Valid
Phora Durbar Kathmandu,O3,2022-01-05 03:00 AM,2022,01,05,03,5.0,5,Good,1.0,PPB,1 Hr,Valid
Phora Durbar Kathmandu,O3,2022-01-05 04:00 AM,2022,01,05,04,5.0,5,Good,0.0,PPB,1 Hr,Valid
Phora Durbar Kathmandu,O3,2022-01-05 05:00 AM,2022,01,05,05,5.0,5,Good,1.0,PPB,1 Hr,Valid
Phora Durbar Kathmandu,O3,2022-01-05 06:00 AM,2022,01,05,06,6.0,6,Good,2.0,PPB,1 Hr,Valid
Phora Durbar Kathmandu,O3,2022-01-05 07:00 AM,2022,01,05,07,6.0,6,Good,-999.0,PPB,1 Hr,Missing
Phora Durbar Kathmandu,O3,2022-01-05 08:00 AM,2022,01,05,08,6.0,6,Good,2.0,PPB,1 Hr,Valid
Phora Durbar Kathmandu,O3,2022-01-05 09:00 AM,2022,01,05,09,6.0,6,Good,2.0,PPB,1 Hr,Valid
Phora Durbar Kathmandu,O3,2022-01-05 10:00 AM,2022,01,05,10,12.0,11,Good,9.0,PPB,1 Hr,Valid
Phora Durbar Kathmandu,O3,2022-01-05 11:00 AM,2022,01,05,11,24.0,22,Good,23.0,PPB,1 Hr,Valid
Phora Durbar Kathmandu,O3,2022-01-05 12:00 PM,2022,01,05,12,43.0,40,Good,45.0,PPB,1 Hr,Valid
Phora Durbar Kathmandu,O3,2022-01-05 01:00 PM,2022,01,05,13,48.0,44,Good,51.0,PPB,1 Hr,Valid
Phora Durbar Kathmandu,O3,2022-01-05 02:00 PM,2022,01,05,14,50.0,46,Good,54.0,PPB,1 Hr,Valid
Phora Durbar Kathmandu,O3,2022-01-05 03:00 PM,2022,01,05,15,40.0,37,Good,42.0,PPB,1 Hr,Valid
Phora Durbar Kathmandu,O3,2022-01-05 04:00 PM,2022,01,05,16,34.0,31,Good,35.0,PPB,1 Hr,Valid
Phora Durbar Kathmandu,O3,2022-01-05 05:00 PM,2022,01,05,17,25.0,23,Good,24.0,PPB,1 Hr,Valid
Phora Durbar Kathmandu,O3,2022-01-05 06:00 PM,2022,01,05,18,18.0,17,Good,16.0,PPB,1 Hr,Valid
Phora Durbar Kathmandu,O3,2022-01-05 07:00 PM,2022,01,05,19,9.0,8,Good,5.0,PPB,1 Hr,Valid
Phora Durbar Kathmandu,O3,2022-01-05 08:00 PM,2022,01,05,20,6.0,6,Good,2.0,PPB,1 Hr,Valid
Phora Durbar Kathmandu,O3,2022-01-05 09:00 PM,2022,01,05,21,6.0,6,Good,2.0,PPB,1 Hr,Valid
Phora Durbar Kathmandu,O3,2022-01-05 10:00 PM,2022,01,05,22,5.0,5,Good,1.0,PPB,1 Hr,Valid
Phora Durbar Kathmandu,O3,2022-01-05 11:00 PM,2022,01,05,23,5.0,5,Good,0.0,PPB,1 Hr,Valid
Phora Durbar Kathmandu,O3,2022-01-06 12:00 AM,2022,01,06,00,4.0,4,Good,0.0,PPB,1 Hr,Valid
Phora Durbar Kathmandu,O3,2022-01-06 01:00 AM,2022,01,06,01,5.0,5,Good,0.0,PPB,1 Hr,Valid
Phora Durbar Kathmandu,O3,2022-01-06 02:00 AM,2022,01,06,02,4.0,4,Good,0.0,PPB,1 Hr,Valid
Phora Durbar Kathmandu,O3,2022-01-06 03:00 AM,2022,01,06,03,5.0,5,Good,0.0,PPB,1 Hr,Valid
Phora Durbar Kathmandu,O3,2022-01-06 04:00 AM,2022,01,06,04,5.0,5,Good,0.0,PPB,1 Hr,Valid
Phora Durbar Kathmandu,O3,2022-01-06 05:00 AM,2022,01,06,05,5.0,5,Good,0.0,PPB,1 Hr,Valid
Phora Durbar Kathmandu,O3,2022-01-06 06:00 AM,2022,01,06,06,5.0,5,Good,0.0,PPB,1 Hr,Valid
Phora Durbar Kathmandu,O3,2022-01-06 07:00 AM,2022,01,06,07,5.0,5,Good,0.0,PPB,1 Hr,Valid
Phora Durbar Kathmandu,O3,2022-01-06 08:00 AM,2022,01,06,08,5.0,5,Good,0.0,PPB,1 Hr,Valid
Phora Durbar Kathmandu,O3,2022-01-06 09:00 AM,2022,01,06,09,6.0,6,Good,2.0,PPB,1 Hr,Valid
Phora Durbar Kathmandu,O3,2022-01-06 10:00 AM,2022,01,06,10,8.0,7,Good,4.0,PPB,1 Hr,Valid
Phora Durbar Kathmandu,O3,2022-01-06 11:00 AM,2022,01,06,11,20.0,19,Good,19.0,PPB,1 Hr,Valid
Phora Durbar Kathmandu,O3,2022-01-06 12:00 PM,2022,01,06,12,22.0,20,Good,21.0,PPB,1 Hr,Valid
Phora Durbar Kathmandu,O3,2022-01-06 01:00 PM,2022,01,06,13,20.0,19,Good,19.0,PPB,1 Hr,Valid
Phora Durbar Kathmandu,O3,2022-01-06 02:00 PM,2022,01,06,14,25.0,23,Good,24.0,PPB,1 Hr,Valid
Phora Durbar Kathmandu,O3,2022-01-06 03:00 PM,2022,01,06,15,24.0,22,Good,23.0,PPB,1 Hr,Valid
Phora Durbar Kathmandu,O3,2022-01-06 04:00 PM,2022,01,06,16,22.0,20,Good,20.0,PPB,1 Hr,Valid
Phora Durbar Kathmandu,O3,2022-01-06 05:00 PM,2022,01,06,17,21.0,19,Good,20.0,PPB,1 Hr,Valid
Phora Durbar Kathmandu,O3,2022-01-06 06:00 PM,2022,01,06,18,17.0,16,Good,15.0,PPB,1 Hr,Valid
Phora Durbar Kathmandu,O3,2022-01-06 07:00 PM,2022,01,06,19,10.0,9,Good,7.0,PPB,1 Hr,Valid
Phora Durbar Kathmandu,O3,2022-01-06 08:00 PM,2022,01,06,20,7.0,6,Good,3.0,PPB,1 Hr,Valid
Phora Durbar Kathmandu,O3,2022-01-06 09:00 PM,2022,01,06,21,7.0,6,Good,3.0,PPB,1 Hr,Valid
Phora Durbar Kathmandu,O3,2022-01-06 10:00 PM,2022,01,06,22,9.0,8,Good,5.0,PPB,1 Hr,Valid
Phora Durbar Kathmandu,O3,2022-01-06 11:00 PM,2022,01,06,23,6.0,6,Good,2.0,PPB,1 Hr,Valid
Phora Durbar Kathmandu,O3,2022-01-07 12:00 AM,2022,01,07,00,5.0,5,Good,1.0,PPB,1 Hr,Valid
Phora Durbar Kathmandu,O3,2022-01-07 01:00 AM,2022,01,07,01,7.0,6,Good,3.0,PPB,1 Hr,Valid
Phora Durbar Kathmandu,O3,2022-01-07 02:00 AM,2022,01,07,02,6.0,6,Good,1.0,PPB,1 Hr,Valid
Phora Durbar Kathmandu,O3,2022-01-07 03:00 AM,2022,01,07,03,7.0,6,Good,3.0,PPB,1 Hr,Valid
Phora Durbar Kathmandu,O3,2022-01-07 04:00 AM,2022,01,07,04,5.0,5,Good,1.0,PPB,1 Hr,Valid
Phora Durbar Kathmandu,O3,2022-01-07 05:00 AM,2022,01,07,05,5.0,5,Good,1.0,PPB,1 Hr,Valid
Phora Durbar Kathmandu,O3,2022-01-07 06:00 AM,2022,01,07,06,5.0,5,Good,0.0,PPB,1 Hr,Valid
Phora Durbar Kathmandu,O3,2022-01-07 07:00 AM,2022,01,07,07,5.0,5,Good,0.0,PPB,1 Hr,Valid
Phora Durbar Kathmandu,O3,2022-01-07 08:00 AM,2022,01,07,08,5.0,5,Good,1.0,PPB,1 Hr,Valid
Phora Durbar Kathmandu,O3,2022-01-07 09:00 AM,2022,01,07,09,6.0,6,Good,2.0,PPB,1 Hr,Valid
Phora Durbar Kathmandu,O3,2022-01-07 10:00 AM,2022,01,07,10,16.0,15,Good,13.0,PPB,1 Hr,Valid
Phora Durbar Kathmandu,O3,2022-01-07 11:00 AM,2022,01,07,11,27.0,25,Good,27.0,PPB,1 Hr,Valid
Phora Durbar Kathmandu,O3,2022-01-07 12:00 PM,2022,01,07,12,39.0,36,Good,40.0,PPB,1 Hr,Valid
Phora Durbar Kathmandu,O3,2022-01-07 01:00 PM,2022,01,07,13,31.0,29,Good,32.0,PPB,1 Hr,Valid
Phora Durbar Kathmandu,O3,2022-01-07 02:00 PM,2022,01,07,14,34.0,31,Good,34.0,PPB,1 Hr,Valid
Phora Durbar Kathmandu,O3,2022-01-07 03:00 PM,2022,01,07,15,30.0,28,Good,30.0,PPB,1 Hr,Valid
Phora Durbar Kathmandu,O3,2022-01-07 04:00 PM,2022,01,07,16,22.0,20,Good,21.0,PPB,1 Hr,Valid
Phora Durbar Kathmandu,O3,2022-01-07 05:00 PM,2022,01,07,17,17.0,16,Good,15.0,PPB,1 Hr,Valid
Phora Durbar Kathmandu,O3,2022-01-07 06:00 PM,2022,01,07,18,12.0,11,Good,9.0,PPB,1 Hr,Valid
Phora Durbar Kathmandu,O3,2022-01-07 07:00 PM,2022,01,07,19,7.0,6,Good,3.0,PPB,1 Hr,Valid
Phora Durbar Kathmandu,O3,2022-01-07 08:00 PM,2022,01,07,20,6.0,6,Good,2.0,PPB,1 Hr,Valid
Phora Durbar Kathmandu,O3,2022-01-07 09:00 PM,2022,01,07,21,7.0,6,Good,3.0,PPB,1 Hr,Valid
Phora Durbar Kathmandu,O3,2022-01-07 10:00 PM,2022,01,07,22,5.0,5,Good,1.0,PPB,1 Hr,Valid
Phora Durbar Kathmandu,O3,2022-01-07 11:00 PM,2022,01,07,23,5.0,5,Good,0.0,PPB,1 Hr,Valid
Phora Durbar Kathmandu,O3,2022-01-08 12:00 AM,2022,01,08,00,5.0,5,Good,1.0,PPB,1 Hr,Valid
Phora Durbar Kathmandu,O3,2022-01-08 01:00 AM,2022,01,08,01,5.0,5,Good,0.0,PPB,1 Hr,Valid
Phora Durbar Kathmandu,O3,2022-01-08 02:00 AM,2022,01,08,02,5.0,5,Good,1.0,PPB,1 Hr,Valid
Phora Durbar Kathmandu,O3,2022-01-08 03:00 AM,2022,01,08,03,5.0,5,Good,0.0,PPB,1 Hr,Valid
Phora Durbar Kathmandu,O3,2022-01-08 04:00 AM,2022,01,08,04,5.0,5,Good,0.0,PPB,1 Hr,Valid
Phora Durbar Kathmandu,O3,2022-01-08 05:00 AM,2022,01,08,05,5.0,5,Good,1.0,PPB,1 Hr,Valid
Phora Durbar Kathmandu,O3,2022-01-08 06:00 AM,2022,01,08,06,5.0,5,Good,0.0,PPB,1 Hr,Valid
Phora Durbar Kathmandu,O3,2022-01-08 07:00 AM,2022,01,08,07,5.0,5,Good,0.0,PPB,1 Hr,Valid
Phora Durbar Kathmandu,O3,2022-01-08 08:00 AM,2022,01,08,08,5.0,5,Good,1.0,PPB,1 Hr,Valid
Phora Durbar Kathmandu,O3,2022-01-08 09:00 AM,2022,01,08,09,5.0,5,Good,1.0,PPB,1 Hr,Valid
Phora Durbar Kathmandu,O3,2022-01-08 10:00 AM,2022,01,08,10,10.0,9,Good,7.0,PPB,1 Hr,Valid
Phora Durbar Kathmandu,O3,2022-01-08 11:00 AM,2022,01,08,11,26.0,24,Good,25.0,PPB,1 Hr,Valid
Phora Durbar Kathmandu,O3,2022-01-08 12:00 PM,2022,01,08,12,45.0,42,Good,48.0,PPB,1 Hr,Valid
Phora Durbar Kathmandu,O3,2022-01-08 01:00 PM,2022,01,08,13,31.0,29,Good,31.0,PPB,1 Hr,Valid
Phora Durbar Kathmandu,O3,2022-01-08 02:00 PM,2022,01,08,14,25.0,23,Good,24.0,PPB,1 Hr,Valid
Phora Durbar Kathmandu,O3,2022-01-08 03:00 PM,2022,01,08,15,23.0,21,Good,22.0,PPB,1 Hr,Valid
Phora Durbar Kathmandu,O3,2022-01-08 04:00 PM,2022,01,08,16,23.0,21,Good,22.0,PPB,1 Hr,Valid
Phora Durbar Kathmandu,O3,2022-01-08 05:00 PM,2022,01,08,17,20.0,19,Good,18.0,PPB,1 Hr,Valid
Phora Durbar Kathmandu,O3,2022-01-08 06:00 PM,2022,01,08,18,13.0,12,Good,10.0,PPB,1 Hr,Valid
Phora Durbar Kathmandu,O3,2022-01-08 07:00 PM,2022,01,08,19,18.0,17,Good,15.0,PPB,1 Hr,Valid
Phora Durbar Kathmandu,O3,2022-01-08 08:00 PM,2022,01,08,20,16.0,15,Good,13.0,PPB,1 Hr,Valid
Phora Durbar Kathmandu,O3,2022-01-08 09:00 PM,2022,01,08,21,10.0,9,Good,6.0,PPB,1 Hr,Valid
Phora Durbar Kathmandu,O3,2022-01-08 10:00 PM,2022,01,08,22,7.0,6,Good,3.0,PPB,1 Hr,Valid
Phora Durbar Kathmandu,O3,2022-01-08 11:00 PM,2022,01,08,23,5.0,5,Good,1.0,PPB,1 Hr,Valid
Phora Durbar Kathmandu,O3,2022-01-09 12:00 AM,2022,01,09,00,5.0,5,Good,1.0,PPB,1 Hr,Valid
Phora Durbar Kathmandu,O3,2022-01-09 01:00 AM,2022,01,09,01,5.0,5,Good,1.0,PPB,1 Hr,Valid
Phora Durbar Kathmandu,O3,2022-01-09 02:00 AM,2022,01,09,02,5.0,5,Good,1.0,PPB,1 Hr,Valid
Phora Durbar Kathmandu,O3,2022-01-09 03:00 AM,2022,01,09,03,5.0,5,Good,1.0,PPB,1 Hr,Valid
Phora Durbar Kathmandu,O3,2022-01-09 04:00 AM,2022,01,09,04,5.0,5,Good,0.0,PPB,1 Hr,Valid
Phora Durbar Kathmandu,O3,2022-01-09 05:00 AM,2022,01,09,05,5.0,5,Good,0.0,PPB,1 Hr,Valid
Phora Durbar Kathmandu,O3,2022-01-09 06:00 AM,2022,01,09,06,5.0,5,Good,0.0,PPB,1 Hr,Valid
Phora Durbar Kathmandu,O3,2022-01-09 07:00 AM,2022,01,09,07,5.0,5,Good,-999.0,PPB,1 Hr,Missing
Phora Durbar Kathmandu,O3,2022-01-09 08:00 AM,2022,01,09,08,6.0,6,Good,2.0,PPB,1 Hr,Valid
Phora Durbar Kathmandu,O3,2022-01-09 09:00 AM,2022,01,09,09,8.0,7,Good,4.0,PPB,1 Hr,Valid
Phora Durbar Kathmandu,O3,2022-01-09 10:00 AM,2022,01,09,10,17.0,16,Good,15.0,PPB,1 Hr,Valid
Phora Durbar Kathmandu,O3,2022-01-09 11:00 AM,2022,01,09,11,33.0,31,Good,34.0,PPB,1 Hr,Valid
Phora Durbar Kathmandu,O3,2022-01-09 12:00 PM,2022,01,09,12,36.0,33,Good,37.0,PPB,1 Hr,Valid
Phora Durbar Kathmandu,O3,2022-01-09 01:00 PM,2022,01,09,13,32.0,30,Good,33.0,PPB,1 Hr,Valid
Phora Durbar Kathmandu,O3,2022-01-09 02:00 PM,2022,01,09,14,29.0,27,Good,28.0,PPB,1 Hr,Valid
Phora Durbar Kathmandu,O3,2022-01-09 03:00 PM,2022,01,09,15,26.0,24,Good,26.0,PPB,1 Hr,Valid
Phora Durbar Kathmandu,O3,2022-01-09 04:00 PM,2022,01,09,16,23.0,21,Good,22.0,PPB,1 Hr,Valid
Phora Durbar Kathmandu,O3,2022-01-09 05:00 PM,2022,01,09,17,16.0,15,Good,14.0,PPB,1 Hr,Valid
Phora Durbar Kathmandu,O3,2022-01-09 06:00 PM,2022,01,09,18,9.0,8,Good,5.0,PPB,1 Hr,Valid
Phora Durbar Kathmandu,O3,2022-01-09 07:00 PM,2022,01,09,19,7.0,6,Good,3.0,PPB,1 Hr,Valid
Phora Durbar Kathmandu,O3,2022-01-09 08:00 PM,2022,01,09,20,6.0,6,Good,2.0,PPB,1 Hr,Valid
Phora Durbar Kathmandu,O3,2022-01-09 09:00 PM,2022,01,09,21,5.0,5,Good,1.0,PPB,1 Hr,Valid
Phora Durbar Kathmandu,O3,2022-01-09 10:00 PM,2022,01,09,22,5.0,5,Good,1.0,PPB,1 Hr,Valid
Phora Durbar Kathmandu,O3,2022-01-09 11:00 PM,2022,01,09,23,5.0,5,Good,1.0,PPB,1 Hr,Valid
Phora Durbar Kathmandu,O3,2022-01-10 12:00 AM,2022,01,10,00,5.0,5,Good,1.0,PPB,1 Hr,Valid
Phora Durbar Kathmandu,O3,2022-01-10 01:00 AM,2022,01,10,01,5.0,5,Good,1.0,PPB,1 Hr,Valid
Phora Durbar Kathmandu,O3,2022-01-10 02:00 AM,2022,01,10,02,6.0,6,Good,2.0,PPB,1 Hr,Valid
Phora Durbar Kathmandu,O3,2022-01-10 03:00 AM,2022,01,10,03,7.0,6,Good,2.0,PPB,1 Hr,Valid
Phora Durbar Kathmandu,O3,2022-01-10 04:00 AM,2022,01,10,04,7.0,6,Good,-999.0,PPB,1 Hr,Missing
Phora Durbar Kathmandu,O3,2022-01-10 05:00 AM,2022,01,10,05,7.0,6,Good,3.0,PPB,1 Hr,Valid
Phora Durbar Kathmandu,O3,2022-01-10 06:00 AM,2022,01,10,06,6.0,6,Good,2.0,PPB,1 Hr,Valid
Phora Durbar Kathmandu,O3,2022-01-10 07:00 AM,2022,01,10,07,5.0,5,Good,0.0,PPB,1 Hr,Valid
Phora Durbar Kathmandu,O3,2022-01-10 08:00 AM,2022,01,10,08,5.0,5,Good,1.0,PPB,1 Hr,Valid
Phora Durbar Kathmandu,O3,2022-01-10 09:00 AM,2022,01,10,09,6.0,6,Good,2.0,PPB,1 Hr,Valid
Phora Durbar Kathmandu,O3,2022-01-10 10:00 AM,2022,01,10,10,15.0,14,Good,13.0,PPB,1 Hr,Valid
Phora Durbar Kathmandu,O3,2022-01-10 11:00 AM,2022,01,10,11,35.0,32,Good,36.0,PPB,1 Hr,Valid
Phora Durbar Kathmandu,O3,2022-01-10 12:00 PM,2022,01,10,12,43.0,40,Good,46.0,PPB,1 Hr,Valid
Phora Durbar Kathmandu,O3,2022-01-10 01:00 PM,2022,01,10,13,37.0,34,Good,39.0,PPB,1 Hr,Valid
Phora Durbar Kathmandu,O3,2022-01-10 02:00 PM,2022,01,10,14,36.0,33,Good,37.0,PPB,1 Hr,Valid
Phora Durbar Kathmandu,O3,2022-01-10 03:00 PM,2022,01,10,15,28.0,26,Good,28.0,PPB,1 Hr,Valid
Phora Durbar Kathmandu,O3,2022-01-10 04:00 PM,2022,01,10,16,26.0,24,Good,26.0,PPB,1 Hr,Valid
Phora Durbar Kathmandu,O3,2022-01-10 05:00 PM,2022,01,10,17,17.0,16,Good,15.0,PPB,1 Hr,Valid
Phora Durbar Kathmandu,O3,2022-01-10 06:00 PM,2022,01,10,18,7.0,6,Good,3.0,PPB,1 Hr,Valid
Phora Durbar Kathmandu,O3,2022-01-10 07:00 PM,2022,01,10,19,6.0,6,Good,2.0,PPB,1 Hr,Valid
Phora Durbar Kathmandu,O3,2022-01-10 08:00 PM,2022,01,10,20,6.0,6,Good,1.0,PPB,1 Hr,Valid
Phora Durbar Kathmandu,O3,2022-01-10 09:00 PM,2022,01,10,21,5.0,5,Good,1.0,PPB,1 Hr,Valid
Phora Durbar Kathmandu,O3,2022-01-10 10:00 PM,2022,01,10,22,5.0,5,Good,0.0,PPB,1 Hr,Valid
Phora Durbar Kathmandu,O3,2022-01-10 11:00 PM,2022,01,10,23,5.0,5,Good,0.0,PPB,1 Hr,Valid
Phora Durbar Kathmandu,O3,2022-01-11 12:00 AM,2022,01,11,00,5.0,5,Good,0.0,PPB,1 Hr,Valid
Phora Durbar Kathmandu,O3,2022-01-11 01:00 AM,2022,01,11,01,5.0,5,Good,0.0,PPB,1 Hr,Valid
Phora Durbar Kathmandu,O3,2022-01-11 02:00 AM,2022,01,11,02,5.0,5,Good,0.0,PPB,1 Hr,Valid
Phora Durbar Kathmandu,O3,2022-01-11 03:00 AM,2022,01,11,03,5.0,5,Good,0.0,PPB,1 Hr,Valid
Phora Durbar Kathmandu,O3,2022-01-11 04:00 AM,2022,01,11,04,5.0,5,Good,0.0,PPB,1 Hr,Valid
Phora Durbar Kathmandu,O3,2022-01-11 05:00 AM,2022,01,11,05,5.0,5,Good,0.0,PPB,1 Hr,Valid
Phora Durbar Kathmandu,O3,2022-01-11 06:00 AM,2022,01,11,06,5.0,5,Good,1.0,PPB,1 Hr,Valid
Phora Durbar Kathmandu,O3,2022-01-11 07:00 AM,2022,01,11,07,5.0,5,Good,0.0,PPB,1 Hr,Valid
Phora Durbar Kathmandu,O3,2022-01-11 08:00 AM,2022,01,11,08,5.0,5,Good,1.0,PPB,1 Hr,Valid
Phora Durbar Kathmandu,O3,2022-01-11 09:00 AM,2022,01,11,09,5.0,5,Good,1.0,PPB,1 Hr,Valid
Phora Durbar Kathmandu,O3,2022-01-11 10:00 AM,2022,01,11,10,9.0,8,Good,5.0,PPB,1 Hr,Valid
Phora Durbar Kathmandu,O3,2022-01-11 11:00 AM,2022,01,11,11,17.0,16,Good,15.0,PPB,1 Hr,Valid
Phora Durbar Kathmandu,O3,2022-01-11 12:00 PM,2022,01,11,12,29.0,27,Good,29.0,PPB,1 Hr,Valid
Phora Durbar Kathmandu,O3,2022-01-11 01:00 PM,2022,01,11,13,39.0,36,Good,41.0,PPB,1 Hr,Valid
Phora Durbar Kathmandu,O3,2022-01-11 02:00 PM,2022,01,11,14,40.0,37,Good,42.0,PPB,1 Hr,Valid
Phora Durbar Kathmandu,O3,2022-01-11 03:00 PM,2022,01,11,15,35.0,32,Good,36.0,PPB,1 Hr,Valid
Phora Durbar Kathmandu,O3,2022-01-11 04:00 PM,2022,01,11,16,32.0,30,Good,33.0,PPB,1 Hr,Valid
Phora Durbar Kathmandu,O3,2022-01-11 05:00 PM,2022,01,11,17,26.0,24,Good,25.0,PPB,1 Hr,Valid
Phora Durbar Kathmandu,O3,2022-01-11 06:00 PM,2022,01,11,18,17.0,16,Good,14.0,PPB,1 Hr,Valid
Phora Durbar Kathmandu,O3,2022-01-11 07:00 PM,2022,01,11,19,9.0,8,Good,6.0,PPB,1 Hr,Valid
Phora Durbar Kathmandu,O3,2022-01-11 08:00 PM,2022,01,11,20,7.0,6,Good,2.0,PPB,1 Hr,Valid
Phora Durbar Kathmandu,O3,2022-01-11 09:00 PM,2022,01,11,21,8.0,7,Good,4.0,PPB,1 Hr,Valid
Phora Durbar Kathmandu,O3,2022-01-11 10:00 PM,2022,01,11,22,5.0,5,Good,1.0,PPB,1 Hr,Valid
Phora Durbar Kathmandu,O3,2022-01-11 11:00 PM,2022,01,11,23,5.0,5,Good,1.0,PPB,1 Hr,Valid
Phora Durbar Kathmandu,O3,2022-01-12 12:00 AM,2022,01,12,00,5.0,5,Good,1.0,PPB,1 Hr,Valid
Phora Durbar Kathmandu,O3,2022-01-12 01:00 AM,2022,01,12,01,5.0,5,Good,1.0,PPB,1 Hr,Valid
Phora Durbar Kathmandu,O3,2022-01-12 02:00 AM,2022,01,12,02,5.0,5,Good,1.0,PPB,1 Hr,Valid
Phora Durbar Kathmandu,O3,2022-01-12 03:00 AM,2022,01,12,03,5.0,5,Good,1.0,PPB,1 Hr,Valid
Phora Durbar Kathmandu,O3,2022-01-12 04:00 AM,2022,01,12,04,6.0,6,Good,2.0,PPB,1 Hr,Valid
Phora Durbar Kathmandu,O3,2022-01-12 05:00 AM,2022,01,12,05,6.0,6,Good,2.0,PPB,1 Hr,Valid
Phora Durbar Kathmandu,O3,2022-01-12 06:00 AM,2022,01,12,06,5.0,5,Good,1.0,PPB,1 Hr,Valid
Phora Durbar Kathmandu,O3,2022-01-12 07:00 AM,2022,01,12,07,5.0,5,Good,-999.0,PPB,1 Hr,Missing
Phora Durbar Kathmandu,O3,2022-01-12 08:00 AM,2022,01,12,08,5.0,5,Good,1.0,PPB,1 Hr,Valid
Phora Durbar Kathmandu,O3,2022-01-12 09:00 AM,2022,01,12,09,6.0,6,Good,2.0,PPB,1 Hr,Valid
Phora Durbar Kathmandu,O3,2022-01-12 10:00 AM,2022,01,12,10,15.0,14,Good,12.0,PPB,1 Hr,Valid
Phora Durbar Kathmandu,O3,2022-01-12 11:00 AM,2022,01,12,11,30.0,28,Good,30.0,PPB,1 Hr,Valid
Phora Durbar Kathmandu,O3,2022-01-12 12:00 PM,2022,01,12,12,32.0,30,Good,33.0,PPB,1 Hr,Valid
Phora Durbar Kathmandu,O3,2022-01-12 01:00 PM,2022,01,12,13,28.0,26,Good,28.0,PPB,1 Hr,Valid
Phora Durbar Kathmandu,O3,2022-01-12 02:00 PM,2022,01,12,14,26.0,24,Good,25.0,PPB,1 Hr,Valid
Phora Durbar Kathmandu,O3,2022-01-12 03:00 PM,2022,01,12,15,26.0,24,Good,25.0,PPB,1 Hr,Valid
Phora Durbar Kathmandu,O3,2022-01-12 04:00 PM,2022,01,12,16,25.0,23,Good,24.0,PPB,1 Hr,Valid
Phora Durbar Kathmandu,O3,2022-01-12 05:00 PM,2022,01,12,17,24.0,22,Good,23.0,PPB,1 Hr,Valid
Phora Durbar Kathmandu,O3,2022-01-12 06:00 PM,2022,01,12,18,15.0,14,Good,12.0,PPB,1 Hr,Valid
Phora Durbar Kathmandu,O3,2022-01-12 07:00 PM,2022,01,12,19,11.0,10,Good,8.0,PPB,1 Hr,Valid
Phora Durbar Kathmandu,O3,2022-01-12 08:00 PM,2022,01,12,20,6.0,6,Good,2.0,PPB,1 Hr,Valid
Phora Durbar Kathmandu,O3,2022-01-12 09:00 PM,2022,01,12,21,6.0,6,Good,2.0,PPB,1 Hr,Valid
Phora Durbar Kathmandu,O3,2022-01-12 10:00 PM,2022,01,12,22,6.0,6,Good,2.0,PPB,1 Hr,Valid
Phora Durbar Kathmandu,O3,2022-01-12 11:00 PM,2022,01,12,23,6.0,6,Good,2.0,PPB,1 Hr,Valid
Phora Durbar Kathmandu,O3,2022-01-13 12:00 AM,2022,01,13,00,5.0,5,Good,1.0,PPB,1 Hr,Valid
Phora Durbar Kathmandu,O3,2022-01-13 01:00 AM,2022,01,13,01,5.0,5,Good,1.0,PPB,1 Hr,Valid
Phora Durbar Kathmandu,O3,2022-01-13 02:00 AM,2022,01,13,02,12.0,11,Good,9.0,PPB,1 Hr,Valid
Phora Durbar Kathmandu,O3,2022-01-13 03:00 AM,2022,01,13,03,17.0,16,Good,14.0,PPB,1 Hr,Valid
Phora Durbar Kathmandu,O3,2022-01-13 04:00 AM,2022,01,13,04,14.0,13,Good,12.0,PPB,1 Hr,Valid
Phora Durbar Kathmandu,O3,2022-01-13 05:00 AM,2022,01,13,05,7.0,6,Good,3.0,PPB,1 Hr,Valid
Phora Durbar Kathmandu,O3,2022-01-13 06:00 AM,2022,01,13,06,7.0,6,Good,3.0,PPB,1 Hr,Valid
Phora Durbar Kathmandu,O3,2022-01-13 07:00 AM,2022,01,13,07,5.0,5,Good,1.0,PPB,1 Hr,Valid
Phora Durbar Kathmandu,O3,2022-01-13 08:00 AM,2022,01,13,08,6.0,6,Good,1.0,PPB,1 Hr,Valid
Phora Durbar Kathmandu,O3,2022-01-13 09:00 AM,2022,01,13,09,8.0,7,Good,4.0,PPB,1 Hr,Valid
Phora Durbar Kathmandu,O3,2022-01-13 10:00 AM,2022,01,13,10,15.0,14,Good,12.0,PPB,1 Hr,Valid
Phora Durbar Kathmandu,O3,2022-01-13 11:00 AM,2022,01,13,11,25.0,23,Good,25.0,PPB,1 Hr,Valid
Phora Durbar Kathmandu,O3,2022-01-13 12:00 PM,2022,01,13,12,35.0,32,Good,36.0,PPB,1 Hr,Valid
Phora Durbar Kathmandu,O3,2022-01-13 01:00 PM,2022,01,13,13,41.0,38,Good,43.0,PPB,1 Hr,Valid
Phora Durbar Kathmandu,O3,2022-01-13 02:00 PM,2022,01,13,14,48.0,44,Good,51.0,PPB,1 Hr,Valid
Phora Durbar Kathmandu,O3,2022-01-13 03:00 PM,2022,01,13,15,40.0,37,Good,41.0,PPB,1 Hr,Valid
Phora Durbar Kathmandu,O3,2022-01-13 04:00 PM,2022,01,13,16,33.0,31,Good,34.0,PPB,1 Hr,Valid
Phora Durbar Kathmandu,O3,2022-01-13 05:00 PM,2022,01,13,17,26.0,24,Good,26.0,PPB,1 Hr,Valid
Phora Durbar Kathmandu,O3,2022-01-13 06:00 PM,2022,01,13,18,23.0,21,Good,22.0,PPB,1 Hr,Valid
Phora Durbar Kathmandu,O3,2022-01-13 07:00 PM,2022,01,13,19,16.0,15,Good,13.0,PPB,1 Hr,Valid
Phora Durbar Kathmandu,O3,2022-01-13 08:00 PM,2022,01,13,20,16.0,15,Good,13.0,PPB,1 Hr,Valid
Phora Durbar Kathmandu,O3,2022-01-13 09:00 PM,2022,01,13,21,8.0,7,Good,4.0,PPB,1 Hr,Valid
Phora Durbar Kathmandu,O3,2022-01-13 10:00 PM,2022,01,13,22,5.0,5,Good,1.0,PPB,1 Hr,Valid
Phora Durbar Kathmandu,O3,2022-01-13 11:00 PM,2022,01,13,23,5.0,5,Good,1.0,PPB,1 Hr,Valid
Phora Durbar Kathmandu,O3,2022-01-14 12:00 AM,2022,01,14,00,5.0,5,Good,1.0,PPB,1 Hr,Valid
Phora Durbar Kathmandu,O3,2022-01-14 01:00 AM,2022,01,14,01,6.0,6,Good,1.0,PPB,1 Hr,Valid
Phora Durbar Kathmandu,O3,2022-01-14 02:00 AM,2022,01,14,02,5.0,5,Good,1.0,PPB,1 Hr,Valid
Phora Durbar Kathmandu,O3,2022-01-14 03:00 AM,2022,01,14,03,5.0,5,Good,1.0,PPB,1 Hr,Valid
Phora Durbar Kathmandu,O3,2022-01-14 04:00 AM,2022,01,14,04,6.0,6,Good,1.0,PPB,1 Hr,Valid
Phora Durbar Kathmandu,O3,2022-01-14 05:00 AM,2022,01,14,05,5.0,5,Good,1.0,PPB,1 Hr,Valid
Phora Durbar Kathmandu,O3,2022-01-14 06:00 AM,2022,01,14,06,5.0,5,Good,1.0,PPB,1 Hr,Valid
Phora Durbar Kathmandu,O3,2022-01-14 07:00 AM,2022,01,14,07,6.0,6,Good,2.0,PPB,1 Hr,Valid
Phora Durbar Kathmandu,O3,2022-01-14 08:00 AM,2022,01,14,08,6.0,6,Good,1.0,PPB,1 Hr,Valid
Phora Durbar Kathmandu,O3,2022-01-14 09:00 AM,2022,01,14,09,6.0,6,Good,2.0,PPB,1 Hr,Valid
Phora Durbar Kathmandu,O3,2022-01-14 10:00 AM,2022,01,14,10,7.0,6,Good,4.0,PPB,1 Hr,Valid
Phora Durbar Kathmandu,O3,2022-01-14 11:00 AM,2022,01,14,11,15.0,14,Good,12.0,PPB,1 Hr,Valid
Phora Durbar Kathmandu,O3,2022-01-14 12:00 PM,2022,01,14,12,27.0,25,Good,26.0,PPB,1 Hr,Valid
Phora Durbar Kathmandu,O3,2022-01-14 01:00 PM,2022,01,14,13,34.0,31,Good,34.0,PPB,1 Hr,Valid
Phora Durbar Kathmandu,O3,2022-01-14 02:00 PM,2022,01,14,14,39.0,36,Good,40.0,PPB,1 Hr,Valid
Phora Durbar Kathmandu,O3,2022-01-14 03:00 PM,2022,01,14,15,39.0,36,Good,41.0,PPB,1 Hr,Valid
Phora Durbar Kathmandu,O3,2022-01-14 04:00 PM,2022,01,14,16,31.0,29,Good,31.0,PPB,1 Hr,Valid
Phora Durbar Kathmandu,O3,2022-01-14 05:00 PM,2022,01,14,17,27.0,25,Good,27.0,PPB,1 Hr,Valid
Phora Durbar Kathmandu,O3,2022-01-14 06:00 PM,2022,01,14,18,17.0,16,Good,15.0,PPB,1 Hr,Valid
Phora Durbar Kathmandu,O3,2022-01-14 07:00 PM,2022,01,14,19,9.0,8,Good,6.0,PPB,1 Hr,Valid
Phora Durbar Kathmandu,O3,2022-01-14 08:00 PM,2022,01,14,20,10.0,9,Good,6.0,PPB,1 Hr,Valid
Phora Durbar Kathmandu,O3,2022-01-14 09:00 PM,2022,01,14,21,6.0,6,Good,2.0,PPB,1 Hr,Valid
Phora Durbar Kathmandu,O3,2022-01-14 10:00 PM,2022,01,14,22,6.0,6,Good,2.0,PPB,1 Hr,Valid
Phora Durbar Kathmandu,O3,2022-01-14 11:00 PM,2022,01,14,23,6.0,6,Good,2.0,PPB,1 Hr,Valid
Phora Durbar Kathmandu,O3,2022-01-15 12:00 AM,2022,01,15,00,6.0,6,Good,1.0,PPB,1 Hr,Valid
Phora Durbar Kathmandu,O3,2022-01-15 01:00 AM,2022,01,15,01,6.0,6,Good,1.0,PPB,1 Hr,Valid
Phora Durbar Kathmandu,O3,2022-01-15 02:00 AM,2022,01,15,02,5.0,5,Good,1.0,PPB,1 Hr,Valid
Phora Durbar Kathmandu,O3,2022-01-15 03:00 AM,2022,01,15,03,5.0,5,Good,1.0,PPB,1 Hr,Valid
Phora Durbar Kathmandu,O3,2022-01-15 04:00 AM,2022,01,15,04,5.0,5,Good,1.0,PPB,1 Hr,Valid
Phora Durbar Kathmandu,O3,2022-01-15 05:00 AM,2022,01,15,05,5.0,5,Good,1.0,PPB,1 Hr,Valid
Phora Durbar Kathmandu,O3,2022-01-15 06:00 AM,2022,01,15,06,6.0,6,Good,2.0,PPB,1 Hr,Valid
Phora Durbar Kathmandu,O3,2022-01-15 07:00 AM,2022,01,15,07,5.0,5,Good,1.0,PPB,1 Hr,Valid
Phora Durbar Kathmandu,O3,2022-01-15 08:00 AM,2022,01,15,08,7.0,6,Good,3.0,PPB,1 Hr,Valid
Phora Durbar Kathmandu,O3,2022-01-15 09:00 AM,2022,01,15,09,8.0,7,Good,4.0,PPB,1 Hr,Valid
Phora Durbar Kathmandu,O3,2022-01-15 10:00 AM,2022,01,15,10,12.0,11,Good,9.0,PPB,1 Hr,Valid
Phora Durbar Kathmandu,O3,2022-01-15 11:00 AM,2022,01,15,11,22.0,20,Good,21.0,PPB,1 Hr,Valid
Phora Durbar Kathmandu,O3,2022-01-15 12:00 PM,2022,01,15,12,33.0,31,Good,34.0,PPB,1 Hr,Valid
Phora Durbar Kathmandu,O3,2022-01-15 01:00 PM,2022,01,15,13,35.0,32,Good,35.0,PPB,1 Hr,Valid
Phora Durbar Kathmandu,O3,2022-01-15 02:00 PM,2022,01,15,14,40.0,37,Good,42.0,PPB,1 Hr,Valid
Phora Durbar Kathmandu,O3,2022-01-15 03:00 PM,2022,01,15,15,37.0,34,Good,39.0,PPB,1 Hr,Valid
Phora Durbar Kathmandu,O3,2022-01-15 04:00 PM,2022,01,15,16,31.0,29,Good,31.0,PPB,1 Hr,Valid
Phora Durbar Kathmandu,O3,2022-01-15 05:00 PM,2022,01,15,17,30.0,28,Good,30.0,PPB,1 Hr,Valid
Phora Durbar Kathmandu,O3,2022-01-15 06:00 PM,2022,01,15,18,24.0,22,Good,23.0,PPB,1 Hr,Valid
Phora Durbar Kathmandu,O3,2022-01-15 07:00 PM,2022,01,15,19,20.0,19,Good,18.0,PPB,1 Hr,Valid
Phora Durbar Kathmandu,O3,2022-01-15 08:00 PM,2022,01,15,20,14.0,13,Good,11.0,PPB,1 Hr,Valid
Phora Durbar Kathmandu,O3,2022-01-15 09:00 PM,2022,01,15,21,9.0,8,Good,6.0,PPB,1 Hr,Valid
Phora Durbar Kathmandu,O3,2022-01-15 10:00 PM,2022,01,15,22,8.0,7,Good,4.0,PPB,1 Hr,Valid
Phora Durbar Kathmandu,O3,2022-01-15 11:00 PM,2022,01,15,23,5.0,5,Good,2.0,PPB,1 Hr,Valid
Phora Durbar Kathmandu,O3,2022-01-16 12:00 AM,2022,01,16,00,4.0,4,Good,3.0,PPB,1 Hr,Valid
Phora Durbar Kathmandu,O3,2022-01-16 01:00 AM,2022,01,16,01,4.0,4,Good,2.0,PPB,1 Hr,Valid
Phora Durbar Kathmandu,O3,2022-01-16 02:00 AM,2022,01,16,02,2.0,2,Good,2.0,PPB,1 Hr,Valid
Phora Durbar Kathmandu,O3,2022-01-16 03:00 AM,2022,01,16,03,2.0,2,Good,3.0,PPB,1 Hr,Valid
Phora Durbar Kathmandu,O3,2022-01-16 04:00 AM,2022,01,16,04,0.0,0,Good,1.0,PPB,1 Hr,Valid
Phora Durbar Kathmandu,O3,2022-01-16 05:00 AM,2022,01,16,05,0.0,0,Good,1.0,PPB,1 Hr,Valid
Phora Durbar Kathmandu,O3,2022-01-16 06:00 AM,2022,01,16,06,0.0,0,Good,1.0,PPB,1 Hr,Valid
Phora Durbar Kathmandu,O3,2022-01-16 07:00 AM,2022,01,16,07,0.0,0,Good,-999.0,PPB,1 Hr,Missing
Phora Durbar Kathmandu,O3,2022-01-16 08:00 AM,2022,01,16,08,5.0,5,Good,2.0,PPB,1 Hr,Valid
Phora Durbar Kathmandu,O3,2022-01-16 09:00 AM,2022,01,16,09,8.0,7,Good,4.0,PPB,1 Hr,Valid
Phora Durbar Kathmandu,O3,2022-01-16 10:00 AM,2022,01,16,10,13.0,12,Good,10.0,PPB,1 Hr,Valid
Phora Durbar Kathmandu,O3,2022-01-16 11:00 AM,2022,01,16,11,22.0,20,Good,30.0,PPB,1 Hr,Valid
Phora Durbar Kathmandu,O3,2022-01-16 12:00 PM,2022,01,16,12,26.0,24,Good,36.0,PPB,1 Hr,Valid
Phora Durbar Kathmandu,O3,2022-01-16 01:00 PM,2022,01,16,13,31.0,29,Good,38.0,PPB,1 Hr,Valid
Phora Durbar Kathmandu,O3,2022-01-16 02:00 PM,2022,01,16,14,35.0,32,Good,50.0,PPB,1 Hr,Valid
Phora Durbar Kathmandu,O3,2022-01-16 03:00 PM,2022,01,16,15,37.0,34,Good,50.0,PPB,1 Hr,Valid
Phora Durbar Kathmandu,O3,2022-01-16 04:00 PM,2022,01,16,16,34.0,31,Good,36.0,PPB,1 Hr,Valid
Phora Durbar Kathmandu,O3,2022-01-16 05:00 PM,2022,01,16,17,32.0,30,Good,27.0,PPB,1 Hr,Valid
Phora Durbar Kathmandu,O3,2022-01-16 06:00 PM,2022,01,16,18,28.0,26,Good,22.0,PPB,1 Hr,Valid
Phora Durbar Kathmandu,O3,2022-01-16 07:00 PM,2022,01,16,19,19.0,18,Good,7.0,PPB,1 Hr,Valid
Phora Durbar Kathmandu,O3,2022-01-16 08:00 PM,2022,01,16,20,13.0,12,Good,2.0,PPB,1 Hr,Valid
Phora Durbar Kathmandu,O3,2022-01-16 09:00 PM,2022,01,16,21,8.0,7,Good,1.0,PPB,1 Hr,Valid
Phora Durbar Kathmandu,O3,2022-01-16 10:00 PM,2022,01,16,22,3.0,3,Good,1.0,PPB,1 Hr,Valid
Phora Durbar Kathmandu,O3,2022-01-16 11:00 PM,2022,01,16,23,2.0,2,Good,0.0,PPB,1 Hr,Valid
Phora Durbar Kathmandu,O3,2022-01-17 12:00 AM,2022,01,17,00,1.0,1,Good,0.0,PPB,1 Hr,Valid
Phora Durbar Kathmandu,O3,2022-01-17 01:00 AM,2022,01,17,01,0.0,0,Good,1.0,PPB,1 Hr,Valid
Phora Durbar Kathmandu,O3,2022-01-17 02:00 AM,2022,01,17,02,0.0,0,Good,4.0,PPB,1 Hr,Valid
Phora Durbar Kathmandu,O3,2022-01-17 03:00 AM,2022,01,17,03,2.0,2,Good,5.0,PPB,1 Hr,Valid
Phora Durbar Kathmandu,O3,2022-01-17 04:00 AM,2022,01,17,04,2.0,2,Good,-999.0,PPB,1 Hr,Missing
Phora Durbar Kathmandu,O3,2022-01-17 05:00 AM,2022,01,17,05,3.0,3,Good,5.0,PPB,1 Hr,Valid
Phora Durbar Kathmandu,O3,2022-01-17 06:00 AM,2022,01,17,06,3.0,3,Good,4.0,PPB,1 Hr,Valid
Phora Durbar Kathmandu,O3,2022-01-17 07:00 AM,2022,01,17,07,4.0,4,Good,3.0,PPB,1 Hr,Valid
Phora Durbar Kathmandu,O3,2022-01-17 08:00 AM,2022,01,17,08,6.0,6,Good,2.0,PPB,1 Hr,Valid
Phora Durbar Kathmandu,O3,2022-01-17 09:00 AM,2022,01,17,09,9.0,8,Good,3.0,PPB,1 Hr,Valid
Phora Durbar Kathmandu,O3,2022-01-17 10:00 AM,2022,01,17,10,14.0,13,Good,7.0,PPB,1 Hr,Valid
Phora Durbar Kathmandu,O3,2022-01-17 11:00 AM,2022,01,17,11,19.0,18,Good,21.0,PPB,1 Hr,Valid
Phora Durbar Kathmandu,O3,2022-01-17 12:00 PM,2022,01,17,12,24.0,22,Good,32.0,PPB,1 Hr,Valid
Phora Durbar Kathmandu,O3,2022-01-17 01:00 PM,2022,01,17,13,28.0,26,Good,35.0,PPB,1 Hr,Valid
Phora Durbar Kathmandu,O3,2022-01-17 02:00 PM,2022,01,17,14,30.0,28,Good,38.0,PPB,1 Hr,Valid
Phora Durbar Kathmandu,O3,2022-01-17 03:00 PM,2022,01,17,15,33.0,31,Good,42.0,PPB,1 Hr,Valid
Phora Durbar Kathmandu,O3,2022-01-17 04:00 PM,2022,01,17,16,32.0,30,Good,38.0,PPB,1 Hr,Valid
Phora Durbar Kathmandu,O3,2022-01-17 05:00 PM,2022,01,17,17,29.0,27,Good,32.0,PPB,1 Hr,Valid
Phora Durbar Kathmandu,O3,2022-01-17 06:00 PM,2022,01,17,18,23.0,21,Good,17.0,PPB,1 Hr,Valid
Phora Durbar Kathmandu,O3,2022-01-17 07:00 PM,2022,01,17,19,19.0,18,Good,12.0,PPB,1 Hr,Valid
Phora Durbar Kathmandu,O3,2022-01-17 08:00 PM,2022,01,17,20,13.0,12,Good,5.0,PPB,1 Hr,Valid
Phora Durbar Kathmandu,O3,2022-01-17 09:00 PM,2022,01,17,21,9.0,8,Good,1.0,PPB,1 Hr,Valid
Phora Durbar Kathmandu,O3,2022-01-17 10:00 PM,2022,01,17,22,5.0,5,Good,1.0,PPB,1 Hr,Valid
Phora Durbar Kathmandu,O3,2022-01-17 11:00 PM,2022,01,17,23,2.0,2,Good,1.0,PPB,1 Hr,Valid
Phora Durbar Kathmandu,O3,2022-01-18 12:00 AM,2022,01,18,00,1.0,1,Good,1.0,PPB,1 Hr,Valid
Phora Durbar Kathmandu,O3,2022-01-18 01:00 AM,2022,01,18,01,1.0,1,Good,1.0,PPB,1 Hr,Valid
Phora Durbar Kathmandu,O3,2022-01-18 02:00 AM,2022,01,18,02,1.0,1,Good,1.0,PPB,1 Hr,Valid
Phora Durbar Kathmandu,O3,2022-01-18 03:00 AM,2022,01,18,03,1.0,1,Good,3.0,PPB,1 Hr,Valid
Phora Durbar Kathmandu,O3,2022-01-18 04:00 AM,2022,01,18,04,2.0,2,Good,2.0,PPB,1 Hr,Valid
Phora Durbar Kathmandu,O3,2022-01-18 05:00 AM,2022,01,18,05,4.0,4,Good,8.0,PPB,1 Hr,Valid
Phora Durbar Kathmandu,O3,2022-01-18 06:00 AM,2022,01,18,06,5.0,5,Good,9.0,PPB,1 Hr,Valid
Phora Durbar Kathmandu,O3,2022-01-18 07:00 AM,2022,01,18,07,5.0,5,Good,2.0,PPB,1 Hr,Valid
Phora Durbar Kathmandu,O3,2022-01-18 08:00 AM,2022,01,18,08,10.0,9,Good,7.0,PPB,1 Hr,Valid
Phora Durbar Kathmandu,O3,2022-01-18 09:00 AM,2022,01,18,09,13.0,12,Good,7.0,PPB,1 Hr,Valid
Phora Durbar Kathmandu,O3,2022-01-18 10:00 AM,2022,01,18,10,17.0,16,Good,11.0,PPB,1 Hr,Valid
Phora Durbar Kathmandu,O3,2022-01-18 11:00 AM,2022,01,18,11,21.0,19,Good,19.0,PPB,1 Hr,Valid
Phora Durbar Kathmandu,O3,2022-01-18 12:00 PM,2022,01,18,12,28.0,26,Good,36.0,PPB,1 Hr,Valid
Phora Durbar Kathmandu,O3,2022-01-18 01:00 PM,2022,01,18,13,30.0,28,Good,35.0,PPB,1 Hr,Valid
Phora Durbar Kathmandu,O3,2022-01-18 02:00 PM,2022,01,18,14,28.0,26,Good,27.0,PPB,1 Hr,Valid
Phora Durbar Kathmandu,O3,2022-01-18 03:00 PM,2022,01,18,15,30.0,28,Good,37.0,PPB,1 Hr,Valid
Phora Durbar Kathmandu,O3,2022-01-18 04:00 PM,2022,01,18,16,27.0,25,Good,32.0,PPB,1 Hr,Valid
Phora Durbar Kathmandu,O3,2022-01-18 05:00 PM,2022,01,18,17,26.0,24,Good,30.0,PPB,1 Hr,Valid
Phora Durbar Kathmandu,O3,2022-01-18 06:00 PM,2022,01,18,18,22.0,20,Good,23.0,PPB,1 Hr,Valid
Phora Durbar Kathmandu,O3,2022-01-18 07:00 PM,2022,01,18,19,19.0,18,Good,11.0,PPB,1 Hr,Valid
Phora Durbar Kathmandu,O3,2022-01-18 08:00 PM,2022,01,18,20,14.0,13,Good,5.0,PPB,1 Hr,Valid
Phora Durbar Kathmandu,O3,2022-01-18 09:00 PM,2022,01,18,21,10.0,9,Good,2.0,PPB,1 Hr,Valid
Phora Durbar Kathmandu,O3,2022-01-18 10:00 PM,2022,01,18,22,7.0,6,Good,6.0,PPB,1 Hr,Valid
Phora Durbar Kathmandu,O3,2022-01-18 11:00 PM,2022,01,18,23,5.0,5,Good,5.0,PPB,1 Hr,Valid
Phora Durbar Kathmandu,O3,2022-01-19 12:00 AM,2022,01,19,00,4.0,4,Good,1.0,PPB,1 Hr,Valid
Phora Durbar Kathmandu,O3,2022-01-19 01:00 AM,2022,01,19,01,4.0,4,Good,1.0,PPB,1 Hr,Valid
Phora Durbar Kathmandu,O3,2022-01-19 02:00 AM,2022,01,19,02,4.0,4,Good,3.0,PPB,1 Hr,Valid
Phora Durbar Kathmandu,O3,2022-01-19 03:00 AM,2022,01,19,03,2.0,2,Good,1.0,PPB,1 Hr,Valid
Phora Durbar Kathmandu,O3,2022-01-19 04:00 AM,2022,01,19,04,1.0,1,Good,1.0,PPB,1 Hr,Valid
Phora Durbar Kathmandu,O3,2022-01-19 05:00 AM,2022,01,19,05,0.0,0,Good,0.0,PPB,1 Hr,Valid
Phora Durbar Kathmandu,O3,2022-01-19 06:00 AM,2022,01,19,06,2.0,2,Good,1.0,PPB,1 Hr,Valid
Phora Durbar Kathmandu,O3,2022-01-19 07:00 AM,2022,01,19,07,2.0,2,Good,-999.0,PPB,1 Hr,Missing
Phora Durbar Kathmandu,O3,2022-01-19 08:00 AM,2022,01,19,08,6.0,6,Good,1.0,PPB,1 Hr,Valid
Phora Durbar Kathmandu,O3,2022-01-19 09:00 AM,2022,01,19,09,9.0,8,Good,3.0,PPB,1 Hr,Valid
Phora Durbar Kathmandu,O3,2022-01-19 10:00 AM,2022,01,19,10,15.0,14,Good,13.0,PPB,1 Hr,Valid
Phora Durbar Kathmandu,O3,2022-01-19 11:00 AM,2022,01,19,11,23.0,21,Good,31.0,PPB,1 Hr,Valid
Phora Durbar Kathmandu,O3,2022-01-19 12:00 PM,2022,01,19,12,30.0,28,Good,47.0,PPB,1 Hr,Valid
Phora Durbar Kathmandu,O3,2022-01-19 01:00 PM,2022,01,19,13,33.0,31,Good,43.0,PPB,1 Hr,Valid
Phora Durbar Kathmandu,O3,2022-01-19 02:00 PM,2022,01,19,14,37.0,34,Good,43.0,PPB,1 Hr,Valid
Phora Durbar Kathmandu,O3,2022-01-19 03:00 PM,2022,01,19,15,35.0,32,Good,36.0,PPB,1 Hr,Valid
Phora Durbar Kathmandu,O3,2022-01-19 04:00 PM,2022,01,19,16,32.0,30,Good,34.0,PPB,1 Hr,Valid
Phora Durbar Kathmandu,O3,2022-01-19 05:00 PM,2022,01,19,17,27.0,25,Good,31.0,PPB,1 Hr,Valid
Phora Durbar Kathmandu,O3,2022-01-19 06:00 PM,2022,01,19,18,23.0,21,Good,28.0,PPB,1 Hr,Valid
Phora Durbar Kathmandu,O3,2022-01-19 07:00 PM,2022,01,19,19,22.0,20,Good,23.0,PPB,1 Hr,Valid
Phora Durbar Kathmandu,O3,2022-01-19 08:00 PM,2022,01,19,20,17.0,16,Good,8.0,PPB,1 Hr,Valid
Phora Durbar Kathmandu,O3,2022-01-19 09:00 PM,2022,01,19,21,15.0,14,Good,6.0,PPB,1 Hr,Valid
Phora Durbar Kathmandu,O3,2022-01-19 10:00 PM,2022,01,19,22,10.0,9,Good,3.0,PPB,1 Hr,Valid
Phora Durbar Kathmandu,O3,2022-01-19 11:00 PM,2022,01,19,23,7.0,6,Good,1.0,PPB,1 Hr,Valid
Phora Durbar Kathmandu,O3,2022-01-20 12:00 AM,2022,01,20,00,3.0,3,Good,2.0,PPB,1 Hr,Valid
Phora Durbar Kathmandu,O3,2022-01-20 01:00 AM,2022,01,20,01,7.0,6,Good,10.0,PPB,1 Hr,Valid
Phora Durbar Kathmandu,O3,2022-01-20 02:00 AM,2022,01,20,02,3.0,3,Good,7.0,PPB,1 Hr,Valid
Phora Durbar Kathmandu,O3,2022-01-20 03:00 AM,2022,01,20,03,3.0,3,Good,5.0,PPB,1 Hr,Valid
Phora Durbar Kathmandu,O3,2022-01-20 04:00 AM,2022,01,20,04,7.0,6,Good,8.0,PPB,1 Hr,Valid
Phora Durbar Kathmandu,O3,2022-01-20 05:00 AM,2022,01,20,05,6.0,6,Good,4.0,PPB,1 Hr,Valid
Phora Durbar Kathmandu,O3,2022-01-20 06:00 AM,2022,01,20,06,4.0,4,Good,2.0,PPB,1 Hr,Valid
Phora Durbar Kathmandu,O3,2022-01-20 07:00 AM,2022,01,20,07,4.0,4,Good,5.0,PPB,1 Hr,Valid
Phora Durbar Kathmandu,O3,2022-01-20 08:00 AM,2022,01,20,08,7.0,6,Good,7.0,PPB,1 Hr,Valid
Phora Durbar Kathmandu,O3,2022-01-20 09:00 AM,2022,01,20,09,9.0,8,Good,4.0,PPB,1 Hr,Valid
Phora Durbar Kathmandu,O3,2022-01-20 10:00 AM,2022,01,20,10,14.0,13,Good,6.0,PPB,1 Hr,Valid
Phora Durbar Kathmandu,O3,2022-01-20 11:00 AM,2022,01,20,11,19.0,18,Good,13.0,PPB,1 Hr,Valid
Phora Durbar Kathmandu,O3,2022-01-20 12:00 PM,2022,01,20,12,21.0,19,Good,21.0,PPB,1 Hr,Valid
Phora Durbar Kathmandu,O3,2022-01-20 01:00 PM,2022,01,20,13,22.0,20,Good,27.0,PPB,1 Hr,Valid
Phora Durbar Kathmandu,O3,2022-01-20 02:00 PM,2022,01,20,14,21.0,19,Good,17.0,PPB,1 Hr,Valid
Phora Durbar Kathmandu,O3,2022-01-20 03:00 PM,2022,01,20,15,21.0,19,Good,17.0,PPB,1 Hr,Valid
Phora Durbar Kathmandu,O3,2022-01-20 04:00 PM,2022,01,20,16,18.0,17,Good,18.0,PPB,1 Hr,Valid
Phora Durbar Kathmandu,O3,2022-01-20 05:00 PM,2022,01,20,17,15.0,14,Good,15.0,PPB,1 Hr,Valid
Phora Durbar Kathmandu,O3,2022-01-20 06:00 PM,2022,01,20,18,10.0,9,Good,10.0,PPB,1 Hr,Valid
Phora Durbar Kathmandu,O3,2022-01-20 07:00 PM,2022,01,20,19,10.0,9,Good,6.0,PPB,1 Hr,Valid
Phora Durbar Kathmandu,O3,2022-01-20 08:00 PM,2022,01,20,20,9.0,8,Good,7.0,PPB,1 Hr,Valid
Phora Durbar Kathmandu,O3,2022-01-20 09:00 PM,2022,01,20,21,7.0,6,Good,2.0,PPB,1 Hr,Valid
Phora Durbar Kathmandu,O3,2022-01-20 10:00 PM,2022,01,20,22,5.0,5,Good,1.0,PPB,1 Hr,Valid
Phora Durbar Kathmandu,O3,2022-01-20 11:00 PM,2022,01,20,23,4.0,4,Good,3.0,PPB,1 Hr,Valid
Phora Durbar Kathmandu,O3,2022-01-21 12:00 AM,2022,01,21,00,4.0,4,Good,2.0,PPB,1 Hr,Valid
Phora Durbar Kathmandu,O3,2022-01-21 01:00 AM,2022,01,21,01,2.0,2,Good,2.0,PPB,1 Hr,Valid
Phora Durbar Kathmandu,O3,2022-01-21 02:00 AM,2022,01,21,02,1.0,1,Good,2.0,PPB,1 Hr,Valid
Phora Durbar Kathmandu,O3,2022-01-21 03:00 AM,2022,01,21,03,0.0,0,Good,2.0,PPB,1 Hr,Valid
Phora Durbar Kathmandu,O3,2022-01-21 04:00 AM,2022,01,21,04,2.0,2,Good,2.0,PPB,1 Hr,Valid
Phora Durbar Kathmandu,O3,2022-01-21 05:00 AM,2022,01,21,05,4.0,4,Good,2.0,PPB,1 Hr,Valid
Phora Durbar Kathmandu,O3,2022-01-21 06:00 AM,2022,01,21,06,5.0,5,Good,1.0,PPB,1 Hr,Valid
Phora Durbar Kathmandu,O3,2022-01-21 07:00 AM,2022,01,21,07,6.0,6,Good,1.0,PPB,1 Hr,Valid
Phora Durbar Kathmandu,O3,2022-01-21 08:00 AM,2022,01,21,08,8.0,7,Good,2.0,PPB,1 Hr,Valid
Phora Durbar Kathmandu,O3,2022-01-21 09:00 AM,2022,01,21,09,10.0,9,Good,6.0,PPB,1 Hr,Valid
Phora Durbar Kathmandu,O3,2022-01-21 10:00 AM,2022,01,21,10,14.0,13,Good,13.0,PPB,1 Hr,Valid
Phora Durbar Kathmandu,O3,2022-01-21 11:00 AM,2022,01,21,11,19.0,18,Good,21.0,PPB,1 Hr,Valid
Phora Durbar Kathmandu,O3,2022-01-21 12:00 PM,2022,01,21,12,20.0,19,Good,28.0,PPB,1 Hr,Valid
Phora Durbar Kathmandu,O3,2022-01-21 01:00 PM,2022,01,21,13,23.0,21,Good,30.0,PPB,1 Hr,Valid
Phora Durbar Kathmandu,O3,2022-01-21 02:00 PM,2022,01,21,14,27.0,25,Good,31.0,PPB,1 Hr,Valid
Phora Durbar Kathmandu,O3,2022-01-21 03:00 PM,2022,01,21,15,30.0,28,Good,31.0,PPB,1 Hr,Valid
Phora Durbar Kathmandu,O3,2022-01-21 04:00 PM,2022,01,21,16,28.0,26,Good,31.0,PPB,1 Hr,Valid
Phora Durbar Kathmandu,O3,2022-01-21 05:00 PM,2022,01,21,17,25.0,23,Good,25.0,PPB,1 Hr,Valid
Phora Durbar Kathmandu,O3,2022-01-21 06:00 PM,2022,01,21,18,21.0,19,Good,15.0,PPB,1 Hr,Valid
Phora Durbar Kathmandu,O3,2022-01-21 07:00 PM,2022,01,21,19,16.0,15,Good,10.0,PPB,1 Hr,Valid
Phora Durbar Kathmandu,O3,2022-01-21 08:00 PM,2022,01,21,20,17.0,16,Good,15.0,PPB,1 Hr,Valid
Phora Durbar Kathmandu,O3,2022-01-21 09:00 PM,2022,01,21,21,10.0,9,Good,2.0,PPB,1 Hr,Valid
Phora Durbar Kathmandu,O3,2022-01-21 10:00 PM,2022,01,21,22,6.0,6,Good,1.0,PPB,1 Hr,Valid
Phora Durbar Kathmandu,O3,2022-01-21 11:00 PM,2022,01,21,23,4.0,4,Good,1.0,PPB,1 Hr,Valid
Phora Durbar Kathmandu,O3,2022-01-22 12:00 AM,2022,01,22,00,5.0,5,Good,1.0,PPB,1 Hr,Valid
Phora Durbar Kathmandu,O3,2022-01-22 01:00 AM,2022,01,22,01,1.0,1,Good,1.0,PPB,1 Hr,Valid
Phora Durbar Kathmandu,O3,2022-01-22 02:00 AM,2022,01,22,02,1.0,1,Good,1.0,PPB,1 Hr,Valid
Phora Durbar Kathmandu,O3,2022-01-22 03:00 AM,2022,01,22,03,1.0,1,Good,1.0,PPB,1 Hr,Valid
Phora Durbar Kathmandu,O3,2022-01-22 04:00 AM,2022,01,22,04,4.0,4,Good,2.0,PPB,1 Hr,Valid
Phora Durbar Kathmandu,O3,2022-01-22 05:00 AM,2022,01,22,05,2.0,2,Good,2.0,PPB,1 Hr,Valid
Phora Durbar Kathmandu,O3,2022-01-22 06:00 AM,2022,01,22,06,3.0,3,Good,1.0,PPB,1 Hr,Valid
Phora Durbar Kathmandu,O3,2022-01-22 07:00 AM,2022,01,22,07,4.0,4,Good,1.0,PPB,1 Hr,Valid
Phora Durbar Kathmandu,O3,2022-01-22 08:00 AM,2022,01,22,08,5.0,5,Good,1.0,PPB,1 Hr,Valid
Phora Durbar Kathmandu,O3,2022-01-22 09:00 AM,2022,01,22,09,9.0,8,Good,2.0,PPB,1 Hr,Valid
Phora Durbar Kathmandu,O3,2022-01-22 10:00 AM,2022,01,22,10,9.0,8,Good,5.0,PPB,1 Hr,Valid
Phora Durbar Kathmandu,O3,2022-01-22 11:00 AM,2022,01,22,11,13.0,12,Good,15.0,PPB,1 Hr,Valid
Phora Durbar Kathmandu,O3,2022-01-22 12:00 PM,2022,01,22,12,20.0,19,Good,33.0,PPB,1 Hr,Valid
Phora Durbar Kathmandu,O3,2022-01-22 01:00 PM,2022,01,22,13,27.0,25,Good,43.0,PPB,1 Hr,Valid
Phora Durbar Kathmandu,O3,2022-01-22 02:00 PM,2022,01,22,14,28.0,26,Good,34.0,PPB,1 Hr,Valid
Phora Durbar Kathmandu,O3,2022-01-22 03:00 PM,2022,01,22,15,30.0,28,Good,31.0,PPB,1 Hr,Valid
Phora Durbar Kathmandu,O3,2022-01-22 04:00 PM,2022,01,22,16,31.0,29,Good,29.0,PPB,1 Hr,Valid
Phora Durbar Kathmandu,O3,2022-01-22 05:00 PM,2022,01,22,17,28.0,26,Good,26.0,PPB,1 Hr,Valid
Phora Durbar Kathmandu,O3,2022-01-22 06:00 PM,2022,01,22,18,25.0,23,Good,23.0,PPB,1 Hr,Valid
Phora Durbar Kathmandu,O3,2022-01-22 07:00 PM,2022,01,22,19,17.0,16,Good,12.0,PPB,1 Hr,Valid
Phora Durbar Kathmandu,O3,2022-01-22 08:00 PM,2022,01,22,20,13.0,12,Good,6.0,PPB,1 Hr,Valid
Phora Durbar Kathmandu,O3,2022-01-22 09:00 PM,2022,01,22,21,9.0,8,Good,2.0,PPB,1 Hr,Valid
Phora Durbar Kathmandu,O3,2022-01-22 10:00 PM,2022,01,22,22,7.0,6,Good,1.0,PPB,1 Hr,Valid
Phora Durbar Kathmandu,O3,2022-01-22 11:00 PM,2022,01,22,23,5.0,5,Good,1.0,PPB,1 Hr,Valid
Phora Durbar Kathmandu,O3,2022-01-23 12:00 AM,2022,01,23,00,4.0,4,Good,1.0,PPB,1 Hr,Valid
Phora Durbar Kathmandu,O3,2022-01-23 01:00 AM,2022,01,23,01,3.0,3,Good,1.0,PPB,1 Hr,Valid
Phora Durbar Kathmandu,O3,2022-01-23 02:00 AM,2022,01,23,02,2.0,2,Good,1.0,PPB,1 Hr,Valid
Phora Durbar Kathmandu,O3,2022-01-23 03:00 AM,2022,01,23,03,3.0,3,Good,1.0,PPB,1 Hr,Valid
Phora Durbar Kathmandu,O3,2022-01-23 04:00 AM,2022,01,23,04,2.0,2,Good,1.0,PPB,1 Hr,Valid
Phora Durbar Kathmandu,O3,2022-01-23 05:00 AM,2022,01,23,05,1.0,1,Good,1.0,PPB,1 Hr,Valid
Phora Durbar Kathmandu,O3,2022-01-23 06:00 AM,2022,01,23,06,1.0,1,Good,1.0,PPB,1 Hr,Valid
Phora Durbar Kathmandu,O3,2022-01-23 07:00 AM,2022,01,23,07,1.0,1,Good,-999.0,PPB,1 Hr,Missing
Phora Durbar Kathmandu,O3,2022-01-23 08:00 AM,2022,01,23,08,3.0,3,Good,2.0,PPB,1 Hr,Valid
Phora Durbar Kathmandu,O3,2022-01-23 09:00 AM,2022,01,23,09,5.0,5,Good,4.0,PPB,1 Hr,Valid
Phora Durbar Kathmandu,O3,2022-01-23 10:00 AM,2022,01,23,10,12.0,11,Good,13.0,PPB,1 Hr,Valid
Phora Durbar Kathmandu,O3,2022-01-23 11:00 AM,2022,01,23,11,17.0,16,Good,23.0,PPB,1 Hr,Valid
Phora Durbar Kathmandu,O3,2022-01-23 12:00 PM,2022,01,23,12,20.0,19,Good,29.0,PPB,1 Hr,Valid
Phora Durbar Kathmandu,O3,2022-01-23 01:00 PM,2022,01,23,13,23.0,21,Good,32.0,PPB,1 Hr,Valid
Phora Durbar Kathmandu,O3,2022-01-23 02:00 PM,2022,01,23,14,26.0,24,Good,35.0,PPB,1 Hr,Valid
Phora Durbar Kathmandu,O3,2022-01-23 03:00 PM,2022,01,23,15,28.0,26,Good,34.0,PPB,1 Hr,Valid
Phora Durbar Kathmandu,O3,2022-01-23 04:00 PM,2022,01,23,16,28.0,26,Good,31.0,PPB,1 Hr,Valid
Phora Durbar Kathmandu,O3,2022-01-23 05:00 PM,2022,01,23,17,25.0,23,Good,27.0,PPB,1 Hr,Valid
Phora Durbar Kathmandu,O3,2022-01-23 06:00 PM,2022,01,23,18,18.0,17,Good,8.0,PPB,1 Hr,Valid
Phora Durbar Kathmandu,O3,2022-01-23 07:00 PM,2022,01,23,19,16.0,15,Good,10.0,PPB,1 Hr,Valid
Phora Durbar Kathmandu,O3,2022-01-23 08:00 PM,2022,01,23,20,9.0,8,Good,4.0,PPB,1 Hr,Valid
Phora Durbar Kathmandu,O3,2022-01-23 09:00 PM,2022,01,23,21,7.0,6,Good,4.0,PPB,1 Hr,Valid
Phora Durbar Kathmandu,O3,2022-01-23 10:00 PM,2022,01,23,22,6.0,6,Good,5.0,PPB,1 Hr,Valid
Phora Durbar Kathmandu,O3,2022-01-23 11:00 PM,2022,01,23,23,4.0,4,Good,3.0,PPB,1 Hr,Valid
Phora Durbar Kathmandu,O3,2022-01-24 12:00 AM,2022,01,24,00,4.0,4,Good,4.0,PPB,1 Hr,Valid
Phora Durbar Kathmandu,O3,2022-01-24 01:00 AM,2022,01,24,01,4.0,4,Good,4.0,PPB,1 Hr,Valid
Phora Durbar Kathmandu,O3,2022-01-24 02:00 AM,2022,01,24,02,3.0,3,Good,2.0,PPB,1 Hr,Valid
Phora Durbar Kathmandu,O3,2022-01-24 03:00 AM,2022,01,24,03,3.0,3,Good,1.0,PPB,1 Hr,Valid
Phora Durbar Kathmandu,O3,2022-01-24 04:00 AM,2022,01,24,04,3.0,3,Good,-999.0,PPB,1 Hr,Missing
Phora Durbar Kathmandu,O3,2022-01-24 05:00 AM,2022,01,24,05,2.0,2,Good,2.0,PPB,1 Hr,Valid
Phora Durbar Kathmandu,O3,2022-01-24 06:00 AM,2022,01,24,06,3.0,3,Good,1.0,PPB,1 Hr,Valid
Phora Durbar Kathmandu,O3,2022-01-24 07:00 AM,2022,01,24,07,4.0,4,Good,2.0,PPB,1 Hr,Valid
Phora Durbar Kathmandu,O3,2022-01-24 08:00 AM,2022,01,24,08,6.0,6,Good,1.0,PPB,1 Hr,Valid
Phora Durbar Kathmandu,O3,2022-01-24 09:00 AM,2022,01,24,09,10.0,9,Good,4.0,PPB,1 Hr,Valid
Phora Durbar Kathmandu,O3,2022-01-24 10:00 AM,2022,01,24,10,14.0,13,Good,12.0,PPB,1 Hr,Valid
Phora Durbar Kathmandu,O3,2022-01-24 11:00 AM,2022,01,24,11,19.0,18,Good,24.0,PPB,1 Hr,Valid
Phora Durbar Kathmandu,O3,2022-01-24 12:00 PM,2022,01,24,12,22.0,20,Good,30.0,PPB,1 Hr,Valid
Phora Durbar Kathmandu,O3,2022-01-24 01:00 PM,2022,01,24,13,24.0,22,Good,33.0,PPB,1 Hr,Valid
Phora Durbar Kathmandu,O3,2022-01-24 02:00 PM,2022,01,24,14,24.0,22,Good,27.0,PPB,1 Hr,Valid
Phora Durbar Kathmandu,O3,2022-01-24 03:00 PM,2022,01,24,15,28.0,26,Good,32.0,PPB,1 Hr,Valid
Phora Durbar Kathmandu,O3,2022-01-24 04:00 PM,2022,01,24,16,28.0,26,Good,36.0,PPB,1 Hr,Valid
Phora Durbar Kathmandu,O3,2022-01-24 05:00 PM,2022,01,24,17,22.0,20,Good,22.0,PPB,1 Hr,Valid
Phora Durbar Kathmandu,O3,2022-01-24 06:00 PM,2022,01,24,18,19.0,18,Good,17.0,PPB,1 Hr,Valid
Phora Durbar Kathmandu,O3,2022-01-24 07:00 PM,2022,01,24,19,19.0,18,Good,15.0,PPB,1 Hr,Valid
Phora Durbar Kathmandu,O3,2022-01-24 08:00 PM,2022,01,24,20,19.0,18,Good,23.0,PPB,1 Hr,Valid
Phora Durbar Kathmandu,O3,2022-01-24 09:00 PM,2022,01,24,21,16.0,15,Good,19.0,PPB,1 Hr,Valid
Phora Durbar Kathmandu,O3,2022-01-24 10:00 PM,2022,01,24,22,16.0,15,Good,14.0,PPB,1 Hr,Valid
Phora Durbar Kathmandu,O3,2022-01-24 11:00 PM,2022,01,24,23,11.0,10,Good,7.0,PPB,1 Hr,Valid
Phora Durbar Kathmandu,O3,2022-01-25 12:00 AM,2022,01,25,00,9.0,8,Good,2.0,PPB,1 Hr,Valid
Phora Durbar Kathmandu,O3,2022-01-25 01:00 AM,2022,01,25,01,5.0,5,Good,2.0,PPB,1 Hr,Valid
Phora Durbar Kathmandu,O3,2022-01-25 02:00 AM,2022,01,25,02,2.0,2,Good,1.0,PPB,1 Hr,Valid
Phora Durbar Kathmandu,O3,2022-01-25 03:00 AM,2022,01,25,03,1.0,1,Good,1.0,PPB,1 Hr,Valid
Phora Durbar Kathmandu,O3,2022-01-25 04:00 AM,2022,01,25,04,1.0,1,Good,1.0,PPB,1 Hr,Valid
Phora Durbar Kathmandu,O3,2022-01-25 05:00 AM,2022,01,25,05,1.0,1,Good,1.0,PPB,1 Hr,Valid
Phora Durbar Kathmandu,O3,2022-01-25 06:00 AM,2022,01,25,06,2.0,2,Good,1.0,PPB,1 Hr,Valid
Phora Durbar Kathmandu,O3,2022-01-25 07:00 AM,2022,01,25,07,4.0,4,Good,2.0,PPB,1 Hr,Valid
Phora Durbar Kathmandu,O3,2022-01-25 08:00 AM,2022,01,25,08,6.0,6,Good,2.0,PPB,1 Hr,Valid
Phora Durbar Kathmandu,O3,2022-01-25 09:00 AM,2022,01,25,09,11.0,10,Good,7.0,PPB,1 Hr,Valid
Phora Durbar Kathmandu,O3,2022-01-25 10:00 AM,2022,01,25,10,14.0,13,Good,13.0,PPB,1 Hr,Valid
Phora Durbar Kathmandu,O3,2022-01-25 11:00 AM,2022,01,25,11,20.0,19,Good,28.0,PPB,1 Hr,Valid
Phora Durbar Kathmandu,O3,2022-01-25 12:00 PM,2022,01,25,12,25.0,23,Good,41.0,PPB,1 Hr,Valid
Phora Durbar Kathmandu,O3,2022-01-25 01:00 PM,2022,01,25,13,28.0,26,Good,38.0,PPB,1 Hr,Valid
Phora Durbar Kathmandu,O3,2022-01-25 02:00 PM,2022,01,25,14,32.0,30,Good,37.0,PPB,1 Hr,Valid
Phora Durbar Kathmandu,O3,2022-01-25 03:00 PM,2022,01,25,15,34.0,31,Good,35.0,PPB,1 Hr,Valid
Phora Durbar Kathmandu,O3,2022-01-25 04:00 PM,2022,01,25,16,31.0,29,Good,36.0,PPB,1 Hr,Valid
Phora Durbar Kathmandu,O3,2022-01-25 05:00 PM,2022,01,25,17,29.0,27,Good,33.0,PPB,1 Hr,Valid
Phora Durbar Kathmandu,O3,2022-01-25 06:00 PM,2022,01,25,18,26.0,24,Good,24.0,PPB,1 Hr,Valid
Phora Durbar Kathmandu,O3,2022-01-25 07:00 PM,2022,01,25,19,24.0,22,Good,24.0,PPB,1 Hr,Valid
Phora Durbar Kathmandu,O3,2022-01-25 08:00 PM,2022,01,25,20,20.0,19,Good,19.0,PPB,1 Hr,Valid
Phora Durbar Kathmandu,O3,2022-01-25 09:00 PM,2022,01,25,21,17.0,16,Good,17.0,PPB,1 Hr,Valid
Phora Durbar Kathmandu,O3,2022-01-25 10:00 PM,2022,01,25,22,9.0,8,Good,2.0,PPB,1 Hr,Valid
Phora Durbar Kathmandu,O3,2022-01-25 11:00 PM,2022,01,25,23,10.0,9,Good,7.0,PPB,1 Hr,Valid
Phora Durbar Kathmandu,O3,2022-01-26 12:00 AM,2022,01,26,00,7.0,6,Good,5.0,PPB,1 Hr,Valid
Phora Durbar Kathmandu,O3,2022-01-26 01:00 AM,2022,01,26,01,7.0,6,Good,10.0,PPB,1 Hr,Valid
Phora Durbar Kathmandu,O3,2022-01-26 02:00 AM,2022,01,26,02,8.0,7,Good,13.0,PPB,1 Hr,Valid
Phora Durbar Kathmandu,O3,2022-01-26 03:00 AM,2022,01,26,03,9.0,8,Good,9.0,PPB,1 Hr,Valid
Phora Durbar Kathmandu,O3,2022-01-26 04:00 AM,2022,01,26,04,8.0,7,Good,10.0,PPB,1 Hr,Valid
Phora Durbar Kathmandu,O3,2022-01-26 05:00 AM,2022,01,26,05,8.0,7,Good,4.0,PPB,1 Hr,Valid
Phora Durbar Kathmandu,O3,2022-01-26 06:00 AM,2022,01,26,06,7.0,6,Good,2.0,PPB,1 Hr,Valid
Phora Durbar Kathmandu,O3,2022-01-26 07:00 AM,2022,01,26,07,7.0,6,Good,-999.0,PPB,1 Hr,Missing
Phora Durbar Kathmandu,O3,2022-01-26 08:00 AM,2022,01,26,08,7.0,6,Good,1.0,PPB,1 Hr,Valid
Phora Durbar Kathmandu,O3,2022-01-26 09:00 AM,2022,01,26,09,12.0,11,Good,8.0,PPB,1 Hr,Valid
Phora Durbar Kathmandu,O3,2022-01-26 10:00 AM,2022,01,26,10,18.0,17,Good,21.0,PPB,1 Hr,Valid
Phora Durbar Kathmandu,O3,2022-01-26 11:00 AM,2022,01,26,11,19.0,18,Good,25.0,PPB,1 Hr,Valid
Phora Durbar Kathmandu,O3,2022-01-26 12:00 PM,2022,01,26,12,24.0,22,Good,31.0,PPB,1 Hr,Valid
Phora Durbar Kathmandu,O3,2022-01-26 01:00 PM,2022,01,26,13,28.0,26,Good,36.0,PPB,1 Hr,Valid
Phora Durbar Kathmandu,O3,2022-01-26 02:00 PM,2022,01,26,14,33.0,31,Good,37.0,PPB,1 Hr,Valid
Phora Durbar Kathmandu,O3,2022-01-26 03:00 PM,2022,01,26,15,32.0,30,Good,38.0,PPB,1 Hr,Valid
Phora Durbar Kathmandu,O3,2022-01-26 04:00 PM,2022,01,26,16,31.0,29,Good,38.0,PPB,1 Hr,Valid
Phora Durbar Kathmandu,O3,2022-01-26 05:00 PM,2022,01,26,17,31.0,29,Good,38.0,PPB,1 Hr,Valid
Phora Durbar Kathmandu,O3,2022-01-26 06:00 PM,2022,01,26,18,30.0,28,Good,34.0,PPB,1 Hr,Valid
Phora Durbar Kathmandu,O3,2022-01-26 07:00 PM,2022,01,26,19,28.0,26,Good,27.0,PPB,1 Hr,Valid
Phora Durbar Kathmandu,O3,2022-01-26 08:00 PM,2022,01,26,20,25.0,23,Good,26.0,PPB,1 Hr,Valid
Phora Durbar Kathmandu,O3,2022-01-26 09:00 PM,2022,01,26,21,25.0,23,Good,24.0,PPB,1 Hr,Valid
Phora Durbar Kathmandu,O3,2022-01-26 10:00 PM,2022,01,26,22,23.0,21,Good,22.0,PPB,1 Hr,Valid
Phora Durbar Kathmandu,O3,2022-01-26 11:00 PM,2022,01,26,23,19.0,18,Good,10.0,PPB,1 Hr,Valid
Phora Durbar Kathmandu,O3,2022-01-27 12:00 AM,2022,01,27,00,16.0,15,Good,12.0,PPB,1 Hr,Valid
Phora Durbar Kathmandu,O3,2022-01-27 01:00 AM,2022,01,27,01,15.0,14,Good,15.0,PPB,1 Hr,Valid
Phora Durbar Kathmandu,O3,2022-01-27 02:00 AM,2022,01,27,02,14.0,13,Good,19.0,PPB,1 Hr,Valid
Phora Durbar Kathmandu,O3,2022-01-27 03:00 AM,2022,01,27,03,13.0,12,Good,22.0,PPB,1 Hr,Valid
Phora Durbar Kathmandu,O3,2022-01-27 04:00 AM,2022,01,27,04,13.0,12,Good,16.0,PPB,1 Hr,Valid
Phora Durbar Kathmandu,O3,2022-01-27 05:00 AM,2022,01,27,05,15.0,14,Good,15.0,PPB,1 Hr,Valid
Phora Durbar Kathmandu,O3,2022-01-27 06:00 AM,2022,01,27,06,14.0,13,Good,8.0,PPB,1 Hr,Valid
Phora Durbar Kathmandu,O3,2022-01-27 07:00 AM,2022,01,27,07,13.0,12,Good,1.0,PPB,1 Hr,Valid
Phora Durbar Kathmandu,O3,2022-01-27 08:00 AM,2022,01,27,08,14.0,13,Good,3.0,PPB,1 Hr,Valid
Phora Durbar Kathmandu,O3,2022-01-27 09:00 AM,2022,01,27,09,15.0,14,Good,8.0,PPB,1 Hr,Valid
Phora Durbar Kathmandu,O3,2022-01-27 10:00 AM,2022,01,27,10,18.0,17,Good,21.0,PPB,1 Hr,Valid
Phora Durbar Kathmandu,O3,2022-01-27 11:00 AM,2022,01,27,11,22.0,20,Good,33.0,PPB,1 Hr,Valid
Phora Durbar Kathmandu,O3,2022-01-27 12:00 PM,2022,01,27,12,27.0,25,Good,40.0,PPB,1 Hr,Valid
Phora Durbar Kathmandu,O3,2022-01-27 01:00 PM,2022,01,27,13,32.0,30,Good,41.0,PPB,1 Hr,Valid
Phora Durbar Kathmandu,O3,2022-01-27 02:00 PM,2022,01,27,14,37.0,34,Good,43.0,PPB,1 Hr,Valid
Phora Durbar Kathmandu,O3,2022-01-27 03:00 PM,2022,01,27,15,40.0,37,Good,46.0,PPB,1 Hr,Valid
Phora Durbar Kathmandu,O3,2022-01-27 04:00 PM,2022,01,27,16,38.0,35,Good,41.0,PPB,1 Hr,Valid
Phora Durbar Kathmandu,O3,2022-01-27 05:00 PM,2022,01,27,17,38.0,35,Good,37.0,PPB,1 Hr,Valid
Phora Durbar Kathmandu,O3,2022-01-27 06:00 PM,2022,01,27,18,36.0,33,Good,33.0,PPB,1 Hr,Valid
Phora Durbar Kathmandu,O3,2022-01-27 07:00 PM,2022,01,27,19,33.0,31,Good,31.0,PPB,1 Hr,Valid
Phora Durbar Kathmandu,O3,2022-01-27 08:00 PM,2022,01,27,20,29.0,27,Good,28.0,PPB,1 Hr,Valid
Phora Durbar Kathmandu,O3,2022-01-27 09:00 PM,2022,01,27,21,26.0,24,Good,27.0,PPB,1 Hr,Valid
Phora Durbar Kathmandu,O3,2022-01-27 10:00 PM,2022,01,27,22,24.0,22,Good,23.0,PPB,1 Hr,Valid
Phora Durbar Kathmandu,O3,2022-01-27 11:00 PM,2022,01,27,23,22.0,20,Good,19.0,PPB,1 Hr,Valid
Phora Durbar Kathmandu,O3,2022-01-28 12:00 AM,2022,01,28,00,23.0,21,Good,21.0,PPB,1 Hr,Valid
Phora Durbar Kathmandu,O3,2022-01-28 01:00 AM,2022,01,28,01,20.0,19,Good,17.0,PPB,1 Hr,Valid
Phora Durbar Kathmandu,O3,2022-01-28 02:00 AM,2022,01,28,02,16.0,15,Good,14.0,PPB,1 Hr,Valid
Phora Durbar Kathmandu,O3,2022-01-28 03:00 AM,2022,01,28,03,12.0,11,Good,9.0,PPB,1 Hr,Valid
Phora Durbar Kathmandu,O3,2022-01-28 04:00 AM,2022,01,28,04,10.0,9,Good,8.0,PPB,1 Hr,Valid
Phora Durbar Kathmandu,O3,2022-01-28 05:00 AM,2022,01,28,05,9.0,8,Good,10.0,PPB,1 Hr,Valid
Phora Durbar Kathmandu,O3,2022-01-28 06:00 AM,2022,01,28,06,10.0,9,Good,10.0,PPB,1 Hr,Valid
Phora Durbar Kathmandu,O3,2022-01-28 07:00 AM,2022,01,28,07,9.0,8,Good,2.0,PPB,1 Hr,Valid
Phora Durbar Kathmandu,O3,2022-01-28 08:00 AM,2022,01,28,08,14.0,13,Good,6.0,PPB,1 Hr,Valid
Phora Durbar Kathmandu,O3,2022-01-28 09:00 AM,2022,01,28,09,20.0,19,Good,18.0,PPB,1 Hr,Valid
Phora Durbar Kathmandu,O3,2022-01-28 10:00 AM,2022,01,28,10,24.0,22,Good,29.0,PPB,1 Hr,Valid
Phora Durbar Kathmandu,O3,2022-01-28 11:00 AM,2022,01,28,11,26.0,24,Good,35.0,PPB,1 Hr,Valid
Phora Durbar Kathmandu,O3,2022-01-28 12:00 PM,2022,01,28,12,34.0,31,Good,43.0,PPB,1 Hr,Valid
Phora Durbar Kathmandu,O3,2022-01-28 01:00 PM,2022,01,28,13,37.0,34,Good,41.0,PPB,1 Hr,Valid
Phora Durbar Kathmandu,O3,2022-01-28 02:00 PM,2022,01,28,14,38.0,35,Good,40.0,PPB,1 Hr,Valid
Phora Durbar Kathmandu,O3,2022-01-28 03:00 PM,2022,01,28,15,40.0,37,Good,42.0,PPB,1 Hr,Valid
Phora Durbar Kathmandu,O3,2022-01-28 04:00 PM,2022,01,28,16,39.0,36,Good,37.0,PPB,1 Hr,Valid
Phora Durbar Kathmandu,O3,2022-01-28 05:00 PM,2022,01,28,17,38.0,35,Good,37.0,PPB,1 Hr,Valid
Phora Durbar Kathmandu,O3,2022-01-28 06:00 PM,2022,01,28,18,32.0,30,Good,27.0,PPB,1 Hr,Valid
Phora Durbar Kathmandu,O3,2022-01-28 07:00 PM,2022,01,28,19,25.0,23,Good,18.0,PPB,1 Hr,Valid
Phora Durbar Kathmandu,O3,2022-01-28 08:00 PM,2022,01,28,20,18.0,17,Good,10.0,PPB,1 Hr,Valid
Phora Durbar Kathmandu,O3,2022-01-28 09:00 PM,2022,01,28,21,16.0,15,Good,9.0,PPB,1 Hr,Valid
Phora Durbar Kathmandu,O3,2022-01-28 10:00 PM,2022,01,28,22,12.0,11,Good,6.0,PPB,1 Hr,Valid
Phora Durbar Kathmandu,O3,2022-01-28 11:00 PM,2022,01,28,23,9.0,8,Good,2.0,PPB,1 Hr,Valid
Phora Durbar Kathmandu,O3,2022-01-29 12:00 AM,2022,01,29,00,6.0,6,Good,5.0,PPB,1 Hr,Valid
Phora Durbar Kathmandu,O3,2022-01-29 01:00 AM,2022,01,29,01,2.0,2,Good,2.0,PPB,1 Hr,Valid
Phora Durbar Kathmandu,O3,2022-01-29 02:00 AM,2022,01,29,02,1.0,1,Good,1.0,PPB,1 Hr,Valid
Phora Durbar Kathmandu,O3,2022-01-29 03:00 AM,2022,01,29,03,1.0,1,Good,5.0,PPB,1 Hr,Valid
Phora Durbar Kathmandu,O3,2022-01-29 04:00 AM,2022,01,29,04,2.0,2,Good,2.0,PPB,1 Hr,Valid
Phora Durbar Kathmandu,O3,2022-01-29 05:00 AM,2022,01,29,05,1.0,1,Good,1.0,PPB,1 Hr,Valid
Phora Durbar Kathmandu,O3,2022-01-29 06:00 AM,2022,01,29,06,3.0,3,Good,1.0,PPB,1 Hr,Valid
Phora Durbar Kathmandu,O3,2022-01-29 07:00 AM,2022,01,29,07,5.0,5,Good,1.0,PPB,1 Hr,Valid
Phora Durbar Kathmandu,O3,2022-01-29 08:00 AM,2022,01,29,08,9.0,8,Good,2.0,PPB,1 Hr,Valid
Phora Durbar Kathmandu,O3,2022-01-29 09:00 AM,2022,01,29,09,9.0,8,Good,6.0,PPB,1 Hr,Valid
Phora Durbar Kathmandu,O3,2022-01-29 10:00 AM,2022,01,29,10,12.0,11,Good,15.0,PPB,1 Hr,Valid
Phora Durbar Kathmandu,O3,2022-01-29 11:00 AM,2022,01,29,11,18.0,17,Good,32.0,PPB,1 Hr,Valid
Phora Durbar Kathmandu,O3,2022-01-29 12:00 PM,2022,01,29,12,25.0,23,Good,42.0,PPB,1 Hr,Valid
Phora Durbar Kathmandu,O3,2022-01-29 01:00 PM,2022,01,29,13,31.0,29,Good,46.0,PPB,1 Hr,Valid
Phora Durbar Kathmandu,O3,2022-01-29 02:00 PM,2022,01,29,14,36.0,33,Good,45.0,PPB,1 Hr,Valid
Phora Durbar Kathmandu,O3,2022-01-29 03:00 PM,2022,01,29,15,38.0,35,Good,43.0,PPB,1 Hr,Valid
Phora Durbar Kathmandu,O3,2022-01-29 04:00 PM,2022,01,29,16,39.0,36,Good,41.0,PPB,1 Hr,Valid
Phora Durbar Kathmandu,O3,2022-01-29 05:00 PM,2022,01,29,17,39.0,36,Good,38.0,PPB,1 Hr,Valid
Phora Durbar Kathmandu,O3,2022-01-29 06:00 PM,2022,01,29,18,35.0,32,Good,34.0,PPB,1 Hr,Valid
Phora Durbar Kathmandu,O3,2022-01-29 07:00 PM,2022,01,29,19,34.0,31,Good,32.0,PPB,1 Hr,Valid
Phora Durbar Kathmandu,O3,2022-01-29 08:00 PM,2022,01,29,20,28.0,26,Good,29.0,PPB,1 Hr,Valid
Phora Durbar Kathmandu,O3,2022-01-29 09:00 PM,2022,01,29,21,24.0,22,Good,24.0,PPB,1 Hr,Valid
Phora Durbar Kathmandu,O3,2022-01-29 10:00 PM,2022,01,29,22,15.0,14,Good,7.0,PPB,1 Hr,Valid
Phora Durbar Kathmandu,O3,2022-01-29 11:00 PM,2022,01,29,23,11.0,10,Good,2.0,PPB,1 Hr,Valid
Phora Durbar Kathmandu,O3,2022-01-30 12:00 AM,2022,01,30,00,8.0,7,Good,4.0,PPB,1 Hr,Valid
Phora Durbar Kathmandu,O3,2022-01-30 01:00 AM,2022,01,30,01,5.0,5,Good,6.0,PPB,1 Hr,Valid
Phora Durbar Kathmandu,O3,2022-01-30 02:00 AM,2022,01,30,02,2.0,2,Good,5.0,PPB,1 Hr,Valid
Phora Durbar Kathmandu,O3,2022-01-30 03:00 AM,2022,01,30,03,2.0,2,Good,2.0,PPB,1 Hr,Valid
Phora Durbar Kathmandu,O3,2022-01-30 04:00 AM,2022,01,30,04,2.0,2,Good,2.0,PPB,1 Hr,Valid
Phora Durbar Kathmandu,O3,2022-01-30 05:00 AM,2022,01,30,05,1.0,1,Good,2.0,PPB,1 Hr,Valid
Phora Durbar Kathmandu,O3,2022-01-30 06:00 AM,2022,01,30,06,3.0,3,Good,6.0,PPB,1 Hr,Valid
Phora Durbar Kathmandu,O3,2022-01-30 07:00 AM,2022,01,30,07,3.0,3,Good,-999.0,PPB,1 Hr,Missing
Phora Durbar Kathmandu,O3,2022-01-30 08:00 AM,2022,01,30,08,8.0,7,Good,2.0,PPB,1 Hr,Valid
Phora Durbar Kathmandu,O3,2022-01-30 09:00 AM,2022,01,30,09,11.0,10,Good,6.0,PPB,1 Hr,Valid
Phora Durbar Kathmandu,O3,2022-01-30 10:00 AM,2022,01,30,10,18.0,17,Good,17.0,PPB,1 Hr,Valid
Phora Durbar Kathmandu,O3,2022-01-30 11:00 AM,2022,01,30,11,23.0,21,Good,29.0,PPB,1 Hr,Valid
Phora Durbar Kathmandu,O3,2022-01-30 12:00 PM,2022,01,30,12,27.0,25,Good,34.0,PPB,1 Hr,Valid
Phora Durbar Kathmandu,O3,2022-01-30 01:00 PM,2022,01,30,13,32.0,30,Good,35.0,PPB,1 Hr,Valid
Phora Durbar Kathmandu,O3,2022-01-30 02:00 PM,2022,01,30,14,33.0,31,Good,35.0,PPB,1 Hr,Valid
Phora Durbar Kathmandu,O3,2022-01-30 03:00 PM,2022,01,30,15,32.0,30,Good,32.0,PPB,1 Hr,Valid
Phora Durbar Kathmandu,O3,2022-01-30 04:00 PM,2022,01,30,16,30.0,28,Good,31.0,PPB,1 Hr,Valid
Phora Durbar Kathmandu,O3,2022-01-30 05:00 PM,2022,01,30,17,27.0,25,Good,27.0,PPB,1 Hr,Valid
Phora Durbar Kathmandu,O3,2022-01-30 06:00 PM,2022,01,30,18,22.0,20,Good,20.0,PPB,1 Hr,Valid
Phora Durbar Kathmandu,O3,2022-01-30 07:00 PM,2022,01,30,19,20.0,19,Good,18.0,PPB,1 Hr,Valid
Phora Durbar Kathmandu,O3,2022-01-30 08:00 PM,2022,01,30,20,17.0,16,Good,17.0,PPB,1 Hr,Valid
Phora Durbar Kathmandu,O3,2022-01-30 09:00 PM,2022,01,30,21,17.0,16,Good,22.0,PPB,1 Hr,Valid
Phora Durbar Kathmandu,O3,2022-01-30 10:00 PM,2022,01,30,22,18.0,17,Good,24.0,PPB,1 Hr,Valid
Phora Durbar Kathmandu,O3,2022-01-30 11:00 PM,2022,01,30,23,20.0,19,Good,23.0,PPB,1 Hr,Valid
Phora Durbar Kathmandu,O3,2022-01-31 12:00 AM,2022,01,31,00,23.0,21,Good,29.0,PPB,1 Hr,Valid
Phora Durbar Kathmandu,O3,2022-01-31 01:00 AM,2022,01,31,01,23.0,21,Good,25.0,PPB,1 Hr,Valid
Phora Durbar Kathmandu,O3,2022-01-31 02:00 AM,2022,01,31,02,19.0,18,Good,17.0,PPB,1 Hr,Valid
Phora Durbar Kathmandu,O3,2022-01-31 03:00 AM,2022,01,31,03,16.0,15,Good,14.0,PPB,1 Hr,Valid
Phora Durbar Kathmandu,O3,2022-01-31 04:00 AM,2022,01,31,04,16.0,15,Good,-999.0,PPB,1 Hr,Missing
Phora Durbar Kathmandu,O3,2022-01-31 05:00 AM,2022,01,31,05,8.0,7,Good,5.0,PPB,1 Hr,Valid
Phora Durbar Kathmandu,O3,2022-01-31 06:00 AM,2022,01,31,06,7.0,6,Good,3.0,PPB,1 Hr,Valid
Phora Durbar Kathmandu,O3,2022-01-31 07:00 AM,2022,01,31,07,8.0,7,Good,1.0,PPB,1 Hr,Valid
Phora Durbar Kathmandu,O3,2022-01-31 08:00 AM,2022,01,31,08,10.0,9,Good,3.0,PPB,1 Hr,Valid
Phora Durbar Kathmandu,O3,2022-01-31 09:00 AM,2022,01,31,09,12.0,11,Good,5.0,PPB,1 Hr,Valid
Phora Durbar Kathmandu,O3,2022-01-31 10:00 AM,2022,01,31,10,17.0,16,Good,16.0,PPB,1 Hr,Valid
Phora Durbar Kathmandu,O3,2022-01-31 11:00 AM,2022,01,31,11,23.0,21,Good,32.0,PPB,1 Hr,Valid
Phora Durbar Kathmandu,O3,2022-01-31 12:00 PM,2022,01,31,12,26.0,24,Good,33.0,PPB,1 Hr,Valid
Phora Durbar Kathmandu,O3,2022-01-31 01:00 PM,2022,01,31,13,31.0,29,Good,38.0,PPB,1 Hr,Valid
Phora Durbar Kathmandu,O3,2022-01-31 02:00 PM,2022,01,31,14,35.0,32,Good,44.0,PPB,1 Hr,Valid
Phora Durbar Kathmandu,O3,2022-01-31 03:00 PM,2022,01,31,15,40.0,37,Good,48.0,PPB,1 Hr,Valid
Phora Durbar Kathmandu,O3,2022-01-31 04:00 PM,2022,01,31,16,38.0,35,Good,42.0,PPB,1 Hr,Valid
Phora Durbar Kathmandu,O3,2022-01-31 05:00 PM,2022,01,31,17,37.0,34,Good,37.0,PPB,1 Hr,Valid
Phora Durbar Kathmandu,O3,2022-01-31 06:00 PM,2022,01,31,18,33.0,31,Good,25.0,PPB,1 Hr,Valid
Phora Durbar Kathmandu,O3,2022-01-31 07:00 PM,2022,01,31,19,29.0,27,Good,21.0,PPB,1 Hr,Valid
Phora Durbar Kathmandu,O3,2022-01-31 08:00 PM,2022,01,31,20,24.0,22,Good,21.0,PPB,1 Hr,Valid
Phora Durbar Kathmandu,O3,2022-01-31 09:00 PM,2022,01,31,21,19.0,18,Good,19.0,PPB,1 Hr,Valid
Phora Durbar Kathmandu,O3,2022-01-31 10:00 PM,2022,01,31,22,13.0,12,Good,5.0,PPB,1 Hr,Valid
Phora Durbar Kathmandu,O3,2022-01-31 11:00 PM,2022,01,31,23,12.0,11,Good,5.0,PPB,1 Hr,Valid
Phora Durbar Kathmandu,O3,2022-02-01 12:00 AM,2022,02,01,00,11.0,10,Good,10.0,PPB,1 Hr,Valid
Phora Durbar Kathmandu,O3,2022-02-01 01:00 AM,2022,02,01,01,8.0,7,Good,7.0,PPB,1 Hr,Valid
